"ConfigurationId","TargetModule","RandomSeed","AlgorithmIterations","TotalTime","Coverage","Size","Length","FailingSize","FailingLength","CoverageTimeline_T1","CoverageTimeline_T2","CoverageTimeline_T3","CoverageTimeline_T4","CoverageTimeline_T5","CoverageTimeline_T6","CoverageTimeline_T7","CoverageTimeline_T8","CoverageTimeline_T9","CoverageTimeline_T10","CoverageTimeline_T11","CoverageTimeline_T12","CoverageTimeline_T13","CoverageTimeline_T14","CoverageTimeline_T15","CoverageTimeline_T16","CoverageTimeline_T17","CoverageTimeline_T18","CoverageTimeline_T19","CoverageTimeline_T20","CoverageTimeline_T21","CoverageTimeline_T22","CoverageTimeline_T23","CoverageTimeline_T24","CoverageTimeline_T25","CoverageTimeline_T26","CoverageTimeline_T27","CoverageTimeline_T28","CoverageTimeline_T29","CoverageTimeline_T30","CoverageTimeline_T31","CoverageTimeline_T32","CoverageTimeline_T33","CoverageTimeline_T34","CoverageTimeline_T35","CoverageTimeline_T36","CoverageTimeline_T37","CoverageTimeline_T38","CoverageTimeline_T39","CoverageTimeline_T40","CoverageTimeline_T41","CoverageTimeline_T42","CoverageTimeline_T43","CoverageTimeline_T44","CoverageTimeline_T45","CoverageTimeline_T46","CoverageTimeline_T47","CoverageTimeline_T48","CoverageTimeline_T49","CoverageTimeline_T50","CoverageTimeline_T51","CoverageTimeline_T52","CoverageTimeline_T53","CoverageTimeline_T54","CoverageTimeline_T55","CoverageTimeline_T56","CoverageTimeline_T57","CoverageTimeline_T58","CoverageTimeline_T59","CoverageTimeline_T60","CoverageTimeline_T61","CoverageTimeline_T62","CoverageTimeline_T63","CoverageTimeline_T64","CoverageTimeline_T65","CoverageTimeline_T66","CoverageTimeline_T67","CoverageTimeline_T68","CoverageTimeline_T69","CoverageTimeline_T70","CoverageTimeline_T71","CoverageTimeline_T72","CoverageTimeline_T73","CoverageTimeline_T74","CoverageTimeline_T75","CoverageTimeline_T76","CoverageTimeline_T77","CoverageTimeline_T78","CoverageTimeline_T79","CoverageTimeline_T80","CoverageTimeline_T81","CoverageTimeline_T82","CoverageTimeline_T83","CoverageTimeline_T84","CoverageTimeline_T85","CoverageTimeline_T86","CoverageTimeline_T87","CoverageTimeline_T88","CoverageTimeline_T89","CoverageTimeline_T90","CoverageTimeline_T91","CoverageTimeline_T92","CoverageTimeline_T93","CoverageTimeline_T94","CoverageTimeline_T95","CoverageTimeline_T96","CoverageTimeline_T97","CoverageTimeline_T98","CoverageTimeline_T99","CoverageTimeline_T100","CoverageTimeline_T101","CoverageTimeline_T102","CoverageTimeline_T103","CoverageTimeline_T104","CoverageTimeline_T105","CoverageTimeline_T106","CoverageTimeline_T107","CoverageTimeline_T108","CoverageTimeline_T109","CoverageTimeline_T110","CoverageTimeline_T111","CoverageTimeline_T112","CoverageTimeline_T113","CoverageTimeline_T114","CoverageTimeline_T115","CoverageTimeline_T116","CoverageTimeline_T117","CoverageTimeline_T118","CoverageTimeline_T119","CoverageTimeline_T120","CoverageTimeline_T121","CoverageTimeline_T122","CoverageTimeline_T123","CoverageTimeline_T124","CoverageTimeline_T125","CoverageTimeline_T126","CoverageTimeline_T127","CoverageTimeline_T128","CoverageTimeline_T129","CoverageTimeline_T130","CoverageTimeline_T131","CoverageTimeline_T132","CoverageTimeline_T133","CoverageTimeline_T134","CoverageTimeline_T135","CoverageTimeline_T136","CoverageTimeline_T137","CoverageTimeline_T138","CoverageTimeline_T139","CoverageTimeline_T140","CoverageTimeline_T141","CoverageTimeline_T142","CoverageTimeline_T143","CoverageTimeline_T144","CoverageTimeline_T145","CoverageTimeline_T146","CoverageTimeline_T147","CoverageTimeline_T148","CoverageTimeline_T149","CoverageTimeline_T150","CoverageTimeline_T151","CoverageTimeline_T152","CoverageTimeline_T153","CoverageTimeline_T154","CoverageTimeline_T155","CoverageTimeline_T156","CoverageTimeline_T157","CoverageTimeline_T158","CoverageTimeline_T159","CoverageTimeline_T160","CoverageTimeline_T161","CoverageTimeline_T162","CoverageTimeline_T163","CoverageTimeline_T164","CoverageTimeline_T165","CoverageTimeline_T166","CoverageTimeline_T167","CoverageTimeline_T168","CoverageTimeline_T169","CoverageTimeline_T170","CoverageTimeline_T171","CoverageTimeline_T172","CoverageTimeline_T173","CoverageTimeline_T174","CoverageTimeline_T175","CoverageTimeline_T176","CoverageTimeline_T177","CoverageTimeline_T178","CoverageTimeline_T179","CoverageTimeline_T180","CoverageTimeline_T181","CoverageTimeline_T182","CoverageTimeline_T183","CoverageTimeline_T184","CoverageTimeline_T185","CoverageTimeline_T186","CoverageTimeline_T187","CoverageTimeline_T188","CoverageTimeline_T189","CoverageTimeline_T190","CoverageTimeline_T191","CoverageTimeline_T192","CoverageTimeline_T193","CoverageTimeline_T194","CoverageTimeline_T195","CoverageTimeline_T196","CoverageTimeline_T197","CoverageTimeline_T198","CoverageTimeline_T199","CoverageTimeline_T200","CoverageTimeline_T201","CoverageTimeline_T202","CoverageTimeline_T203","CoverageTimeline_T204","CoverageTimeline_T205","CoverageTimeline_T206","CoverageTimeline_T207","CoverageTimeline_T208","CoverageTimeline_T209","CoverageTimeline_T210","CoverageTimeline_T211","CoverageTimeline_T212","CoverageTimeline_T213","CoverageTimeline_T214","CoverageTimeline_T215","CoverageTimeline_T216","CoverageTimeline_T217","CoverageTimeline_T218","CoverageTimeline_T219","CoverageTimeline_T220","CoverageTimeline_T221","CoverageTimeline_T222","CoverageTimeline_T223","CoverageTimeline_T224","CoverageTimeline_T225","CoverageTimeline_T226","CoverageTimeline_T227","CoverageTimeline_T228","CoverageTimeline_T229","CoverageTimeline_T230","CoverageTimeline_T231","CoverageTimeline_T232","CoverageTimeline_T233","CoverageTimeline_T234","CoverageTimeline_T235","CoverageTimeline_T236","CoverageTimeline_T237","CoverageTimeline_T238","CoverageTimeline_T239","CoverageTimeline_T240","CoverageTimeline_T241","CoverageTimeline_T242","CoverageTimeline_T243","CoverageTimeline_T244","CoverageTimeline_T245","CoverageTimeline_T246","CoverageTimeline_T247","CoverageTimeline_T248","CoverageTimeline_T249","CoverageTimeline_T250","CoverageTimeline_T251","CoverageTimeline_T252","CoverageTimeline_T253","CoverageTimeline_T254","CoverageTimeline_T255","CoverageTimeline_T256","CoverageTimeline_T257","CoverageTimeline_T258","CoverageTimeline_T259","CoverageTimeline_T260","CoverageTimeline_T261","CoverageTimeline_T262","CoverageTimeline_T263","CoverageTimeline_T264","CoverageTimeline_T265","CoverageTimeline_T266","CoverageTimeline_T267","CoverageTimeline_T268","CoverageTimeline_T269","CoverageTimeline_T270","CoverageTimeline_T271","CoverageTimeline_T272","CoverageTimeline_T273","CoverageTimeline_T274","CoverageTimeline_T275","CoverageTimeline_T276","CoverageTimeline_T277","CoverageTimeline_T278","CoverageTimeline_T279","CoverageTimeline_T280","CoverageTimeline_T281","CoverageTimeline_T282","CoverageTimeline_T283","CoverageTimeline_T284","CoverageTimeline_T285","CoverageTimeline_T286","CoverageTimeline_T287","CoverageTimeline_T288","CoverageTimeline_T289","CoverageTimeline_T290","CoverageTimeline_T291","CoverageTimeline_T292","CoverageTimeline_T293","CoverageTimeline_T294","CoverageTimeline_T295","CoverageTimeline_T296","CoverageTimeline_T297","CoverageTimeline_T298","CoverageTimeline_T299","CoverageTimeline_T300","CoverageTimeline_T301","CoverageTimeline_T302","CoverageTimeline_T303","CoverageTimeline_T304","CoverageTimeline_T305","CoverageTimeline_T306","CoverageTimeline_T307","CoverageTimeline_T308","CoverageTimeline_T309","CoverageTimeline_T310","CoverageTimeline_T311","CoverageTimeline_T312","CoverageTimeline_T313","CoverageTimeline_T314","CoverageTimeline_T315","CoverageTimeline_T316","CoverageTimeline_T317","CoverageTimeline_T318","CoverageTimeline_T319","CoverageTimeline_T320","CoverageTimeline_T321","CoverageTimeline_T322","CoverageTimeline_T323","CoverageTimeline_T324","CoverageTimeline_T325","CoverageTimeline_T326","CoverageTimeline_T327","CoverageTimeline_T328","CoverageTimeline_T329","CoverageTimeline_T330","CoverageTimeline_T331","CoverageTimeline_T332","CoverageTimeline_T333","CoverageTimeline_T334","CoverageTimeline_T335","CoverageTimeline_T336","CoverageTimeline_T337","CoverageTimeline_T338","CoverageTimeline_T339","CoverageTimeline_T340","CoverageTimeline_T341","CoverageTimeline_T342","CoverageTimeline_T343","CoverageTimeline_T344","CoverageTimeline_T345","CoverageTimeline_T346","CoverageTimeline_T347","CoverageTimeline_T348","CoverageTimeline_T349","CoverageTimeline_T350","CoverageTimeline_T351","CoverageTimeline_T352","CoverageTimeline_T353","CoverageTimeline_T354","CoverageTimeline_T355","CoverageTimeline_T356","CoverageTimeline_T357","CoverageTimeline_T358","CoverageTimeline_T359","CoverageTimeline_T360","CoverageTimeline_T361","CoverageTimeline_T362","CoverageTimeline_T363","CoverageTimeline_T364","CoverageTimeline_T365","CoverageTimeline_T366","CoverageTimeline_T367","CoverageTimeline_T368","CoverageTimeline_T369","CoverageTimeline_T370","CoverageTimeline_T371","CoverageTimeline_T372","CoverageTimeline_T373","CoverageTimeline_T374","CoverageTimeline_T375","CoverageTimeline_T376","CoverageTimeline_T377","CoverageTimeline_T378","CoverageTimeline_T379","CoverageTimeline_T380","CoverageTimeline_T381","CoverageTimeline_T382","CoverageTimeline_T383","CoverageTimeline_T384","CoverageTimeline_T385","CoverageTimeline_T386","CoverageTimeline_T387","CoverageTimeline_T388","CoverageTimeline_T389","CoverageTimeline_T390","CoverageTimeline_T391","CoverageTimeline_T392","CoverageTimeline_T393","CoverageTimeline_T394","CoverageTimeline_T395","CoverageTimeline_T396","CoverageTimeline_T397","CoverageTimeline_T398","CoverageTimeline_T399","CoverageTimeline_T400","CoverageTimeline_T401","CoverageTimeline_T402","CoverageTimeline_T403","CoverageTimeline_T404","CoverageTimeline_T405","CoverageTimeline_T406","CoverageTimeline_T407","CoverageTimeline_T408","CoverageTimeline_T409","CoverageTimeline_T410","CoverageTimeline_T411","CoverageTimeline_T412","CoverageTimeline_T413","CoverageTimeline_T414","CoverageTimeline_T415","CoverageTimeline_T416","CoverageTimeline_T417","CoverageTimeline_T418","CoverageTimeline_T419","CoverageTimeline_T420","CoverageTimeline_T421","CoverageTimeline_T422","CoverageTimeline_T423","CoverageTimeline_T424","CoverageTimeline_T425","CoverageTimeline_T426","CoverageTimeline_T427","CoverageTimeline_T428","CoverageTimeline_T429","CoverageTimeline_T430","CoverageTimeline_T431","CoverageTimeline_T432","CoverageTimeline_T433","CoverageTimeline_T434","CoverageTimeline_T435","CoverageTimeline_T436","CoverageTimeline_T437","CoverageTimeline_T438","CoverageTimeline_T439","CoverageTimeline_T440","CoverageTimeline_T441","CoverageTimeline_T442","CoverageTimeline_T443","CoverageTimeline_T444","CoverageTimeline_T445","CoverageTimeline_T446","CoverageTimeline_T447","CoverageTimeline_T448","CoverageTimeline_T449","CoverageTimeline_T450","CoverageTimeline_T451","CoverageTimeline_T452","CoverageTimeline_T453","CoverageTimeline_T454","CoverageTimeline_T455","CoverageTimeline_T456","CoverageTimeline_T457","CoverageTimeline_T458","CoverageTimeline_T459","CoverageTimeline_T460","CoverageTimeline_T461","CoverageTimeline_T462","CoverageTimeline_T463","CoverageTimeline_T464","CoverageTimeline_T465","CoverageTimeline_T466","CoverageTimeline_T467","CoverageTimeline_T468","CoverageTimeline_T469","CoverageTimeline_T470","CoverageTimeline_T471","CoverageTimeline_T472","CoverageTimeline_T473","CoverageTimeline_T474","CoverageTimeline_T475","CoverageTimeline_T476","CoverageTimeline_T477","CoverageTimeline_T478","CoverageTimeline_T479","CoverageTimeline_T480","CoverageTimeline_T481","CoverageTimeline_T482","CoverageTimeline_T483","CoverageTimeline_T484","CoverageTimeline_T485","CoverageTimeline_T486","CoverageTimeline_T487","CoverageTimeline_T488","CoverageTimeline_T489","CoverageTimeline_T490","CoverageTimeline_T491","CoverageTimeline_T492","CoverageTimeline_T493","CoverageTimeline_T494","CoverageTimeline_T495","CoverageTimeline_T496","CoverageTimeline_T497","CoverageTimeline_T498","CoverageTimeline_T499","CoverageTimeline_T500","CoverageTimeline_T501","CoverageTimeline_T502","CoverageTimeline_T503","CoverageTimeline_T504","CoverageTimeline_T505","CoverageTimeline_T506","CoverageTimeline_T507","CoverageTimeline_T508","CoverageTimeline_T509","CoverageTimeline_T510","CoverageTimeline_T511","CoverageTimeline_T512","CoverageTimeline_T513","CoverageTimeline_T514","CoverageTimeline_T515","CoverageTimeline_T516","CoverageTimeline_T517","CoverageTimeline_T518","CoverageTimeline_T519","CoverageTimeline_T520","CoverageTimeline_T521","CoverageTimeline_T522","CoverageTimeline_T523","CoverageTimeline_T524","CoverageTimeline_T525","CoverageTimeline_T526","CoverageTimeline_T527","CoverageTimeline_T528","CoverageTimeline_T529","CoverageTimeline_T530","CoverageTimeline_T531","CoverageTimeline_T532","CoverageTimeline_T533","CoverageTimeline_T534","CoverageTimeline_T535","CoverageTimeline_T536","CoverageTimeline_T537","CoverageTimeline_T538","CoverageTimeline_T539","CoverageTimeline_T540","CoverageTimeline_T541","CoverageTimeline_T542","CoverageTimeline_T543","CoverageTimeline_T544","CoverageTimeline_T545","CoverageTimeline_T546","CoverageTimeline_T547","CoverageTimeline_T548","CoverageTimeline_T549","CoverageTimeline_T550","CoverageTimeline_T551","CoverageTimeline_T552","CoverageTimeline_T553","CoverageTimeline_T554","CoverageTimeline_T555","CoverageTimeline_T556","CoverageTimeline_T557","CoverageTimeline_T558","CoverageTimeline_T559","CoverageTimeline_T560","CoverageTimeline_T561","CoverageTimeline_T562","CoverageTimeline_T563","CoverageTimeline_T564","CoverageTimeline_T565","CoverageTimeline_T566","CoverageTimeline_T567","CoverageTimeline_T568","CoverageTimeline_T569","CoverageTimeline_T570","CoverageTimeline_T571","CoverageTimeline_T572","CoverageTimeline_T573","CoverageTimeline_T574","CoverageTimeline_T575","CoverageTimeline_T576","CoverageTimeline_T577","CoverageTimeline_T578","CoverageTimeline_T579","CoverageTimeline_T580","CoverageTimeline_T581","CoverageTimeline_T582","CoverageTimeline_T583","CoverageTimeline_T584","CoverageTimeline_T585","CoverageTimeline_T586","CoverageTimeline_T587","CoverageTimeline_T588","CoverageTimeline_T589","CoverageTimeline_T590","CoverageTimeline_T591","CoverageTimeline_T592","CoverageTimeline_T593","CoverageTimeline_T594","CoverageTimeline_T595","CoverageTimeline_T596","CoverageTimeline_T597","CoverageTimeline_T598","CoverageTimeline_T599","CoverageTimeline_T600","PassingSize","PassingLength"
"WSPy-NoTypes","flutils.pathutils","1591028609286372152","794","600229458719","0.6230769230769231","19","311","16","286","0.4","0.40846550343032845","0.4680152930064597","0.47556657793222684","0.5038528457401951","0.5202037701089177","0.5538461538461539","0.5538461538461539","0.5538461538461539","0.5615384615384615","0.5615384615384615","0.5615384615384615","0.5615384615384615","0.5615384615384615","0.5615384615384615","0.5615384615384615","0.5615384615384615","0.5635834175099282","0.5692307692307692","0.5750010966321971","0.5769230769230769","0.5769230769230769","0.5769230769230769","0.5769230769230769","0.5769230769230769","0.5846153846153846","0.5846153846153846","0.5846153846153846","0.5846153846153846","0.5846153846153846","0.5846153846153846","0.6","0.6","0.6","0.6","0.6","0.6","0.6","0.6","0.6","0.6","0.6076923076923076","0.6076923076923076","0.6076923076923076","0.6076923076923076","0.6076923076923076","0.6076923076923076","0.6076923076923076","0.6076923076923076","0.6076923076923076","0.6076923076923076","0.6076923076923076","0.6076923076923076","0.6076923076923076","0.6076923076923076","0.6076923076923076","0.6076923076923076","0.6076923076923076","0.6076923076923076","0.6076923076923076","0.6076923076923076","0.6076923076923076","0.6076923076923076","0.6076923076923076","0.6076923076923076","0.6076923076923076","0.6076923076923076","0.6076923076923076","0.614704153415959","0.6153846153846154","0.6153846153846154","0.6153846153846154","0.6153846153846154","0.6153846153846154","0.6153846153846154","0.6153846153846154","0.6153846153846154","0.6153846153846154","0.6153846153846154","0.6153846153846154","0.6153846153846154","0.6153846153846154","0.6153846153846154","0.6153846153846154","0.6153846153846154","0.6153846153846154","0.6153846153846154","0.6153846153846154","0.6153846153846154","0.6153846153846154","0.6153846153846154","0.6153846153846154","0.6153846153846154","0.6153846153846154","0.6153846153846154","0.6153846153846154","0.6153846153846154","0.6153846153846154","0.6153846153846154","0.6153846153846154","0.6153846153846154","0.6153846153846154","0.6153846153846154","0.6153846153846154","0.6153846153846154","0.6153846153846154","0.6153846153846154","0.6153846153846154","0.6153846153846154","0.6153846153846154","0.6153846153846154","0.6153846153846154","0.6153846153846154","0.6153846153846154","0.6153846153846154","0.6153846153846154","0.6153846153846154","0.6153846153846154","0.6153846153846154","0.6153846153846154","0.6153846153846154","0.6153846153846154","0.6153846153846154","0.6153846153846154","0.6153846153846154","0.6153846153846154","0.6153846153846154","0.6153846153846154","0.6153846153846154","0.6153846153846154","0.6153846153846154","0.6153846153846154","0.6153846153846154","0.6153846153846154","0.6153846153846154","0.6153846153846154","0.6153846153846154","0.6153846153846154","0.6153846153846154","0.6153846153846154","0.6153846153846154","0.6153846153846154","0.6153846153846154","0.6153846153846154","0.6153846153846154","0.6153846153846154","0.6153846153846154","0.6153846153846154","0.6153846153846154","0.6153846153846154","0.6153846153846154","0.6153846153846154","0.6153846153846154","0.6153846153846154","0.6153846153846154","0.6153846153846154","0.6153846153846154","0.6230769230769231","0.6230769230769231","0.6230769230769231","0.6230769230769231","0.6230769230769231","0.6230769230769231","0.6230769230769231","0.6230769230769231","0.6230769230769231","0.6230769230769231","0.6230769230769231","0.6230769230769231","0.6230769230769231","0.6230769230769231","0.6230769230769231","0.6230769230769231","0.6230769230769231","0.6230769230769231","0.6230769230769231","0.6230769230769231","0.6230769230769231","0.6230769230769231","0.6230769230769231","0.6230769230769231","0.6230769230769231","0.6230769230769231","0.6230769230769231","0.6230769230769231","0.6230769230769231","0.6230769230769231","0.6230769230769231","0.6230769230769231","0.6230769230769231","0.6230769230769231","0.6230769230769231","0.6230769230769231","0.6230769230769231","0.6230769230769231","0.6230769230769231","0.6230769230769231","0.6230769230769231","0.6230769230769231","0.6230769230769231","0.6230769230769231","0.6230769230769231","0.6230769230769231","0.6230769230769231","0.6230769230769231","0.6230769230769231","0.6230769230769231","0.6230769230769231","0.6230769230769231","0.6230769230769231","0.6230769230769231","0.6230769230769231","0.6230769230769231","0.6230769230769231","0.6230769230769231","0.6230769230769231","0.6230769230769231","0.6230769230769231","0.6230769230769231","0.6230769230769231","0.6230769230769231","0.6230769230769231","0.6230769230769231","0.6230769230769231","0.6230769230769231","0.6230769230769231","0.6230769230769231","0.6230769230769231","0.6230769230769231","0.6230769230769231","0.6230769230769231","0.6230769230769231","0.6230769230769231","0.6230769230769231","0.6230769230769231","0.6230769230769231","0.6230769230769231","0.6230769230769231","0.6230769230769231","0.6230769230769231","0.6230769230769231","0.6230769230769231","0.6230769230769231","0.6230769230769231","0.6230769230769231","0.6230769230769231","0.6230769230769231","0.6230769230769231","0.6230769230769231","0.6230769230769231","0.6230769230769231","0.6230769230769231","0.6230769230769231","0.6230769230769231","0.6230769230769231","0.6230769230769231","0.6230769230769231","0.6230769230769231","0.6230769230769231","0.6230769230769231","0.6230769230769231","0.6230769230769231","0.6230769230769231","0.6230769230769231","0.6230769230769231","0.6230769230769231","0.6230769230769231","0.6230769230769231","0.6230769230769231","0.6230769230769231","0.6230769230769231","0.6230769230769231","0.6230769230769231","0.6230769230769231","0.6230769230769231","0.6230769230769231","0.6230769230769231","0.6230769230769231","0.6230769230769231","0.6230769230769231","0.6230769230769231","0.6230769230769231","0.6230769230769231","0.6230769230769231","0.6230769230769231","0.6230769230769231","0.6230769230769231","0.6230769230769231","0.6230769230769231","0.6230769230769231","0.6230769230769231","0.6230769230769231","0.6230769230769231","0.6230769230769231","0.6230769230769231","0.6230769230769231","0.6230769230769231","0.6230769230769231","0.6230769230769231","0.6230769230769231","0.6230769230769231","0.6230769230769231","0.6230769230769231","0.6230769230769231","0.6230769230769231","0.6230769230769231","0.6230769230769231","0.6230769230769231","0.6230769230769231","0.6230769230769231","0.6230769230769231","0.6230769230769231","0.6230769230769231","0.6230769230769231","0.6230769230769231","0.6230769230769231","0.6230769230769231","0.6230769230769231","0.6230769230769231","0.6230769230769231","0.6230769230769231","0.6230769230769231","0.6230769230769231","0.6230769230769231","0.6230769230769231","0.6230769230769231","0.6230769230769231","0.6230769230769231","0.6230769230769231","0.6230769230769231","0.6230769230769231","0.6230769230769231","0.6230769230769231","0.6230769230769231","0.6230769230769231","0.6230769230769231","0.6230769230769231","0.6230769230769231","0.6230769230769231","0.6230769230769231","0.6230769230769231","0.6230769230769231","0.6230769230769231","0.6230769230769231","0.6230769230769231","0.6230769230769231","0.6230769230769231","0.6230769230769231","0.6230769230769231","0.6230769230769231","0.6230769230769231","0.6230769230769231","0.6230769230769231","0.6230769230769231","0.6230769230769231","0.6230769230769231","0.6230769230769231","0.6230769230769231","0.6230769230769231","0.6230769230769231","0.6230769230769231","0.6230769230769231","0.6230769230769231","0.6230769230769231","0.6230769230769231","0.6230769230769231","0.6230769230769231","0.6230769230769231","0.6230769230769231","0.6230769230769231","0.6230769230769231","0.6230769230769231","0.6230769230769231","0.6230769230769231","0.6230769230769231","0.6230769230769231","0.6230769230769231","0.6230769230769231","0.6230769230769231","0.6230769230769231","0.6230769230769231","0.6230769230769231","0.6230769230769231","0.6230769230769231","0.6230769230769231","0.6230769230769231","0.6230769230769231","0.6230769230769231","0.6230769230769231","0.6230769230769231","0.6230769230769231","0.6230769230769231","0.6230769230769231","0.6230769230769231","0.6230769230769231","0.6230769230769231","0.6230769230769231","0.6230769230769231","0.6230769230769231","0.6230769230769231","0.6230769230769231","0.6230769230769231","0.6230769230769231","0.6230769230769231","0.6230769230769231","0.6230769230769231","0.6230769230769231","0.6230769230769231","0.6230769230769231","0.6230769230769231","0.6230769230769231","0.6230769230769231","0.6230769230769231","0.6230769230769231","0.6230769230769231","0.6230769230769231","0.6230769230769231","0.6230769230769231","0.6230769230769231","0.6230769230769231","0.6230769230769231","0.6230769230769231","0.6230769230769231","0.6230769230769231","0.6230769230769231","0.6230769230769231","0.6230769230769231","0.6230769230769231","0.6230769230769231","0.6230769230769231","0.6230769230769231","0.6230769230769231","0.6230769230769231","0.6230769230769231","0.6230769230769231","0.6230769230769231","0.6230769230769231","0.6230769230769231","0.6230769230769231","0.6230769230769231","0.6230769230769231","0.6230769230769231","0.6230769230769231","0.6230769230769231","0.6230769230769231","0.6230769230769231","0.6230769230769231","0.6230769230769231","0.6230769230769231","0.6230769230769231","0.6230769230769231","0.6230769230769231","0.6230769230769231","0.6230769230769231","0.6230769230769231","0.6230769230769231","0.6230769230769231","0.6230769230769231","0.6230769230769231","0.6230769230769231","0.6230769230769231","0.6230769230769231","0.6230769230769231","0.6230769230769231","0.6230769230769231","0.6230769230769231","0.6230769230769231","0.6230769230769231","0.6230769230769231","0.6230769230769231","0.6230769230769231","0.6230769230769231","0.6230769230769231","0.6230769230769231","0.6230769230769231","0.6230769230769231","0.6230769230769231","0.6230769230769231","0.6230769230769231","0.6230769230769231","0.6230769230769231","0.6230769230769231","0.6230769230769231","0.6230769230769231","0.6230769230769231","0.6230769230769231","0.6230769230769231","0.6230769230769231","0.6230769230769231","0.6230769230769231","0.6230769230769231","0.6230769230769231","0.6230769230769231","0.6230769230769231","0.6230769230769231","0.6230769230769231","0.6230769230769231","0.6230769230769231","0.6230769230769231","0.6230769230769231","0.6230769230769231","0.6230769230769231","0.6230769230769231","0.6230769230769231","0.6230769230769231","0.6230769230769231","0.6230769230769231","0.6230769230769231","0.6230769230769231","0.6230769230769231","0.6230769230769231","0.6230769230769231","0.6230769230769231","0.6230769230769231","0.6230769230769231","0.6230769230769231","0.6230769230769231","0.6230769230769231","0.6230769230769231","0.6230769230769231","0.6230769230769231","0.6230769230769231","0.6230769230769231","0.6230769230769231","0.6230769230769231","0.6230769230769231","0.6230769230769231","0.6230769230769231","0.6230769230769231","0.6230769230769231","0.6230769230769231","0.6230769230769231","0.6230769230769231","0.6230769230769231","0.6230769230769231","0.6230769230769231","0.6230769230769231","0.6230769230769231","0.6230769230769231","0.6230769230769231","0.6230769230769231","0.6230769230769231","0.6230769230769231","0.6230769230769231","0.6230769230769231","0.6230769230769231","0.6230769230769231","0.6230769230769231","0.6230769230769231","0.6230769230769231","0.6230769230769231","0.6230769230769231","0.6230769230769231","0.6230769230769231","0.6230769230769231","0.6230769230769231","0.6230769230769231","0.6230769230769231","0.6230769230769231","0.6230769230769231","0.6230769230769231","0.6230769230769231","0.6230769230769231","0.6230769230769231","0.6230769230769231","0.6230769230769231","0.6230769230769231","0.6230769230769231","0.6230769230769231","0.6230769230769231","0.6230769230769231","0.6230769230769231","0.6230769230769231","0.6230769230769231","0.6230769230769231","0.6230769230769231","0.6230769230769231","0.6230769230769231","0.6230769230769231","0.6230769230769231","0.6230769230769231","0.6230769230769231","0.6230769230769231","0.6230769230769231","0.6230769230769231","0.6230769230769231","0.6230769230769231","0.6230769230769231","0.6230769230769231","0.6230769230769231","0.6230769230769231","0.6230769230769231","0.6230769230769231","0.6230769230769231","0.6230769230769231","0.6230769230769231","0.6230769230769231","0.6230769230769231","0.6230769230769231","0.6230769230769231","3","25"
"RandooPy-TypeHintsInference","flutils.codecs.b64","1591027658310410194","419","608253615282","0.5384615384615384","400","12063","180","5145","0.5384615384615384","0.5384615384615384","0.5384615384615384","0.5384615384615384","0.5384615384615384","0.5384615384615384","0.5384615384615384","0.5384615384615384","0.5384615384615384","0.5384615384615384","0.5384615384615384","0.5384615384615384","0.5384615384615384","0.5384615384615384","0.5384615384615384","0.5384615384615384","0.5384615384615384","0.5384615384615384","0.5384615384615384","0.5384615384615384","0.5384615384615384","0.5384615384615384","0.5384615384615384","0.5384615384615384","0.5384615384615384","0.5384615384615384","0.5384615384615384","0.5384615384615384","0.5384615384615384","0.5384615384615384","0.5384615384615384","0.5384615384615384","0.5384615384615384","0.5384615384615384","0.5384615384615384","0.5384615384615384","0.5384615384615384","0.5384615384615384","0.5384615384615384","0.5384615384615384","0.5384615384615384","0.5384615384615384","0.5384615384615384","0.5384615384615384","0.5384615384615384","0.5384615384615384","0.5384615384615384","0.5384615384615384","0.5384615384615384","0.5384615384615384","0.5384615384615384","0.5384615384615384","0.5384615384615384","0.5384615384615384","0.5384615384615384","0.5384615384615384","0.5384615384615384","0.5384615384615384","0.5384615384615384","0.5384615384615384","0.5384615384615384","0.5384615384615384","0.5384615384615384","0.5384615384615384","0.5384615384615384","0.5384615384615384","0.5384615384615384","0.5384615384615384","0.5384615384615384","0.5384615384615384","0.5384615384615384","0.5384615384615384","0.5384615384615384","0.5384615384615384","0.5384615384615384","0.5384615384615384","0.5384615384615384","0.5384615384615384","0.5384615384615384","0.5384615384615384","0.5384615384615384","0.5384615384615384","0.5384615384615384","0.5384615384615384","0.5384615384615384","0.5384615384615384","0.5384615384615384","0.5384615384615384","0.5384615384615384","0.5384615384615384","0.5384615384615384","0.5384615384615384","0.5384615384615384","0.5384615384615384","0.5384615384615384","0.5384615384615384","0.5384615384615384","0.5384615384615384","0.5384615384615384","0.5384615384615384","0.5384615384615384","0.5384615384615384","0.5384615384615384","0.5384615384615384","0.5384615384615384","0.5384615384615384","0.5384615384615384","0.5384615384615384","0.5384615384615384","0.5384615384615384","0.5384615384615384","0.5384615384615384","0.5384615384615384","0.5384615384615384","0.5384615384615384","0.5384615384615384","0.5384615384615384","0.5384615384615384","0.5384615384615384","0.5384615384615384","0.5384615384615384","0.5384615384615384","0.5384615384615384","0.5384615384615384","0.5384615384615384","0.5384615384615384","0.5384615384615384","0.5384615384615384","0.5384615384615384","0.5384615384615384","0.5384615384615384","0.5384615384615384","0.5384615384615384","0.5384615384615384","0.5384615384615384","0.5384615384615384","0.5384615384615384","0.5384615384615384","0.5384615384615384","0.5384615384615384","0.5384615384615384","0.5384615384615384","0.5384615384615384","0.5384615384615384","0.5384615384615384","0.5384615384615384","0.5384615384615384","0.5384615384615384","0.5384615384615384","0.5384615384615384","0.5384615384615384","0.5384615384615384","0.5384615384615384","0.5384615384615384","0.5384615384615384","0.5384615384615384","0.5384615384615384","0.5384615384615384","0.5384615384615384","0.5384615384615384","0.5384615384615384","0.5384615384615384","0.5384615384615384","0.5384615384615384","0.5384615384615384","0.5384615384615384","0.5384615384615384","0.5384615384615384","0.5384615384615384","0.5384615384615384","0.5384615384615384","0.5384615384615384","0.5384615384615384","0.5384615384615384","0.5384615384615384","0.5384615384615384","0.5384615384615384","0.5384615384615384","0.5384615384615384","0.5384615384615384","0.5384615384615384","0.5384615384615384","0.5384615384615384","0.5384615384615384","0.5384615384615384","0.5384615384615384","0.5384615384615384","0.5384615384615384","0.5384615384615384","0.5384615384615384","0.5384615384615384","0.5384615384615384","0.5384615384615384","0.5384615384615384","0.5384615384615384","0.5384615384615384","0.5384615384615384","0.5384615384615384","0.5384615384615384","0.5384615384615384","0.5384615384615384","0.5384615384615384","0.5384615384615384","0.5384615384615384","0.5384615384615384","0.5384615384615384","0.5384615384615384","0.5384615384615384","0.5384615384615384","0.5384615384615384","0.5384615384615384","0.5384615384615384","0.5384615384615384","0.5384615384615384","0.5384615384615384","0.5384615384615384","0.5384615384615384","0.5384615384615384","0.5384615384615384","0.5384615384615384","0.5384615384615384","0.5384615384615384","0.5384615384615384","0.5384615384615384","0.5384615384615384","0.5384615384615384","0.5384615384615384","0.5384615384615384","0.5384615384615384","0.5384615384615384","0.5384615384615384","0.5384615384615384","0.5384615384615384","0.5384615384615384","0.5384615384615384","0.5384615384615384","0.5384615384615384","0.5384615384615384","0.5384615384615384","0.5384615384615384","0.5384615384615384","0.5384615384615384","0.5384615384615384","0.5384615384615384","0.5384615384615384","0.5384615384615384","0.5384615384615384","0.5384615384615384","0.5384615384615384","0.5384615384615384","0.5384615384615384","0.5384615384615384","0.5384615384615384","0.5384615384615384","0.5384615384615384","0.5384615384615384","0.5384615384615384","0.5384615384615384","0.5384615384615384","0.5384615384615384","0.5384615384615384","0.5384615384615384","0.5384615384615384","0.5384615384615384","0.5384615384615384","0.5384615384615384","0.5384615384615384","0.5384615384615384","0.5384615384615384","0.5384615384615384","0.5384615384615384","0.5384615384615384","0.5384615384615384","0.5384615384615384","0.5384615384615384","0.5384615384615384","0.5384615384615384","0.5384615384615384","0.5384615384615384","0.5384615384615384","0.5384615384615384","0.5384615384615384","0.5384615384615384","0.5384615384615384","0.5384615384615384","0.5384615384615384","0.5384615384615384","0.5384615384615384","0.5384615384615384","0.5384615384615384","0.5384615384615384","0.5384615384615384","0.5384615384615384","0.5384615384615384","0.5384615384615384","0.5384615384615384","0.5384615384615384","0.5384615384615384","0.5384615384615384","0.5384615384615384","0.5384615384615384","0.5384615384615384","0.5384615384615384","0.5384615384615384","0.5384615384615384","0.5384615384615384","0.5384615384615384","0.5384615384615384","0.5384615384615384","0.5384615384615384","0.5384615384615384","0.5384615384615384","0.5384615384615384","0.5384615384615384","0.5384615384615384","0.5384615384615384","0.5384615384615384","0.5384615384615384","0.5384615384615384","0.5384615384615384","0.5384615384615384","0.5384615384615384","0.5384615384615384","0.5384615384615384","0.5384615384615384","0.5384615384615384","0.5384615384615384","0.5384615384615384","0.5384615384615384","0.5384615384615384","0.5384615384615384","0.5384615384615384","0.5384615384615384","0.5384615384615384","0.5384615384615384","0.5384615384615384","0.5384615384615384","0.5384615384615384","0.5384615384615384","0.5384615384615384","0.5384615384615384","0.5384615384615384","0.5384615384615384","0.5384615384615384","0.5384615384615384","0.5384615384615384","0.5384615384615384","0.5384615384615384","0.5384615384615384","0.5384615384615384","0.5384615384615384","0.5384615384615384","0.5384615384615384","0.5384615384615384","0.5384615384615384","0.5384615384615384","0.5384615384615384","0.5384615384615384","0.5384615384615384","0.5384615384615384","0.5384615384615384","0.5384615384615384","0.5384615384615384","0.5384615384615384","0.5384615384615384","0.5384615384615384","0.5384615384615384","0.5384615384615384","0.5384615384615384","0.5384615384615384","0.5384615384615384","0.5384615384615384","0.5384615384615384","0.5384615384615384","0.5384615384615384","0.5384615384615384","0.5384615384615384","0.5384615384615384","0.5384615384615384","0.5384615384615384","0.5384615384615384","0.5384615384615384","0.5384615384615384","0.5384615384615384","0.5384615384615384","0.5384615384615384","0.5384615384615384","0.5384615384615384","0.5384615384615384","0.5384615384615384","0.5384615384615384","0.5384615384615384","0.5384615384615384","0.5384615384615384","0.5384615384615384","0.5384615384615384","0.5384615384615384","0.5384615384615384","0.5384615384615384","0.5384615384615384","0.5384615384615384","0.5384615384615384","0.5384615384615384","0.5384615384615384","0.5384615384615384","0.5384615384615384","0.5384615384615384","0.5384615384615384","0.5384615384615384","0.5384615384615384","0.5384615384615384","0.5384615384615384","0.5384615384615384","0.5384615384615384","0.5384615384615384","0.5384615384615384","0.5384615384615384","0.5384615384615384","0.5384615384615384","0.5384615384615384","0.5384615384615384","0.5384615384615384","0.5384615384615384","0.5384615384615384","0.5384615384615384","0.5384615384615384","0.5384615384615384","0.5384615384615384","0.5384615384615384","0.5384615384615384","0.5384615384615384","0.5384615384615384","0.5384615384615384","0.5384615384615384","0.5384615384615384","0.5384615384615384","0.5384615384615384","0.5384615384615384","0.5384615384615384","0.5384615384615384","0.5384615384615384","0.5384615384615384","0.5384615384615384","0.5384615384615384","0.5384615384615384","0.5384615384615384","0.5384615384615384","0.5384615384615384","0.5384615384615384","0.5384615384615384","0.5384615384615384","0.5384615384615384","0.5384615384615384","0.5384615384615384","0.5384615384615384","0.5384615384615384","0.5384615384615384","0.5384615384615384","0.5384615384615384","0.5384615384615384","0.5384615384615384","0.5384615384615384","0.5384615384615384","0.5384615384615384","0.5384615384615384","0.5384615384615384","0.5384615384615384","0.5384615384615384","0.5384615384615384","0.5384615384615384","0.5384615384615384","0.5384615384615384","0.5384615384615384","0.5384615384615384","0.5384615384615384","0.5384615384615384","0.5384615384615384","0.5384615384615384","0.5384615384615384","0.5384615384615384","0.5384615384615384","0.5384615384615384","0.5384615384615384","0.5384615384615384","0.5384615384615384","0.5384615384615384","0.5384615384615384","0.5384615384615384","0.5384615384615384","0.5384615384615384","0.5384615384615384","0.5384615384615384","0.5384615384615384","0.5384615384615384","0.5384615384615384","0.5384615384615384","0.5384615384615384","0.5384615384615384","0.5384615384615384","0.5384615384615384","0.5384615384615384","0.5384615384615384","0.5384615384615384","0.5384615384615384","0.5384615384615384","0.5384615384615384","0.5384615384615384","0.5384615384615384","0.5384615384615384","0.5384615384615384","0.5384615384615384","0.5384615384615384","0.5384615384615384","0.5384615384615384","0.5384615384615384","0.5384615384615384","0.5384615384615384","0.5384615384615384","0.5384615384615384","0.5384615384615384","0.5384615384615384","0.5384615384615384","0.5384615384615384","0.5384615384615384","0.5384615384615384","0.5384615384615384","0.5384615384615384","0.5384615384615384","0.5384615384615384","0.5384615384615384","0.5384615384615384","0.5384615384615384","0.5384615384615384","0.5384615384615384","0.5384615384615384","0.5384615384615384","0.5384615384615384","0.5384615384615384","0.5384615384615384","0.5384615384615384","0.5384615384615384","0.5384615384615384","0.5384615384615384","0.5384615384615384","0.5384615384615384","0.5384615384615384","0.5384615384615384","0.5384615384615384","0.5384615384615384","0.5384615384615384","0.5384615384615384","0.5384615384615384","0.5384615384615384","0.5384615384615384","0.5384615384615384","0.5384615384615384","0.5384615384615384","0.5384615384615384","0.5384615384615384","0.5384615384615384","0.5384615384615384","0.5384615384615384","0.5384615384615384","0.5384615384615384","0.5384615384615384","0.5384615384615384","0.5384615384615384","0.5384615384615384","0.5384615384615384","0.5384615384615384","0.5384615384615384","0.5384615384615384","0.5384615384615384","0.5384615384615384","0.5384615384615384","0.5384615384615384","0.5384615384615384","0.5384615384615384","0.5384615384615384","0.5384615384615384","0.5384615384615384","0.5384615384615384","0.5384615384615384","0.5384615384615384","0.5384615384615384","0.5384615384615384","0.5384615384615384","0.5384615384615384","0.5384615384615384","0.5384615384615384","0.5384615384615384","0.5384615384615384","0.5384615384615384","0.5384615384615384","0.5384615384615384","0.5384615384615384","0.5384615384615384","0.5384615384615384","0.5384615384615384","0.5384615384615384","220","6918"
"WSPy-NoTypes","flutils.codecs.b64","1591028639083671176","1682","602295441667","0.7692307692307693","6","118","6","118","0.7692307692307693","0.7692307692307693","0.7692307692307693","0.7692307692307693","0.7692307692307693","0.7692307692307693","0.7692307692307693","0.7692307692307693","0.7692307692307693","0.7692307692307693","0.7692307692307693","0.7692307692307693","0.7692307692307693","0.7692307692307693","0.7692307692307693","0.7692307692307693","0.7692307692307693","0.7692307692307693","0.7692307692307693","0.7692307692307693","0.7692307692307693","0.7692307692307693","0.7692307692307693","0.7692307692307693","0.7692307692307693","0.7692307692307693","0.7692307692307693","0.7692307692307693","0.7692307692307693","0.7692307692307693","0.7692307692307693","0.7692307692307693","0.7692307692307693","0.7692307692307693","0.7692307692307693","0.7692307692307693","0.7692307692307693","0.7692307692307693","0.7692307692307693","0.7692307692307693","0.7692307692307693","0.7692307692307693","0.7692307692307693","0.7692307692307693","0.7692307692307693","0.7692307692307693","0.7692307692307693","0.7692307692307693","0.7692307692307693","0.7692307692307693","0.7692307692307693","0.7692307692307693","0.7692307692307693","0.7692307692307693","0.7692307692307693","0.7692307692307693","0.7692307692307693","0.7692307692307693","0.7692307692307693","0.7692307692307693","0.7692307692307693","0.7692307692307693","0.7692307692307693","0.7692307692307693","0.7692307692307693","0.7692307692307693","0.7692307692307693","0.7692307692307693","0.7692307692307693","0.7692307692307693","0.7692307692307693","0.7692307692307693","0.7692307692307693","0.7692307692307693","0.7692307692307693","0.7692307692307693","0.7692307692307693","0.7692307692307693","0.7692307692307693","0.7692307692307693","0.7692307692307693","0.7692307692307693","0.7692307692307693","0.7692307692307693","0.7692307692307693","0.7692307692307693","0.7692307692307693","0.7692307692307693","0.7692307692307693","0.7692307692307693","0.7692307692307693","0.7692307692307693","0.7692307692307693","0.7692307692307693","0.7692307692307693","0.7692307692307693","0.7692307692307693","0.7692307692307693","0.7692307692307693","0.7692307692307693","0.7692307692307693","0.7692307692307693","0.7692307692307693","0.7692307692307693","0.7692307692307693","0.7692307692307693","0.7692307692307693","0.7692307692307693","0.7692307692307693","0.7692307692307693","0.7692307692307693","0.7692307692307693","0.7692307692307693","0.7692307692307693","0.7692307692307693","0.7692307692307693","0.7692307692307693","0.7692307692307693","0.7692307692307693","0.7692307692307693","0.7692307692307693","0.7692307692307693","0.7692307692307693","0.7692307692307693","0.7692307692307693","0.7692307692307693","0.7692307692307693","0.7692307692307693","0.7692307692307693","0.7692307692307693","0.7692307692307693","0.7692307692307693","0.7692307692307693","0.7692307692307693","0.7692307692307693","0.7692307692307693","0.7692307692307693","0.7692307692307693","0.7692307692307693","0.7692307692307693","0.7692307692307693","0.7692307692307693","0.7692307692307693","0.7692307692307693","0.7692307692307693","0.7692307692307693","0.7692307692307693","0.7692307692307693","0.7692307692307693","0.7692307692307693","0.7692307692307693","0.7692307692307693","0.7692307692307693","0.7692307692307693","0.7692307692307693","0.7692307692307693","0.7692307692307693","0.7692307692307693","0.7692307692307693","0.7692307692307693","0.7692307692307693","0.7692307692307693","0.7692307692307693","0.7692307692307693","0.7692307692307693","0.7692307692307693","0.7692307692307693","0.7692307692307693","0.7692307692307693","0.7692307692307693","0.7692307692307693","0.7692307692307693","0.7692307692307693","0.7692307692307693","0.7692307692307693","0.7692307692307693","0.7692307692307693","0.7692307692307693","0.7692307692307693","0.7692307692307693","0.7692307692307693","0.7692307692307693","0.7692307692307693","0.7692307692307693","0.7692307692307693","0.7692307692307693","0.7692307692307693","0.7692307692307693","0.7692307692307693","0.7692307692307693","0.7692307692307693","0.7692307692307693","0.7692307692307693","0.7692307692307693","0.7692307692307693","0.7692307692307693","0.7692307692307693","0.7692307692307693","0.7692307692307693","0.7692307692307693","0.7692307692307693","0.7692307692307693","0.7692307692307693","0.7692307692307693","0.7692307692307693","0.7692307692307693","0.7692307692307693","0.7692307692307693","0.7692307692307693","0.7692307692307693","0.7692307692307693","0.7692307692307693","0.7692307692307693","0.7692307692307693","0.7692307692307693","0.7692307692307693","0.7692307692307693","0.7692307692307693","0.7692307692307693","0.7692307692307693","0.7692307692307693","0.7692307692307693","0.7692307692307693","0.7692307692307693","0.7692307692307693","0.7692307692307693","0.7692307692307693","0.7692307692307693","0.7692307692307693","0.7692307692307693","0.7692307692307693","0.7692307692307693","0.7692307692307693","0.7692307692307693","0.7692307692307693","0.7692307692307693","0.7692307692307693","0.7692307692307693","0.7692307692307693","0.7692307692307693","0.7692307692307693","0.7692307692307693","0.7692307692307693","0.7692307692307693","0.7692307692307693","0.7692307692307693","0.7692307692307693","0.7692307692307693","0.7692307692307693","0.7692307692307693","0.7692307692307693","0.7692307692307693","0.7692307692307693","0.7692307692307693","0.7692307692307693","0.7692307692307693","0.7692307692307693","0.7692307692307693","0.7692307692307693","0.7692307692307693","0.7692307692307693","0.7692307692307693","0.7692307692307693","0.7692307692307693","0.7692307692307693","0.7692307692307693","0.7692307692307693","0.7692307692307693","0.7692307692307693","0.7692307692307693","0.7692307692307693","0.7692307692307693","0.7692307692307693","0.7692307692307693","0.7692307692307693","0.7692307692307693","0.7692307692307693","0.7692307692307693","0.7692307692307693","0.7692307692307693","0.7692307692307693","0.7692307692307693","0.7692307692307693","0.7692307692307693","0.7692307692307693","0.7692307692307693","0.7692307692307693","0.7692307692307693","0.7692307692307693","0.7692307692307693","0.7692307692307693","0.7692307692307693","0.7692307692307693","0.7692307692307693","0.7692307692307693","0.7692307692307693","0.7692307692307693","0.7692307692307693","0.7692307692307693","0.7692307692307693","0.7692307692307693","0.7692307692307693","0.7692307692307693","0.7692307692307693","0.7692307692307693","0.7692307692307693","0.7692307692307693","0.7692307692307693","0.7692307692307693","0.7692307692307693","0.7692307692307693","0.7692307692307693","0.7692307692307693","0.7692307692307693","0.7692307692307693","0.7692307692307693","0.7692307692307693","0.7692307692307693","0.7692307692307693","0.7692307692307693","0.7692307692307693","0.7692307692307693","0.7692307692307693","0.7692307692307693","0.7692307692307693","0.7692307692307693","0.7692307692307693","0.7692307692307693","0.7692307692307693","0.7692307692307693","0.7692307692307693","0.7692307692307693","0.7692307692307693","0.7692307692307693","0.7692307692307693","0.7692307692307693","0.7692307692307693","0.7692307692307693","0.7692307692307693","0.7692307692307693","0.7692307692307693","0.7692307692307693","0.7692307692307693","0.7692307692307693","0.7692307692307693","0.7692307692307693","0.7692307692307693","0.7692307692307693","0.7692307692307693","0.7692307692307693","0.7692307692307693","0.7692307692307693","0.7692307692307693","0.7692307692307693","0.7692307692307693","0.7692307692307693","0.7692307692307693","0.7692307692307693","0.7692307692307693","0.7692307692307693","0.7692307692307693","0.7692307692307693","0.7692307692307693","0.7692307692307693","0.7692307692307693","0.7692307692307693","0.7692307692307693","0.7692307692307693","0.7692307692307693","0.7692307692307693","0.7692307692307693","0.7692307692307693","0.7692307692307693","0.7692307692307693","0.7692307692307693","0.7692307692307693","0.7692307692307693","0.7692307692307693","0.7692307692307693","0.7692307692307693","0.7692307692307693","0.7692307692307693","0.7692307692307693","0.7692307692307693","0.7692307692307693","0.7692307692307693","0.7692307692307693","0.7692307692307693","0.7692307692307693","0.7692307692307693","0.7692307692307693","0.7692307692307693","0.7692307692307693","0.7692307692307693","0.7692307692307693","0.7692307692307693","0.7692307692307693","0.7692307692307693","0.7692307692307693","0.7692307692307693","0.7692307692307693","0.7692307692307693","0.7692307692307693","0.7692307692307693","0.7692307692307693","0.7692307692307693","0.7692307692307693","0.7692307692307693","0.7692307692307693","0.7692307692307693","0.7692307692307693","0.7692307692307693","0.7692307692307693","0.7692307692307693","0.7692307692307693","0.7692307692307693","0.7692307692307693","0.7692307692307693","0.7692307692307693","0.7692307692307693","0.7692307692307693","0.7692307692307693","0.7692307692307693","0.7692307692307693","0.7692307692307693","0.7692307692307693","0.7692307692307693","0.7692307692307693","0.7692307692307693","0.7692307692307693","0.7692307692307693","0.7692307692307693","0.7692307692307693","0.7692307692307693","0.7692307692307693","0.7692307692307693","0.7692307692307693","0.7692307692307693","0.7692307692307693","0.7692307692307693","0.7692307692307693","0.7692307692307693","0.7692307692307693","0.7692307692307693","0.7692307692307693","0.7692307692307693","0.7692307692307693","0.7692307692307693","0.7692307692307693","0.7692307692307693","0.7692307692307693","0.7692307692307693","0.7692307692307693","0.7692307692307693","0.7692307692307693","0.7692307692307693","0.7692307692307693","0.7692307692307693","0.7692307692307693","0.7692307692307693","0.7692307692307693","0.7692307692307693","0.7692307692307693","0.7692307692307693","0.7692307692307693","0.7692307692307693","0.7692307692307693","0.7692307692307693","0.7692307692307693","0.7692307692307693","0.7692307692307693","0.7692307692307693","0.7692307692307693","0.7692307692307693","0.7692307692307693","0.7692307692307693","0.7692307692307693","0.7692307692307693","0.7692307692307693","0.7692307692307693","0.7692307692307693","0.7692307692307693","0.7692307692307693","0.7692307692307693","0.7692307692307693","0.7692307692307693","0.7692307692307693","0.7692307692307693","0.7692307692307693","0.7692307692307693","0.7692307692307693","0.7692307692307693","0.7692307692307693","0.7692307692307693","0.7692307692307693","0.7692307692307693","0.7692307692307693","0.7692307692307693","0.7692307692307693","0.7692307692307693","0.7692307692307693","0.7692307692307693","0.7692307692307693","0.7692307692307693","0.7692307692307693","0.7692307692307693","0.7692307692307693","0.7692307692307693","0.7692307692307693","0.7692307692307693","0.7692307692307693","0.7692307692307693","0.7692307692307693","0.7692307692307693","0.7692307692307693","0.7692307692307693","0.7692307692307693","0.7692307692307693","0.7692307692307693","0.7692307692307693","0.7692307692307693","0.7692307692307693","0.7692307692307693","0.7692307692307693","0.7692307692307693","0.7692307692307693","0.7692307692307693","0.7692307692307693","0.7692307692307693","0.7692307692307693","0.7692307692307693","0.7692307692307693","0.7692307692307693","0.7692307692307693","0.7692307692307693","0.7692307692307693","0.7692307692307693","0.7692307692307693","0.7692307692307693","0.7692307692307693","0.7692307692307693","0.7692307692307693","0.7692307692307693","0.7692307692307693","0.7692307692307693","0.7692307692307693","0.7692307692307693","0.7692307692307693","0.7692307692307693","0.7692307692307693","0.7692307692307693","0.7692307692307693","0.7692307692307693","0.7692307692307693","0.7692307692307693","0.7692307692307693","0.7692307692307693","0.7692307692307693","0.7692307692307693","0.7692307692307693","0.7692307692307693","0.7692307692307693","0.7692307692307693","0.7692307692307693","0.7692307692307693","0.7692307692307693","0.7692307692307693","0.7692307692307693","0.7692307692307693","0.7692307692307693","0.7692307692307693","0.7692307692307693","0.7692307692307693","0.7692307692307693","0.7692307692307693","0.7692307692307693","0.7692307692307693","0.7692307692307693","0.7692307692307693","0.7692307692307693","0.7692307692307693","0.7692307692307693","0.7692307692307693","0.7692307692307693","0.7692307692307693","0.7692307692307693","0.7692307692307693","0.7692307692307693","0.7692307692307693","0.7692307692307693","0.7692307692307693","0.7692307692307693","0.7692307692307693","0.7692307692307693","0.7692307692307693","0.7692307692307693","0.7692307692307693","0.7692307692307693","0.7692307692307693","0.7692307692307693","0","0"
"RandooPy-NoTypes","flutils.validators","1591028315925936082","1263","612315077813","0.8260869565217391","1257","31137","1166","28954","0.8260869565217391","0.8260869565217391","0.8260869565217391","0.8260869565217391","0.8260869565217391","0.8260869565217391","0.8260869565217391","0.8260869565217391","0.8260869565217391","0.8260869565217391","0.8260869565217391","0.8260869565217391","0.8260869565217391","0.8260869565217391","0.8260869565217391","0.8260869565217391","0.8260869565217391","0.8260869565217391","0.8260869565217391","0.8260869565217391","0.8260869565217391","0.8260869565217391","0.8260869565217391","0.8260869565217391","0.8260869565217391","0.8260869565217391","0.8260869565217391","0.8260869565217391","0.8260869565217391","0.8260869565217391","0.8260869565217391","0.8260869565217391","0.8260869565217391","0.8260869565217391","0.8260869565217391","0.8260869565217391","0.8260869565217391","0.8260869565217391","0.8260869565217391","0.8260869565217391","0.8260869565217391","0.8260869565217391","0.8260869565217391","0.8260869565217391","0.8260869565217391","0.8260869565217391","0.8260869565217391","0.8260869565217391","0.8260869565217391","0.8260869565217391","0.8260869565217391","0.8260869565217391","0.8260869565217391","0.8260869565217391","0.8260869565217391","0.8260869565217391","0.8260869565217391","0.8260869565217391","0.8260869565217391","0.8260869565217391","0.8260869565217391","0.8260869565217391","0.8260869565217391","0.8260869565217391","0.8260869565217391","0.8260869565217391","0.8260869565217391","0.8260869565217391","0.8260869565217391","0.8260869565217391","0.8260869565217391","0.8260869565217391","0.8260869565217391","0.8260869565217391","0.8260869565217391","0.8260869565217391","0.8260869565217391","0.8260869565217391","0.8260869565217391","0.8260869565217391","0.8260869565217391","0.8260869565217391","0.8260869565217391","0.8260869565217391","0.8260869565217391","0.8260869565217391","0.8260869565217391","0.8260869565217391","0.8260869565217391","0.8260869565217391","0.8260869565217391","0.8260869565217391","0.8260869565217391","0.8260869565217391","0.8260869565217391","0.8260869565217391","0.8260869565217391","0.8260869565217391","0.8260869565217391","0.8260869565217391","0.8260869565217391","0.8260869565217391","0.8260869565217391","0.8260869565217391","0.8260869565217391","0.8260869565217391","0.8260869565217391","0.8260869565217391","0.8260869565217391","0.8260869565217391","0.8260869565217391","0.8260869565217391","0.8260869565217391","0.8260869565217391","0.8260869565217391","0.8260869565217391","0.8260869565217391","0.8260869565217391","0.8260869565217391","0.8260869565217391","0.8260869565217391","0.8260869565217391","0.8260869565217391","0.8260869565217391","0.8260869565217391","0.8260869565217391","0.8260869565217391","0.8260869565217391","0.8260869565217391","0.8260869565217391","0.8260869565217391","0.8260869565217391","0.8260869565217391","0.8260869565217391","0.8260869565217391","0.8260869565217391","0.8260869565217391","0.8260869565217391","0.8260869565217391","0.8260869565217391","0.8260869565217391","0.8260869565217391","0.8260869565217391","0.8260869565217391","0.8260869565217391","0.8260869565217391","0.8260869565217391","0.8260869565217391","0.8260869565217391","0.8260869565217391","0.8260869565217391","0.8260869565217391","0.8260869565217391","0.8260869565217391","0.8260869565217391","0.8260869565217391","0.8260869565217391","0.8260869565217391","0.8260869565217391","0.8260869565217391","0.8260869565217391","0.8260869565217391","0.8260869565217391","0.8260869565217391","0.8260869565217391","0.8260869565217391","0.8260869565217391","0.8260869565217391","0.8260869565217391","0.8260869565217391","0.8260869565217391","0.8260869565217391","0.8260869565217391","0.8260869565217391","0.8260869565217391","0.8260869565217391","0.8260869565217391","0.8260869565217391","0.8260869565217391","0.8260869565217391","0.8260869565217391","0.8260869565217391","0.8260869565217391","0.8260869565217391","0.8260869565217391","0.8260869565217391","0.8260869565217391","0.8260869565217391","0.8260869565217391","0.8260869565217391","0.8260869565217391","0.8260869565217391","0.8260869565217391","0.8260869565217391","0.8260869565217391","0.8260869565217391","0.8260869565217391","0.8260869565217391","0.8260869565217391","0.8260869565217391","0.8260869565217391","0.8260869565217391","0.8260869565217391","0.8260869565217391","0.8260869565217391","0.8260869565217391","0.8260869565217391","0.8260869565217391","0.8260869565217391","0.8260869565217391","0.8260869565217391","0.8260869565217391","0.8260869565217391","0.8260869565217391","0.8260869565217391","0.8260869565217391","0.8260869565217391","0.8260869565217391","0.8260869565217391","0.8260869565217391","0.8260869565217391","0.8260869565217391","0.8260869565217391","0.8260869565217391","0.8260869565217391","0.8260869565217391","0.8260869565217391","0.8260869565217391","0.8260869565217391","0.8260869565217391","0.8260869565217391","0.8260869565217391","0.8260869565217391","0.8260869565217391","0.8260869565217391","0.8260869565217391","0.8260869565217391","0.8260869565217391","0.8260869565217391","0.8260869565217391","0.8260869565217391","0.8260869565217391","0.8260869565217391","0.8260869565217391","0.8260869565217391","0.8260869565217391","0.8260869565217391","0.8260869565217391","0.8260869565217391","0.8260869565217391","0.8260869565217391","0.8260869565217391","0.8260869565217391","0.8260869565217391","0.8260869565217391","0.8260869565217391","0.8260869565217391","0.8260869565217391","0.8260869565217391","0.8260869565217391","0.8260869565217391","0.8260869565217391","0.8260869565217391","0.8260869565217391","0.8260869565217391","0.8260869565217391","0.8260869565217391","0.8260869565217391","0.8260869565217391","0.8260869565217391","0.8260869565217391","0.8260869565217391","0.8260869565217391","0.8260869565217391","0.8260869565217391","0.8260869565217391","0.8260869565217391","0.8260869565217391","0.8260869565217391","0.8260869565217391","0.8260869565217391","0.8260869565217391","0.8260869565217391","0.8260869565217391","0.8260869565217391","0.8260869565217391","0.8260869565217391","0.8260869565217391","0.8260869565217391","0.8260869565217391","0.8260869565217391","0.8260869565217391","0.8260869565217391","0.8260869565217391","0.8260869565217391","0.8260869565217391","0.8260869565217391","0.8260869565217391","0.8260869565217391","0.8260869565217391","0.8260869565217391","0.8260869565217391","0.8260869565217391","0.8260869565217391","0.8260869565217391","0.8260869565217391","0.8260869565217391","0.8260869565217391","0.8260869565217391","0.8260869565217391","0.8260869565217391","0.8260869565217391","0.8260869565217391","0.8260869565217391","0.8260869565217391","0.8260869565217391","0.8260869565217391","0.8260869565217391","0.8260869565217391","0.8260869565217391","0.8260869565217391","0.8260869565217391","0.8260869565217391","0.8260869565217391","0.8260869565217391","0.8260869565217391","0.8260869565217391","0.8260869565217391","0.8260869565217391","0.8260869565217391","0.8260869565217391","0.8260869565217391","0.8260869565217391","0.8260869565217391","0.8260869565217391","0.8260869565217391","0.8260869565217391","0.8260869565217391","0.8260869565217391","0.8260869565217391","0.8260869565217391","0.8260869565217391","0.8260869565217391","0.8260869565217391","0.8260869565217391","0.8260869565217391","0.8260869565217391","0.8260869565217391","0.8260869565217391","0.8260869565217391","0.8260869565217391","0.8260869565217391","0.8260869565217391","0.8260869565217391","0.8260869565217391","0.8260869565217391","0.8260869565217391","0.8260869565217391","0.8260869565217391","0.8260869565217391","0.8260869565217391","0.8260869565217391","0.8260869565217391","0.8260869565217391","0.8260869565217391","0.8260869565217391","0.8260869565217391","0.8260869565217391","0.8260869565217391","0.8260869565217391","0.8260869565217391","0.8260869565217391","0.8260869565217391","0.8260869565217391","0.8260869565217391","0.8260869565217391","0.8260869565217391","0.8260869565217391","0.8260869565217391","0.8260869565217391","0.8260869565217391","0.8260869565217391","0.8260869565217391","0.8260869565217391","0.8260869565217391","0.8260869565217391","0.8260869565217391","0.8260869565217391","0.8260869565217391","0.8260869565217391","0.8260869565217391","0.8260869565217391","0.8260869565217391","0.8260869565217391","0.8260869565217391","0.8260869565217391","0.8260869565217391","0.8260869565217391","0.8260869565217391","0.8260869565217391","0.8260869565217391","0.8260869565217391","0.8260869565217391","0.8260869565217391","0.8260869565217391","0.8260869565217391","0.8260869565217391","0.8260869565217391","0.8260869565217391","0.8260869565217391","0.8260869565217391","0.8260869565217391","0.8260869565217391","0.8260869565217391","0.8260869565217391","0.8260869565217391","0.8260869565217391","0.8260869565217391","0.8260869565217391","0.8260869565217391","0.8260869565217391","0.8260869565217391","0.8260869565217391","0.8260869565217391","0.8260869565217391","0.8260869565217391","0.8260869565217391","0.8260869565217391","0.8260869565217391","0.8260869565217391","0.8260869565217391","0.8260869565217391","0.8260869565217391","0.8260869565217391","0.8260869565217391","0.8260869565217391","0.8260869565217391","0.8260869565217391","0.8260869565217391","0.8260869565217391","0.8260869565217391","0.8260869565217391","0.8260869565217391","0.8260869565217391","0.8260869565217391","0.8260869565217391","0.8260869565217391","0.8260869565217391","0.8260869565217391","0.8260869565217391","0.8260869565217391","0.8260869565217391","0.8260869565217391","0.8260869565217391","0.8260869565217391","0.8260869565217391","0.8260869565217391","0.8260869565217391","0.8260869565217391","0.8260869565217391","0.8260869565217391","0.8260869565217391","0.8260869565217391","0.8260869565217391","0.8260869565217391","0.8260869565217391","0.8260869565217391","0.8260869565217391","0.8260869565217391","0.8260869565217391","0.8260869565217391","0.8260869565217391","0.8260869565217391","0.8260869565217391","0.8260869565217391","0.8260869565217391","0.8260869565217391","0.8260869565217391","0.8260869565217391","0.8260869565217391","0.8260869565217391","0.8260869565217391","0.8260869565217391","0.8260869565217391","0.8260869565217391","0.8260869565217391","0.8260869565217391","0.8260869565217391","0.8260869565217391","0.8260869565217391","0.8260869565217391","0.8260869565217391","0.8260869565217391","0.8260869565217391","0.8260869565217391","0.8260869565217391","0.8260869565217391","0.8260869565217391","0.8260869565217391","0.8260869565217391","0.8260869565217391","0.8260869565217391","0.8260869565217391","0.8260869565217391","0.8260869565217391","0.8260869565217391","0.8260869565217391","0.8260869565217391","0.8260869565217391","0.8260869565217391","0.8260869565217391","0.8260869565217391","0.8260869565217391","0.8260869565217391","0.8260869565217391","0.8260869565217391","0.8260869565217391","0.8260869565217391","0.8260869565217391","0.8260869565217391","0.8260869565217391","0.8260869565217391","0.8260869565217391","0.8260869565217391","0.8260869565217391","0.8260869565217391","0.8260869565217391","0.8260869565217391","0.8260869565217391","0.8260869565217391","0.8260869565217391","0.8260869565217391","0.8260869565217391","0.8260869565217391","0.8260869565217391","0.8260869565217391","0.8260869565217391","0.8260869565217391","0.8260869565217391","0.8260869565217391","0.8260869565217391","0.8260869565217391","0.8260869565217391","0.8260869565217391","0.8260869565217391","0.8260869565217391","0.8260869565217391","0.8260869565217391","0.8260869565217391","0.8260869565217391","0.8260869565217391","0.8260869565217391","0.8260869565217391","0.8260869565217391","0.8260869565217391","0.8260869565217391","0.8260869565217391","0.8260869565217391","0.8260869565217391","0.8260869565217391","0.8260869565217391","0.8260869565217391","0.8260869565217391","0.8260869565217391","0.8260869565217391","0.8260869565217391","0.8260869565217391","0.8260869565217391","0.8260869565217391","0.8260869565217391","0.8260869565217391","0.8260869565217391","0.8260869565217391","0.8260869565217391","0.8260869565217391","0.8260869565217391","0.8260869565217391","0.8260869565217391","0.8260869565217391","0.8260869565217391","0.8260869565217391","0.8260869565217391","0.8260869565217391","0.8260869565217391","0.8260869565217391","0.8260869565217391","0.8260869565217391","0.8260869565217391","0.8260869565217391","0.8260869565217391","0.8260869565217391","0.8260869565217391","0.8260869565217391","0.8260869565217391","0.8260869565217391","0.8260869565217391","0.8260869565217391","0.8260869565217391","0.8260869565217391","0.8260869565217391","91","2183"
"RandooPy-NoTypes","flutils.setuputils.cmd","1591028080377224749","14201","604136886453","0.058823529411764705","9519","19038","9519","19038","0.058823529411764705","0.058823529411764705","0.058823529411764705","0.058823529411764705","0.058823529411764705","0.058823529411764705","0.058823529411764705","0.058823529411764705","0.058823529411764705","0.058823529411764705","0.058823529411764705","0.058823529411764705","0.058823529411764705","0.058823529411764705","0.058823529411764705","0.058823529411764705","0.058823529411764705","0.058823529411764705","0.058823529411764705","0.058823529411764705","0.058823529411764705","0.058823529411764705","0.058823529411764705","0.058823529411764705","0.058823529411764705","0.058823529411764705","0.058823529411764705","0.058823529411764705","0.058823529411764705","0.058823529411764705","0.058823529411764705","0.058823529411764705","0.058823529411764705","0.058823529411764705","0.058823529411764705","0.058823529411764705","0.058823529411764705","0.058823529411764705","0.058823529411764705","0.058823529411764705","0.058823529411764705","0.058823529411764705","0.058823529411764705","0.058823529411764705","0.058823529411764705","0.058823529411764705","0.058823529411764705","0.058823529411764705","0.058823529411764705","0.058823529411764705","0.058823529411764705","0.058823529411764705","0.058823529411764705","0.058823529411764705","0.058823529411764705","0.058823529411764705","0.058823529411764705","0.058823529411764705","0.058823529411764705","0.058823529411764705","0.058823529411764705","0.058823529411764705","0.058823529411764705","0.058823529411764705","0.058823529411764705","0.058823529411764705","0.058823529411764705","0.058823529411764705","0.058823529411764705","0.058823529411764705","0.058823529411764705","0.058823529411764705","0.058823529411764705","0.058823529411764705","0.058823529411764705","0.058823529411764705","0.058823529411764705","0.058823529411764705","0.058823529411764705","0.058823529411764705","0.058823529411764705","0.058823529411764705","0.058823529411764705","0.058823529411764705","0.058823529411764705","0.058823529411764705","0.058823529411764705","0.058823529411764705","0.058823529411764705","0.058823529411764705","0.058823529411764705","0.058823529411764705","0.058823529411764705","0.058823529411764705","0.058823529411764705","0.058823529411764705","0.058823529411764705","0.058823529411764705","0.058823529411764705","0.058823529411764705","0.058823529411764705","0.058823529411764705","0.058823529411764705","0.058823529411764705","0.058823529411764705","0.058823529411764705","0.058823529411764705","0.058823529411764705","0.058823529411764705","0.058823529411764705","0.058823529411764705","0.058823529411764705","0.058823529411764705","0.058823529411764705","0.058823529411764705","0.058823529411764705","0.058823529411764705","0.058823529411764705","0.058823529411764705","0.058823529411764705","0.058823529411764705","0.058823529411764705","0.058823529411764705","0.058823529411764705","0.058823529411764705","0.058823529411764705","0.058823529411764705","0.058823529411764705","0.058823529411764705","0.058823529411764705","0.058823529411764705","0.058823529411764705","0.058823529411764705","0.058823529411764705","0.058823529411764705","0.058823529411764705","0.058823529411764705","0.058823529411764705","0.058823529411764705","0.058823529411764705","0.058823529411764705","0.058823529411764705","0.058823529411764705","0.058823529411764705","0.058823529411764705","0.058823529411764705","0.058823529411764705","0.058823529411764705","0.058823529411764705","0.058823529411764705","0.058823529411764705","0.058823529411764705","0.058823529411764705","0.058823529411764705","0.058823529411764705","0.058823529411764705","0.058823529411764705","0.058823529411764705","0.058823529411764705","0.058823529411764705","0.058823529411764705","0.058823529411764705","0.058823529411764705","0.058823529411764705","0.058823529411764705","0.058823529411764705","0.058823529411764705","0.058823529411764705","0.058823529411764705","0.058823529411764705","0.058823529411764705","0.058823529411764705","0.058823529411764705","0.058823529411764705","0.058823529411764705","0.058823529411764705","0.058823529411764705","0.058823529411764705","0.058823529411764705","0.058823529411764705","0.058823529411764705","0.058823529411764705","0.058823529411764705","0.058823529411764705","0.058823529411764705","0.058823529411764705","0.058823529411764705","0.058823529411764705","0.058823529411764705","0.058823529411764705","0.058823529411764705","0.058823529411764705","0.058823529411764705","0.058823529411764705","0.058823529411764705","0.058823529411764705","0.058823529411764705","0.058823529411764705","0.058823529411764705","0.058823529411764705","0.058823529411764705","0.058823529411764705","0.058823529411764705","0.058823529411764705","0.058823529411764705","0.058823529411764705","0.058823529411764705","0.058823529411764705","0.058823529411764705","0.058823529411764705","0.058823529411764705","0.058823529411764705","0.058823529411764705","0.058823529411764705","0.058823529411764705","0.058823529411764705","0.058823529411764705","0.058823529411764705","0.058823529411764705","0.058823529411764705","0.058823529411764705","0.058823529411764705","0.058823529411764705","0.058823529411764705","0.058823529411764705","0.058823529411764705","0.058823529411764705","0.058823529411764705","0.058823529411764705","0.058823529411764705","0.058823529411764705","0.058823529411764705","0.058823529411764705","0.058823529411764705","0.058823529411764705","0.058823529411764705","0.058823529411764705","0.058823529411764705","0.058823529411764705","0.058823529411764705","0.058823529411764705","0.058823529411764705","0.058823529411764705","0.058823529411764705","0.058823529411764705","0.058823529411764705","0.058823529411764705","0.058823529411764705","0.058823529411764705","0.058823529411764705","0.058823529411764705","0.058823529411764705","0.058823529411764705","0.058823529411764705","0.058823529411764705","0.058823529411764705","0.058823529411764705","0.058823529411764705","0.058823529411764705","0.058823529411764705","0.058823529411764705","0.058823529411764705","0.058823529411764705","0.058823529411764705","0.058823529411764705","0.058823529411764705","0.058823529411764705","0.058823529411764705","0.058823529411764705","0.058823529411764705","0.058823529411764705","0.058823529411764705","0.058823529411764705","0.058823529411764705","0.058823529411764705","0.058823529411764705","0.058823529411764705","0.058823529411764705","0.058823529411764705","0.058823529411764705","0.058823529411764705","0.058823529411764705","0.058823529411764705","0.058823529411764705","0.058823529411764705","0.058823529411764705","0.058823529411764705","0.058823529411764705","0.058823529411764705","0.058823529411764705","0.058823529411764705","0.058823529411764705","0.058823529411764705","0.058823529411764705","0.058823529411764705","0.058823529411764705","0.058823529411764705","0.058823529411764705","0.058823529411764705","0.058823529411764705","0.058823529411764705","0.058823529411764705","0.058823529411764705","0.058823529411764705","0.058823529411764705","0.058823529411764705","0.058823529411764705","0.058823529411764705","0.058823529411764705","0.058823529411764705","0.058823529411764705","0.058823529411764705","0.058823529411764705","0.058823529411764705","0.058823529411764705","0.058823529411764705","0.058823529411764705","0.058823529411764705","0.058823529411764705","0.058823529411764705","0.058823529411764705","0.058823529411764705","0.058823529411764705","0.058823529411764705","0.058823529411764705","0.058823529411764705","0.058823529411764705","0.058823529411764705","0.058823529411764705","0.058823529411764705","0.058823529411764705","0.058823529411764705","0.058823529411764705","0.058823529411764705","0.058823529411764705","0.058823529411764705","0.058823529411764705","0.058823529411764705","0.058823529411764705","0.058823529411764705","0.058823529411764705","0.058823529411764705","0.058823529411764705","0.058823529411764705","0.058823529411764705","0.058823529411764705","0.058823529411764705","0.058823529411764705","0.058823529411764705","0.058823529411764705","0.058823529411764705","0.058823529411764705","0.058823529411764705","0.058823529411764705","0.058823529411764705","0.058823529411764705","0.058823529411764705","0.058823529411764705","0.058823529411764705","0.058823529411764705","0.058823529411764705","0.058823529411764705","0.058823529411764705","0.058823529411764705","0.058823529411764705","0.058823529411764705","0.058823529411764705","0.058823529411764705","0.058823529411764705","0.058823529411764705","0.058823529411764705","0.058823529411764705","0.058823529411764705","0.058823529411764705","0.058823529411764705","0.058823529411764705","0.058823529411764705","0.058823529411764705","0.058823529411764705","0.058823529411764705","0.058823529411764705","0.058823529411764705","0.058823529411764705","0.058823529411764705","0.058823529411764705","0.058823529411764705","0.058823529411764705","0.058823529411764705","0.058823529411764705","0.058823529411764705","0.058823529411764705","0.058823529411764705","0.058823529411764705","0.058823529411764705","0.058823529411764705","0.058823529411764705","0.058823529411764705","0.058823529411764705","0.058823529411764705","0.058823529411764705","0.058823529411764705","0.058823529411764705","0.058823529411764705","0.058823529411764705","0.058823529411764705","0.058823529411764705","0.058823529411764705","0.058823529411764705","0.058823529411764705","0.058823529411764705","0.058823529411764705","0.058823529411764705","0.058823529411764705","0.058823529411764705","0.058823529411764705","0.058823529411764705","0.058823529411764705","0.058823529411764705","0.058823529411764705","0.058823529411764705","0.058823529411764705","0.058823529411764705","0.058823529411764705","0.058823529411764705","0.058823529411764705","0.058823529411764705","0.058823529411764705","0.058823529411764705","0.058823529411764705","0.058823529411764705","0.058823529411764705","0.058823529411764705","0.058823529411764705","0.058823529411764705","0.058823529411764705","0.058823529411764705","0.058823529411764705","0.058823529411764705","0.058823529411764705","0.058823529411764705","0.058823529411764705","0.058823529411764705","0.058823529411764705","0.058823529411764705","0.058823529411764705","0.058823529411764705","0.058823529411764705","0.058823529411764705","0.058823529411764705","0.058823529411764705","0.058823529411764705","0.058823529411764705","0.058823529411764705","0.058823529411764705","0.058823529411764705","0.058823529411764705","0.058823529411764705","0.058823529411764705","0.058823529411764705","0.058823529411764705","0.058823529411764705","0.058823529411764705","0.058823529411764705","0.058823529411764705","0.058823529411764705","0.058823529411764705","0.058823529411764705","0.058823529411764705","0.058823529411764705","0.058823529411764705","0.058823529411764705","0.058823529411764705","0.058823529411764705","0.058823529411764705","0.058823529411764705","0.058823529411764705","0.058823529411764705","0.058823529411764705","0.058823529411764705","0.058823529411764705","0.058823529411764705","0.058823529411764705","0.058823529411764705","0.058823529411764705","0.058823529411764705","0.058823529411764705","0.058823529411764705","0.058823529411764705","0.058823529411764705","0.058823529411764705","0.058823529411764705","0.058823529411764705","0.058823529411764705","0.058823529411764705","0.058823529411764705","0.058823529411764705","0.058823529411764705","0.058823529411764705","0.058823529411764705","0.058823529411764705","0.058823529411764705","0.058823529411764705","0.058823529411764705","0.058823529411764705","0.058823529411764705","0.058823529411764705","0.058823529411764705","0.058823529411764705","0.058823529411764705","0.058823529411764705","0.058823529411764705","0.058823529411764705","0.058823529411764705","0.058823529411764705","0.058823529411764705","0.058823529411764705","0.058823529411764705","0.058823529411764705","0.058823529411764705","0.058823529411764705","0.058823529411764705","0.058823529411764705","0.058823529411764705","0.058823529411764705","0.058823529411764705","0.058823529411764705","0.058823529411764705","0.058823529411764705","0.058823529411764705","0.058823529411764705","0.058823529411764705","0.058823529411764705","0.058823529411764705","0.058823529411764705","0.058823529411764705","0.058823529411764705","0.058823529411764705","0.058823529411764705","0.058823529411764705","0.058823529411764705","0.058823529411764705","0.058823529411764705","0.058823529411764705","0.058823529411764705","0.058823529411764705","0.058823529411764705","0.058823529411764705","0.058823529411764705","0.058823529411764705","0.058823529411764705","0.058823529411764705","0.058823529411764705","0.058823529411764705","0.058823529411764705","0.058823529411764705","0.058823529411764705","0.058823529411764705","0.058823529411764705","0.058823529411764705","0.058823529411764705","0.058823529411764705","0.058823529411764705","0.058823529411764705","0.058823529411764705","0.058823529411764705","0.058823529411764705","0.058823529411764705","0.058823529411764705","0.058823529411764705","0.058823529411764705","0.058823529411764705","0.058823529411764705","0.058823529411764705","0.058823529411764705","0.058823529411764705","0.058823529411764705","0.058823529411764705","0.058823529411764705","0.058823529411764705","0.058823529411764705","0.058823529411764705","0.058823529411764705","0.058823529411764705","0.058823529411764705","0.058823529411764705","0.058823529411764705","0.058823529411764705","0.058823529411764705","0.058823529411764705","0.058823529411764705","0.058823529411764705","0.058823529411764705","0.058823529411764705","0.058823529411764705","0.058823529411764705","0.058823529411764705","0.058823529411764705","0.058823529411764705","0.058823529411764705","0.058823529411764705","0","0"
"WSPy-NoTypes","flutils.validators","1591028622049307780","1491","600123128343","0.9130434782608695","9","131","8","130","0.7391304347826086","0.7752645191770543","0.8260869565217391","0.8260869565217391","0.8260869565217391","0.8260869565217391","0.8260869565217391","0.8260869565217391","0.8260869565217391","0.8260869565217391","0.8260869565217391","0.8260869565217391","0.8260869565217391","0.8260869565217391","0.8260869565217391","0.8260869565217391","0.8260869565217391","0.8260869565217391","0.8260869565217391","0.8260869565217391","0.8260869565217391","0.8260869565217391","0.8260869565217391","0.8260869565217391","0.8260869565217391","0.8260869565217391","0.8260869565217391","0.8260869565217391","0.8260869565217391","0.8260869565217391","0.8260869565217391","0.8260869565217391","0.8260869565217391","0.8260869565217391","0.8260869565217391","0.8260869565217391","0.8260869565217391","0.8260869565217391","0.8260869565217391","0.8260869565217391","0.8260869565217391","0.8260869565217391","0.8260869565217391","0.8260869565217391","0.8260869565217391","0.8260869565217391","0.8260869565217391","0.8260869565217391","0.8260869565217391","0.8260869565217391","0.8260869565217391","0.8260869565217391","0.8260869565217391","0.8260869565217391","0.8260869565217391","0.8260869565217391","0.8260869565217391","0.8260869565217391","0.8260869565217391","0.8260869565217391","0.8260869565217391","0.8260869565217391","0.8260869565217391","0.8260869565217391","0.8260869565217391","0.8260869565217391","0.8260869565217391","0.8260869565217391","0.8260869565217391","0.8260869565217391","0.8260869565217391","0.8260869565217391","0.8260869565217391","0.8260869565217391","0.8260869565217391","0.8260869565217391","0.8260869565217391","0.8260869565217391","0.8260869565217391","0.8260869565217391","0.8260869565217391","0.8260869565217391","0.8260869565217391","0.8260869565217391","0.8260869565217391","0.8260869565217391","0.8260869565217391","0.8260869565217391","0.8260869565217391","0.8260869565217391","0.8260869565217391","0.8260869565217391","0.8260869565217391","0.8260869565217391","0.8260869565217391","0.8260869565217391","0.8260869565217391","0.8260869565217391","0.8260869565217391","0.8260869565217391","0.8260869565217391","0.8260869565217391","0.8260869565217391","0.8260869565217391","0.8260869565217391","0.8260869565217391","0.8260869565217391","0.8260869565217391","0.8260869565217391","0.8260869565217391","0.8260869565217391","0.8260869565217391","0.8260869565217391","0.8260869565217391","0.8260869565217391","0.8260869565217391","0.8260869565217391","0.8260869565217391","0.8260869565217391","0.8260869565217391","0.8260869565217391","0.8260869565217391","0.8260869565217391","0.8260869565217391","0.8260869565217391","0.8260869565217391","0.8260869565217391","0.8695652173913043","0.8695652173913043","0.8695652173913043","0.8695652173913043","0.8695652173913043","0.8695652173913043","0.8695652173913043","0.8695652173913043","0.8695652173913043","0.8695652173913043","0.8695652173913043","0.8695652173913043","0.8695652173913043","0.8695652173913043","0.8695652173913043","0.8695652173913043","0.8695652173913043","0.8695652173913043","0.8695652173913043","0.8695652173913043","0.8695652173913043","0.8695652173913043","0.8695652173913043","0.8695652173913043","0.8695652173913043","0.8695652173913043","0.8695652173913043","0.8695652173913043","0.8695652173913043","0.8695652173913043","0.8695652173913043","0.8695652173913043","0.8695652173913043","0.8695652173913043","0.8695652173913043","0.8695652173913043","0.9130434782608695","0.9130434782608695","0.9130434782608695","0.9130434782608695","0.9130434782608695","0.9130434782608695","0.9130434782608695","0.9130434782608695","0.9130434782608695","0.9130434782608695","0.9130434782608695","0.9130434782608695","0.9130434782608695","0.9130434782608695","0.9130434782608695","0.9130434782608695","0.9130434782608695","0.9130434782608695","0.9130434782608695","0.9130434782608695","0.9130434782608695","0.9130434782608695","0.9130434782608695","0.9130434782608695","0.9130434782608695","0.9130434782608695","0.9130434782608695","0.9130434782608695","0.9130434782608695","0.9130434782608695","0.9130434782608695","0.9130434782608695","0.9130434782608695","0.9130434782608695","0.9130434782608695","0.9130434782608695","0.9130434782608695","0.9130434782608695","0.9130434782608695","0.9130434782608695","0.9130434782608695","0.9130434782608695","0.9130434782608695","0.9130434782608695","0.9130434782608695","0.9130434782608695","0.9130434782608695","0.9130434782608695","0.9130434782608695","0.9130434782608695","0.9130434782608695","0.9130434782608695","0.9130434782608695","0.9130434782608695","0.9130434782608695","0.9130434782608695","0.9130434782608695","0.9130434782608695","0.9130434782608695","0.9130434782608695","0.9130434782608695","0.9130434782608695","0.9130434782608695","0.9130434782608695","0.9130434782608695","0.9130434782608695","0.9130434782608695","0.9130434782608695","0.9130434782608695","0.9130434782608695","0.9130434782608695","0.9130434782608695","0.9130434782608695","0.9130434782608695","0.9130434782608695","0.9130434782608695","0.9130434782608695","0.9130434782608695","0.9130434782608695","0.9130434782608695","0.9130434782608695","0.9130434782608695","0.9130434782608695","0.9130434782608695","0.9130434782608695","0.9130434782608695","0.9130434782608695","0.9130434782608695","0.9130434782608695","0.9130434782608695","0.9130434782608695","0.9130434782608695","0.9130434782608695","0.9130434782608695","0.9130434782608695","0.9130434782608695","0.9130434782608695","0.9130434782608695","0.9130434782608695","0.9130434782608695","0.9130434782608695","0.9130434782608695","0.9130434782608695","0.9130434782608695","0.9130434782608695","0.9130434782608695","0.9130434782608695","0.9130434782608695","0.9130434782608695","0.9130434782608695","0.9130434782608695","0.9130434782608695","0.9130434782608695","0.9130434782608695","0.9130434782608695","0.9130434782608695","0.9130434782608695","0.9130434782608695","0.9130434782608695","0.9130434782608695","0.9130434782608695","0.9130434782608695","0.9130434782608695","0.9130434782608695","0.9130434782608695","0.9130434782608695","0.9130434782608695","0.9130434782608695","0.9130434782608695","0.9130434782608695","0.9130434782608695","0.9130434782608695","0.9130434782608695","0.9130434782608695","0.9130434782608695","0.9130434782608695","0.9130434782608695","0.9130434782608695","0.9130434782608695","0.9130434782608695","0.9130434782608695","0.9130434782608695","0.9130434782608695","0.9130434782608695","0.9130434782608695","0.9130434782608695","0.9130434782608695","0.9130434782608695","0.9130434782608695","0.9130434782608695","0.9130434782608695","0.9130434782608695","0.9130434782608695","0.9130434782608695","0.9130434782608695","0.9130434782608695","0.9130434782608695","0.9130434782608695","0.9130434782608695","0.9130434782608695","0.9130434782608695","0.9130434782608695","0.9130434782608695","0.9130434782608695","0.9130434782608695","0.9130434782608695","0.9130434782608695","0.9130434782608695","0.9130434782608695","0.9130434782608695","0.9130434782608695","0.9130434782608695","0.9130434782608695","0.9130434782608695","0.9130434782608695","0.9130434782608695","0.9130434782608695","0.9130434782608695","0.9130434782608695","0.9130434782608695","0.9130434782608695","0.9130434782608695","0.9130434782608695","0.9130434782608695","0.9130434782608695","0.9130434782608695","0.9130434782608695","0.9130434782608695","0.9130434782608695","0.9130434782608695","0.9130434782608695","0.9130434782608695","0.9130434782608695","0.9130434782608695","0.9130434782608695","0.9130434782608695","0.9130434782608695","0.9130434782608695","0.9130434782608695","0.9130434782608695","0.9130434782608695","0.9130434782608695","0.9130434782608695","0.9130434782608695","0.9130434782608695","0.9130434782608695","0.9130434782608695","0.9130434782608695","0.9130434782608695","0.9130434782608695","0.9130434782608695","0.9130434782608695","0.9130434782608695","0.9130434782608695","0.9130434782608695","0.9130434782608695","0.9130434782608695","0.9130434782608695","0.9130434782608695","0.9130434782608695","0.9130434782608695","0.9130434782608695","0.9130434782608695","0.9130434782608695","0.9130434782608695","0.9130434782608695","0.9130434782608695","0.9130434782608695","0.9130434782608695","0.9130434782608695","0.9130434782608695","0.9130434782608695","0.9130434782608695","0.9130434782608695","0.9130434782608695","0.9130434782608695","0.9130434782608695","0.9130434782608695","0.9130434782608695","0.9130434782608695","0.9130434782608695","0.9130434782608695","0.9130434782608695","0.9130434782608695","0.9130434782608695","0.9130434782608695","0.9130434782608695","0.9130434782608695","0.9130434782608695","0.9130434782608695","0.9130434782608695","0.9130434782608695","0.9130434782608695","0.9130434782608695","0.9130434782608695","0.9130434782608695","0.9130434782608695","0.9130434782608695","0.9130434782608695","0.9130434782608695","0.9130434782608695","0.9130434782608695","0.9130434782608695","0.9130434782608695","0.9130434782608695","0.9130434782608695","0.9130434782608695","0.9130434782608695","0.9130434782608695","0.9130434782608695","0.9130434782608695","0.9130434782608695","0.9130434782608695","0.9130434782608695","0.9130434782608695","0.9130434782608695","0.9130434782608695","0.9130434782608695","0.9130434782608695","0.9130434782608695","0.9130434782608695","0.9130434782608695","0.9130434782608695","0.9130434782608695","0.9130434782608695","0.9130434782608695","0.9130434782608695","0.9130434782608695","0.9130434782608695","0.9130434782608695","0.9130434782608695","0.9130434782608695","0.9130434782608695","0.9130434782608695","0.9130434782608695","0.9130434782608695","0.9130434782608695","0.9130434782608695","0.9130434782608695","0.9130434782608695","0.9130434782608695","0.9130434782608695","0.9130434782608695","0.9130434782608695","0.9130434782608695","0.9130434782608695","0.9130434782608695","0.9130434782608695","0.9130434782608695","0.9130434782608695","0.9130434782608695","0.9130434782608695","0.9130434782608695","0.9130434782608695","0.9130434782608695","0.9130434782608695","0.9130434782608695","0.9130434782608695","0.9130434782608695","0.9130434782608695","0.9130434782608695","0.9130434782608695","0.9130434782608695","0.9130434782608695","0.9130434782608695","0.9130434782608695","0.9130434782608695","0.9130434782608695","0.9130434782608695","0.9130434782608695","0.9130434782608695","0.9130434782608695","0.9130434782608695","0.9130434782608695","0.9130434782608695","0.9130434782608695","0.9130434782608695","0.9130434782608695","0.9130434782608695","0.9130434782608695","0.9130434782608695","0.9130434782608695","0.9130434782608695","0.9130434782608695","0.9130434782608695","0.9130434782608695","0.9130434782608695","0.9130434782608695","0.9130434782608695","0.9130434782608695","0.9130434782608695","0.9130434782608695","0.9130434782608695","0.9130434782608695","0.9130434782608695","0.9130434782608695","0.9130434782608695","0.9130434782608695","0.9130434782608695","0.9130434782608695","0.9130434782608695","0.9130434782608695","0.9130434782608695","0.9130434782608695","0.9130434782608695","0.9130434782608695","0.9130434782608695","0.9130434782608695","0.9130434782608695","0.9130434782608695","0.9130434782608695","0.9130434782608695","0.9130434782608695","0.9130434782608695","0.9130434782608695","0.9130434782608695","0.9130434782608695","0.9130434782608695","0.9130434782608695","0.9130434782608695","0.9130434782608695","0.9130434782608695","0.9130434782608695","0.9130434782608695","0.9130434782608695","0.9130434782608695","0.9130434782608695","0.9130434782608695","0.9130434782608695","0.9130434782608695","0.9130434782608695","0.9130434782608695","0.9130434782608695","0.9130434782608695","0.9130434782608695","0.9130434782608695","0.9130434782608695","0.9130434782608695","0.9130434782608695","0.9130434782608695","0.9130434782608695","0.9130434782608695","0.9130434782608695","0.9130434782608695","0.9130434782608695","0.9130434782608695","0.9130434782608695","0.9130434782608695","0.9130434782608695","0.9130434782608695","0.9130434782608695","0.9130434782608695","0.9130434782608695","0.9130434782608695","0.9130434782608695","0.9130434782608695","0.9130434782608695","0.9130434782608695","0.9130434782608695","0.9130434782608695","0.9130434782608695","0.9130434782608695","0.9130434782608695","0.9130434782608695","0.9130434782608695","0.9130434782608695","0.9130434782608695","0.9130434782608695","0.9130434782608695","0.9130434782608695","0.9130434782608695","0.9130434782608695","0.9130434782608695","0.9130434782608695","0.9130434782608695","0.9130434782608695","0.9130434782608695","1","1"
"RandooPy-NoTypes","flutils.setuputils.cfg","1591028065114815295","595","606812593513","0.03773584905660377","544","13642","292","7392","0.03773584905660377","0.03773584905660377","0.03773584905660377","0.03773584905660377","0.03773584905660377","0.03773584905660377","0.03773584905660377","0.03773584905660377","0.03773584905660377","0.03773584905660377","0.03773584905660377","0.03773584905660377","0.03773584905660377","0.03773584905660377","0.03773584905660377","0.03773584905660377","0.03773584905660377","0.03773584905660377","0.03773584905660377","0.03773584905660377","0.03773584905660377","0.03773584905660377","0.03773584905660377","0.03773584905660377","0.03773584905660377","0.03773584905660377","0.03773584905660377","0.03773584905660377","0.03773584905660377","0.03773584905660377","0.03773584905660377","0.03773584905660377","0.03773584905660377","0.03773584905660377","0.03773584905660377","0.03773584905660377","0.03773584905660377","0.03773584905660377","0.03773584905660377","0.03773584905660377","0.03773584905660377","0.03773584905660377","0.03773584905660377","0.03773584905660377","0.03773584905660377","0.03773584905660377","0.03773584905660377","0.03773584905660377","0.03773584905660377","0.03773584905660377","0.03773584905660377","0.03773584905660377","0.03773584905660377","0.03773584905660377","0.03773584905660377","0.03773584905660377","0.03773584905660377","0.03773584905660377","0.03773584905660377","0.03773584905660377","0.03773584905660377","0.03773584905660377","0.03773584905660377","0.03773584905660377","0.03773584905660377","0.03773584905660377","0.03773584905660377","0.03773584905660377","0.03773584905660377","0.03773584905660377","0.03773584905660377","0.03773584905660377","0.03773584905660377","0.03773584905660377","0.03773584905660377","0.03773584905660377","0.03773584905660377","0.03773584905660377","0.03773584905660377","0.03773584905660377","0.03773584905660377","0.03773584905660377","0.03773584905660377","0.03773584905660377","0.03773584905660377","0.03773584905660377","0.03773584905660377","0.03773584905660377","0.03773584905660377","0.03773584905660377","0.03773584905660377","0.03773584905660377","0.03773584905660377","0.03773584905660377","0.03773584905660377","0.03773584905660377","0.03773584905660377","0.03773584905660377","0.03773584905660377","0.03773584905660377","0.03773584905660377","0.03773584905660377","0.03773584905660377","0.03773584905660377","0.03773584905660377","0.03773584905660377","0.03773584905660377","0.03773584905660377","0.03773584905660377","0.03773584905660377","0.03773584905660377","0.03773584905660377","0.03773584905660377","0.03773584905660377","0.03773584905660377","0.03773584905660377","0.03773584905660377","0.03773584905660377","0.03773584905660377","0.03773584905660377","0.03773584905660377","0.03773584905660377","0.03773584905660377","0.03773584905660377","0.03773584905660377","0.03773584905660377","0.03773584905660377","0.03773584905660377","0.03773584905660377","0.03773584905660377","0.03773584905660377","0.03773584905660377","0.03773584905660377","0.03773584905660377","0.03773584905660377","0.03773584905660377","0.03773584905660377","0.03773584905660377","0.03773584905660377","0.03773584905660377","0.03773584905660377","0.03773584905660377","0.03773584905660377","0.03773584905660377","0.03773584905660377","0.03773584905660377","0.03773584905660377","0.03773584905660377","0.03773584905660377","0.03773584905660377","0.03773584905660377","0.03773584905660377","0.03773584905660377","0.03773584905660377","0.03773584905660377","0.03773584905660377","0.03773584905660377","0.03773584905660377","0.03773584905660377","0.03773584905660377","0.03773584905660377","0.03773584905660377","0.03773584905660377","0.03773584905660377","0.03773584905660377","0.03773584905660377","0.03773584905660377","0.03773584905660377","0.03773584905660377","0.03773584905660377","0.03773584905660377","0.03773584905660377","0.03773584905660377","0.03773584905660377","0.03773584905660377","0.03773584905660377","0.03773584905660377","0.03773584905660377","0.03773584905660377","0.03773584905660377","0.03773584905660377","0.03773584905660377","0.03773584905660377","0.03773584905660377","0.03773584905660377","0.03773584905660377","0.03773584905660377","0.03773584905660377","0.03773584905660377","0.03773584905660377","0.03773584905660377","0.03773584905660377","0.03773584905660377","0.03773584905660377","0.03773584905660377","0.03773584905660377","0.03773584905660377","0.03773584905660377","0.03773584905660377","0.03773584905660377","0.03773584905660377","0.03773584905660377","0.03773584905660377","0.03773584905660377","0.03773584905660377","0.03773584905660377","0.03773584905660377","0.03773584905660377","0.03773584905660377","0.03773584905660377","0.03773584905660377","0.03773584905660377","0.03773584905660377","0.03773584905660377","0.03773584905660377","0.03773584905660377","0.03773584905660377","0.03773584905660377","0.03773584905660377","0.03773584905660377","0.03773584905660377","0.03773584905660377","0.03773584905660377","0.03773584905660377","0.03773584905660377","0.03773584905660377","0.03773584905660377","0.03773584905660377","0.03773584905660377","0.03773584905660377","0.03773584905660377","0.03773584905660377","0.03773584905660377","0.03773584905660377","0.03773584905660377","0.03773584905660377","0.03773584905660377","0.03773584905660377","0.03773584905660377","0.03773584905660377","0.03773584905660377","0.03773584905660377","0.03773584905660377","0.03773584905660377","0.03773584905660377","0.03773584905660377","0.03773584905660377","0.03773584905660377","0.03773584905660377","0.03773584905660377","0.03773584905660377","0.03773584905660377","0.03773584905660377","0.03773584905660377","0.03773584905660377","0.03773584905660377","0.03773584905660377","0.03773584905660377","0.03773584905660377","0.03773584905660377","0.03773584905660377","0.03773584905660377","0.03773584905660377","0.03773584905660377","0.03773584905660377","0.03773584905660377","0.03773584905660377","0.03773584905660377","0.03773584905660377","0.03773584905660377","0.03773584905660377","0.03773584905660377","0.03773584905660377","0.03773584905660377","0.03773584905660377","0.03773584905660377","0.03773584905660377","0.03773584905660377","0.03773584905660377","0.03773584905660377","0.03773584905660377","0.03773584905660377","0.03773584905660377","0.03773584905660377","0.03773584905660377","0.03773584905660377","0.03773584905660377","0.03773584905660377","0.03773584905660377","0.03773584905660377","0.03773584905660377","0.03773584905660377","0.03773584905660377","0.03773584905660377","0.03773584905660377","0.03773584905660377","0.03773584905660377","0.03773584905660377","0.03773584905660377","0.03773584905660377","0.03773584905660377","0.03773584905660377","0.03773584905660377","0.03773584905660377","0.03773584905660377","0.03773584905660377","0.03773584905660377","0.03773584905660377","0.03773584905660377","0.03773584905660377","0.03773584905660377","0.03773584905660377","0.03773584905660377","0.03773584905660377","0.03773584905660377","0.03773584905660377","0.03773584905660377","0.03773584905660377","0.03773584905660377","0.03773584905660377","0.03773584905660377","0.03773584905660377","0.03773584905660377","0.03773584905660377","0.03773584905660377","0.03773584905660377","0.03773584905660377","0.03773584905660377","0.03773584905660377","0.03773584905660377","0.03773584905660377","0.03773584905660377","0.03773584905660377","0.03773584905660377","0.03773584905660377","0.03773584905660377","0.03773584905660377","0.03773584905660377","0.03773584905660377","0.03773584905660377","0.03773584905660377","0.03773584905660377","0.03773584905660377","0.03773584905660377","0.03773584905660377","0.03773584905660377","0.03773584905660377","0.03773584905660377","0.03773584905660377","0.03773584905660377","0.03773584905660377","0.03773584905660377","0.03773584905660377","0.03773584905660377","0.03773584905660377","0.03773584905660377","0.03773584905660377","0.03773584905660377","0.03773584905660377","0.03773584905660377","0.03773584905660377","0.03773584905660377","0.03773584905660377","0.03773584905660377","0.03773584905660377","0.03773584905660377","0.03773584905660377","0.03773584905660377","0.03773584905660377","0.03773584905660377","0.03773584905660377","0.03773584905660377","0.03773584905660377","0.03773584905660377","0.03773584905660377","0.03773584905660377","0.03773584905660377","0.03773584905660377","0.03773584905660377","0.03773584905660377","0.03773584905660377","0.03773584905660377","0.03773584905660377","0.03773584905660377","0.03773584905660377","0.03773584905660377","0.03773584905660377","0.03773584905660377","0.03773584905660377","0.03773584905660377","0.03773584905660377","0.03773584905660377","0.03773584905660377","0.03773584905660377","0.03773584905660377","0.03773584905660377","0.03773584905660377","0.03773584905660377","0.03773584905660377","0.03773584905660377","0.03773584905660377","0.03773584905660377","0.03773584905660377","0.03773584905660377","0.03773584905660377","0.03773584905660377","0.03773584905660377","0.03773584905660377","0.03773584905660377","0.03773584905660377","0.03773584905660377","0.03773584905660377","0.03773584905660377","0.03773584905660377","0.03773584905660377","0.03773584905660377","0.03773584905660377","0.03773584905660377","0.03773584905660377","0.03773584905660377","0.03773584905660377","0.03773584905660377","0.03773584905660377","0.03773584905660377","0.03773584905660377","0.03773584905660377","0.03773584905660377","0.03773584905660377","0.03773584905660377","0.03773584905660377","0.03773584905660377","0.03773584905660377","0.03773584905660377","0.03773584905660377","0.03773584905660377","0.03773584905660377","0.03773584905660377","0.03773584905660377","0.03773584905660377","0.03773584905660377","0.03773584905660377","0.03773584905660377","0.03773584905660377","0.03773584905660377","0.03773584905660377","0.03773584905660377","0.03773584905660377","0.03773584905660377","0.03773584905660377","0.03773584905660377","0.03773584905660377","0.03773584905660377","0.03773584905660377","0.03773584905660377","0.03773584905660377","0.03773584905660377","0.03773584905660377","0.03773584905660377","0.03773584905660377","0.03773584905660377","0.03773584905660377","0.03773584905660377","0.03773584905660377","0.03773584905660377","0.03773584905660377","0.03773584905660377","0.03773584905660377","0.03773584905660377","0.03773584905660377","0.03773584905660377","0.03773584905660377","0.03773584905660377","0.03773584905660377","0.03773584905660377","0.03773584905660377","0.03773584905660377","0.03773584905660377","0.03773584905660377","0.03773584905660377","0.03773584905660377","0.03773584905660377","0.03773584905660377","0.03773584905660377","0.03773584905660377","0.03773584905660377","0.03773584905660377","0.03773584905660377","0.03773584905660377","0.03773584905660377","0.03773584905660377","0.03773584905660377","0.03773584905660377","0.03773584905660377","0.03773584905660377","0.03773584905660377","0.03773584905660377","0.03773584905660377","0.03773584905660377","0.03773584905660377","0.03773584905660377","0.03773584905660377","0.03773584905660377","0.03773584905660377","0.03773584905660377","0.03773584905660377","0.03773584905660377","0.03773584905660377","0.03773584905660377","0.03773584905660377","0.03773584905660377","0.03773584905660377","0.03773584905660377","0.03773584905660377","0.03773584905660377","0.03773584905660377","0.03773584905660377","0.03773584905660377","0.03773584905660377","0.03773584905660377","0.03773584905660377","0.03773584905660377","0.03773584905660377","0.03773584905660377","0.03773584905660377","0.03773584905660377","0.03773584905660377","0.03773584905660377","0.03773584905660377","0.03773584905660377","0.03773584905660377","0.03773584905660377","0.03773584905660377","0.03773584905660377","0.03773584905660377","0.03773584905660377","0.03773584905660377","0.03773584905660377","0.03773584905660377","0.03773584905660377","0.03773584905660377","0.03773584905660377","0.03773584905660377","0.03773584905660377","0.03773584905660377","0.03773584905660377","0.03773584905660377","0.03773584905660377","0.03773584905660377","0.03773584905660377","0.03773584905660377","0.03773584905660377","0.03773584905660377","0.03773584905660377","0.03773584905660377","0.03773584905660377","0.03773584905660377","0.03773584905660377","0.03773584905660377","0.03773584905660377","0.03773584905660377","0.03773584905660377","0.03773584905660377","0.03773584905660377","0.03773584905660377","0.03773584905660377","0.03773584905660377","0.03773584905660377","0.03773584905660377","0.03773584905660377","0.03773584905660377","0.03773584905660377","0.03773584905660377","0.03773584905660377","0.03773584905660377","0.03773584905660377","0.03773584905660377","0.03773584905660377","0.03773584905660377","0.03773584905660377","0.03773584905660377","0.03773584905660377","0.03773584905660377","0.03773584905660377","0.03773584905660377","0.03773584905660377","0.03773584905660377","0.03773584905660377","0.03773584905660377","0.03773584905660377","0.03773584905660377","0.03773584905660377","0.03773584905660377","0.03773584905660377","0.03773584905660377","0.03773584905660377","0.03773584905660377","0.03773584905660377","0.03773584905660377","0.03773584905660377","0.03773584905660377","252","6250"
"RandooPy-TypeHintsInference","flutils.moduleutils","1591027657977852683","751","606950812644","0.23529411764705882","713","20818","571","16753","0.22794117647058823","0.23529411764705882","0.23529411764705882","0.23529411764705882","0.23529411764705882","0.23529411764705882","0.23529411764705882","0.23529411764705882","0.23529411764705882","0.23529411764705882","0.23529411764705882","0.23529411764705882","0.23529411764705882","0.23529411764705882","0.23529411764705882","0.23529411764705882","0.23529411764705882","0.23529411764705882","0.23529411764705882","0.23529411764705882","0.23529411764705882","0.23529411764705882","0.23529411764705882","0.23529411764705882","0.23529411764705882","0.23529411764705882","0.23529411764705882","0.23529411764705882","0.23529411764705882","0.23529411764705882","0.23529411764705882","0.23529411764705882","0.23529411764705882","0.23529411764705882","0.23529411764705882","0.23529411764705882","0.23529411764705882","0.23529411764705882","0.23529411764705882","0.23529411764705882","0.23529411764705882","0.23529411764705882","0.23529411764705882","0.23529411764705882","0.23529411764705882","0.23529411764705882","0.23529411764705882","0.23529411764705882","0.23529411764705882","0.23529411764705882","0.23529411764705882","0.23529411764705882","0.23529411764705882","0.23529411764705882","0.23529411764705882","0.23529411764705882","0.23529411764705882","0.23529411764705882","0.23529411764705882","0.23529411764705882","0.23529411764705882","0.23529411764705882","0.23529411764705882","0.23529411764705882","0.23529411764705882","0.23529411764705882","0.23529411764705882","0.23529411764705882","0.23529411764705882","0.23529411764705882","0.23529411764705882","0.23529411764705882","0.23529411764705882","0.23529411764705882","0.23529411764705882","0.23529411764705882","0.23529411764705882","0.23529411764705882","0.23529411764705882","0.23529411764705882","0.23529411764705882","0.23529411764705882","0.23529411764705882","0.23529411764705882","0.23529411764705882","0.23529411764705882","0.23529411764705882","0.23529411764705882","0.23529411764705882","0.23529411764705882","0.23529411764705882","0.23529411764705882","0.23529411764705882","0.23529411764705882","0.23529411764705882","0.23529411764705882","0.23529411764705882","0.23529411764705882","0.23529411764705882","0.23529411764705882","0.23529411764705882","0.23529411764705882","0.23529411764705882","0.23529411764705882","0.23529411764705882","0.23529411764705882","0.23529411764705882","0.23529411764705882","0.23529411764705882","0.23529411764705882","0.23529411764705882","0.23529411764705882","0.23529411764705882","0.23529411764705882","0.23529411764705882","0.23529411764705882","0.23529411764705882","0.23529411764705882","0.23529411764705882","0.23529411764705882","0.23529411764705882","0.23529411764705882","0.23529411764705882","0.23529411764705882","0.23529411764705882","0.23529411764705882","0.23529411764705882","0.23529411764705882","0.23529411764705882","0.23529411764705882","0.23529411764705882","0.23529411764705882","0.23529411764705882","0.23529411764705882","0.23529411764705882","0.23529411764705882","0.23529411764705882","0.23529411764705882","0.23529411764705882","0.23529411764705882","0.23529411764705882","0.23529411764705882","0.23529411764705882","0.23529411764705882","0.23529411764705882","0.23529411764705882","0.23529411764705882","0.23529411764705882","0.23529411764705882","0.23529411764705882","0.23529411764705882","0.23529411764705882","0.23529411764705882","0.23529411764705882","0.23529411764705882","0.23529411764705882","0.23529411764705882","0.23529411764705882","0.23529411764705882","0.23529411764705882","0.23529411764705882","0.23529411764705882","0.23529411764705882","0.23529411764705882","0.23529411764705882","0.23529411764705882","0.23529411764705882","0.23529411764705882","0.23529411764705882","0.23529411764705882","0.23529411764705882","0.23529411764705882","0.23529411764705882","0.23529411764705882","0.23529411764705882","0.23529411764705882","0.23529411764705882","0.23529411764705882","0.23529411764705882","0.23529411764705882","0.23529411764705882","0.23529411764705882","0.23529411764705882","0.23529411764705882","0.23529411764705882","0.23529411764705882","0.23529411764705882","0.23529411764705882","0.23529411764705882","0.23529411764705882","0.23529411764705882","0.23529411764705882","0.23529411764705882","0.23529411764705882","0.23529411764705882","0.23529411764705882","0.23529411764705882","0.23529411764705882","0.23529411764705882","0.23529411764705882","0.23529411764705882","0.23529411764705882","0.23529411764705882","0.23529411764705882","0.23529411764705882","0.23529411764705882","0.23529411764705882","0.23529411764705882","0.23529411764705882","0.23529411764705882","0.23529411764705882","0.23529411764705882","0.23529411764705882","0.23529411764705882","0.23529411764705882","0.23529411764705882","0.23529411764705882","0.23529411764705882","0.23529411764705882","0.23529411764705882","0.23529411764705882","0.23529411764705882","0.23529411764705882","0.23529411764705882","0.23529411764705882","0.23529411764705882","0.23529411764705882","0.23529411764705882","0.23529411764705882","0.23529411764705882","0.23529411764705882","0.23529411764705882","0.23529411764705882","0.23529411764705882","0.23529411764705882","0.23529411764705882","0.23529411764705882","0.23529411764705882","0.23529411764705882","0.23529411764705882","0.23529411764705882","0.23529411764705882","0.23529411764705882","0.23529411764705882","0.23529411764705882","0.23529411764705882","0.23529411764705882","0.23529411764705882","0.23529411764705882","0.23529411764705882","0.23529411764705882","0.23529411764705882","0.23529411764705882","0.23529411764705882","0.23529411764705882","0.23529411764705882","0.23529411764705882","0.23529411764705882","0.23529411764705882","0.23529411764705882","0.23529411764705882","0.23529411764705882","0.23529411764705882","0.23529411764705882","0.23529411764705882","0.23529411764705882","0.23529411764705882","0.23529411764705882","0.23529411764705882","0.23529411764705882","0.23529411764705882","0.23529411764705882","0.23529411764705882","0.23529411764705882","0.23529411764705882","0.23529411764705882","0.23529411764705882","0.23529411764705882","0.23529411764705882","0.23529411764705882","0.23529411764705882","0.23529411764705882","0.23529411764705882","0.23529411764705882","0.23529411764705882","0.23529411764705882","0.23529411764705882","0.23529411764705882","0.23529411764705882","0.23529411764705882","0.23529411764705882","0.23529411764705882","0.23529411764705882","0.23529411764705882","0.23529411764705882","0.23529411764705882","0.23529411764705882","0.23529411764705882","0.23529411764705882","0.23529411764705882","0.23529411764705882","0.23529411764705882","0.23529411764705882","0.23529411764705882","0.23529411764705882","0.23529411764705882","0.23529411764705882","0.23529411764705882","0.23529411764705882","0.23529411764705882","0.23529411764705882","0.23529411764705882","0.23529411764705882","0.23529411764705882","0.23529411764705882","0.23529411764705882","0.23529411764705882","0.23529411764705882","0.23529411764705882","0.23529411764705882","0.23529411764705882","0.23529411764705882","0.23529411764705882","0.23529411764705882","0.23529411764705882","0.23529411764705882","0.23529411764705882","0.23529411764705882","0.23529411764705882","0.23529411764705882","0.23529411764705882","0.23529411764705882","0.23529411764705882","0.23529411764705882","0.23529411764705882","0.23529411764705882","0.23529411764705882","0.23529411764705882","0.23529411764705882","0.23529411764705882","0.23529411764705882","0.23529411764705882","0.23529411764705882","0.23529411764705882","0.23529411764705882","0.23529411764705882","0.23529411764705882","0.23529411764705882","0.23529411764705882","0.23529411764705882","0.23529411764705882","0.23529411764705882","0.23529411764705882","0.23529411764705882","0.23529411764705882","0.23529411764705882","0.23529411764705882","0.23529411764705882","0.23529411764705882","0.23529411764705882","0.23529411764705882","0.23529411764705882","0.23529411764705882","0.23529411764705882","0.23529411764705882","0.23529411764705882","0.23529411764705882","0.23529411764705882","0.23529411764705882","0.23529411764705882","0.23529411764705882","0.23529411764705882","0.23529411764705882","0.23529411764705882","0.23529411764705882","0.23529411764705882","0.23529411764705882","0.23529411764705882","0.23529411764705882","0.23529411764705882","0.23529411764705882","0.23529411764705882","0.23529411764705882","0.23529411764705882","0.23529411764705882","0.23529411764705882","0.23529411764705882","0.23529411764705882","0.23529411764705882","0.23529411764705882","0.23529411764705882","0.23529411764705882","0.23529411764705882","0.23529411764705882","0.23529411764705882","0.23529411764705882","0.23529411764705882","0.23529411764705882","0.23529411764705882","0.23529411764705882","0.23529411764705882","0.23529411764705882","0.23529411764705882","0.23529411764705882","0.23529411764705882","0.23529411764705882","0.23529411764705882","0.23529411764705882","0.23529411764705882","0.23529411764705882","0.23529411764705882","0.23529411764705882","0.23529411764705882","0.23529411764705882","0.23529411764705882","0.23529411764705882","0.23529411764705882","0.23529411764705882","0.23529411764705882","0.23529411764705882","0.23529411764705882","0.23529411764705882","0.23529411764705882","0.23529411764705882","0.23529411764705882","0.23529411764705882","0.23529411764705882","0.23529411764705882","0.23529411764705882","0.23529411764705882","0.23529411764705882","0.23529411764705882","0.23529411764705882","0.23529411764705882","0.23529411764705882","0.23529411764705882","0.23529411764705882","0.23529411764705882","0.23529411764705882","0.23529411764705882","0.23529411764705882","0.23529411764705882","0.23529411764705882","0.23529411764705882","0.23529411764705882","0.23529411764705882","0.23529411764705882","0.23529411764705882","0.23529411764705882","0.23529411764705882","0.23529411764705882","0.23529411764705882","0.23529411764705882","0.23529411764705882","0.23529411764705882","0.23529411764705882","0.23529411764705882","0.23529411764705882","0.23529411764705882","0.23529411764705882","0.23529411764705882","0.23529411764705882","0.23529411764705882","0.23529411764705882","0.23529411764705882","0.23529411764705882","0.23529411764705882","0.23529411764705882","0.23529411764705882","0.23529411764705882","0.23529411764705882","0.23529411764705882","0.23529411764705882","0.23529411764705882","0.23529411764705882","0.23529411764705882","0.23529411764705882","0.23529411764705882","0.23529411764705882","0.23529411764705882","0.23529411764705882","0.23529411764705882","0.23529411764705882","0.23529411764705882","0.23529411764705882","0.23529411764705882","0.23529411764705882","0.23529411764705882","0.23529411764705882","0.23529411764705882","0.23529411764705882","0.23529411764705882","0.23529411764705882","0.23529411764705882","0.23529411764705882","0.23529411764705882","0.23529411764705882","0.23529411764705882","0.23529411764705882","0.23529411764705882","0.23529411764705882","0.23529411764705882","0.23529411764705882","0.23529411764705882","0.23529411764705882","0.23529411764705882","0.23529411764705882","0.23529411764705882","0.23529411764705882","0.23529411764705882","0.23529411764705882","0.23529411764705882","0.23529411764705882","0.23529411764705882","0.23529411764705882","0.23529411764705882","0.23529411764705882","0.23529411764705882","0.23529411764705882","0.23529411764705882","0.23529411764705882","0.23529411764705882","0.23529411764705882","0.23529411764705882","0.23529411764705882","0.23529411764705882","0.23529411764705882","0.23529411764705882","0.23529411764705882","0.23529411764705882","0.23529411764705882","0.23529411764705882","0.23529411764705882","0.23529411764705882","0.23529411764705882","0.23529411764705882","0.23529411764705882","0.23529411764705882","0.23529411764705882","0.23529411764705882","0.23529411764705882","0.23529411764705882","0.23529411764705882","0.23529411764705882","0.23529411764705882","0.23529411764705882","0.23529411764705882","0.23529411764705882","0.23529411764705882","0.23529411764705882","0.23529411764705882","0.23529411764705882","0.23529411764705882","0.23529411764705882","0.23529411764705882","0.23529411764705882","0.23529411764705882","0.23529411764705882","0.23529411764705882","0.23529411764705882","0.23529411764705882","0.23529411764705882","0.23529411764705882","0.23529411764705882","0.23529411764705882","0.23529411764705882","0.23529411764705882","0.23529411764705882","0.23529411764705882","0.23529411764705882","0.23529411764705882","0.23529411764705882","0.23529411764705882","0.23529411764705882","0.23529411764705882","0.23529411764705882","0.23529411764705882","0.23529411764705882","0.23529411764705882","0.23529411764705882","0.23529411764705882","0.23529411764705882","0.23529411764705882","0.23529411764705882","0.23529411764705882","0.23529411764705882","0.23529411764705882","0.23529411764705882","0.23529411764705882","0.23529411764705882","0.23529411764705882","0.23529411764705882","0.23529411764705882","0.23529411764705882","0.23529411764705882","0.23529411764705882","0.23529411764705882","0.23529411764705882","0.23529411764705882","0.23529411764705882","142","4065"
"WSPy-TypeHintsInference","flutils.decorators","1591027805062662505","1580","600265818980","0.7","7","115","6","111","0.7","0.7","0.7","0.7","0.7","0.7","0.7","0.7","0.7","0.7","0.7","0.7","0.7","0.7","0.7","0.7","0.7","0.7","0.7","0.7","0.7","0.7","0.7","0.7","0.7","0.7","0.7","0.7","0.7","0.7","0.7","0.7","0.7","0.7","0.7","0.7","0.7","0.7","0.7","0.7","0.7","0.7","0.7","0.7","0.7","0.7","0.7","0.7","0.7","0.7","0.7","0.7","0.7","0.7","0.7","0.7","0.7","0.7","0.7","0.7","0.7","0.7","0.7","0.7","0.7","0.7","0.7","0.7","0.7","0.7","0.7","0.7","0.7","0.7","0.7","0.7","0.7","0.7","0.7","0.7","0.7","0.7","0.7","0.7","0.7","0.7","0.7","0.7","0.7","0.7","0.7","0.7","0.7","0.7","0.7","0.7","0.7","0.7","0.7","0.7","0.7","0.7","0.7","0.7","0.7","0.7","0.7","0.7","0.7","0.7","0.7","0.7","0.7","0.7","0.7","0.7","0.7","0.7","0.7","0.7","0.7","0.7","0.7","0.7","0.7","0.7","0.7","0.7","0.7","0.7","0.7","0.7","0.7","0.7","0.7","0.7","0.7","0.7","0.7","0.7","0.7","0.7","0.7","0.7","0.7","0.7","0.7","0.7","0.7","0.7","0.7","0.7","0.7","0.7","0.7","0.7","0.7","0.7","0.7","0.7","0.7","0.7","0.7","0.7","0.7","0.7","0.7","0.7","0.7","0.7","0.7","0.7","0.7","0.7","0.7","0.7","0.7","0.7","0.7","0.7","0.7","0.7","0.7","0.7","0.7","0.7","0.7","0.7","0.7","0.7","0.7","0.7","0.7","0.7","0.7","0.7","0.7","0.7","0.7","0.7","0.7","0.7","0.7","0.7","0.7","0.7","0.7","0.7","0.7","0.7","0.7","0.7","0.7","0.7","0.7","0.7","0.7","0.7","0.7","0.7","0.7","0.7","0.7","0.7","0.7","0.7","0.7","0.7","0.7","0.7","0.7","0.7","0.7","0.7","0.7","0.7","0.7","0.7","0.7","0.7","0.7","0.7","0.7","0.7","0.7","0.7","0.7","0.7","0.7","0.7","0.7","0.7","0.7","0.7","0.7","0.7","0.7","0.7","0.7","0.7","0.7","0.7","0.7","0.7","0.7","0.7","0.7","0.7","0.7","0.7","0.7","0.7","0.7","0.7","0.7","0.7","0.7","0.7","0.7","0.7","0.7","0.7","0.7","0.7","0.7","0.7","0.7","0.7","0.7","0.7","0.7","0.7","0.7","0.7","0.7","0.7","0.7","0.7","0.7","0.7","0.7","0.7","0.7","0.7","0.7","0.7","0.7","0.7","0.7","0.7","0.7","0.7","0.7","0.7","0.7","0.7","0.7","0.7","0.7","0.7","0.7","0.7","0.7","0.7","0.7","0.7","0.7","0.7","0.7","0.7","0.7","0.7","0.7","0.7","0.7","0.7","0.7","0.7","0.7","0.7","0.7","0.7","0.7","0.7","0.7","0.7","0.7","0.7","0.7","0.7","0.7","0.7","0.7","0.7","0.7","0.7","0.7","0.7","0.7","0.7","0.7","0.7","0.7","0.7","0.7","0.7","0.7","0.7","0.7","0.7","0.7","0.7","0.7","0.7","0.7","0.7","0.7","0.7","0.7","0.7","0.7","0.7","0.7","0.7","0.7","0.7","0.7","0.7","0.7","0.7","0.7","0.7","0.7","0.7","0.7","0.7","0.7","0.7","0.7","0.7","0.7","0.7","0.7","0.7","0.7","0.7","0.7","0.7","0.7","0.7","0.7","0.7","0.7","0.7","0.7","0.7","0.7","0.7","0.7","0.7","0.7","0.7","0.7","0.7","0.7","0.7","0.7","0.7","0.7","0.7","0.7","0.7","0.7","0.7","0.7","0.7","0.7","0.7","0.7","0.7","0.7","0.7","0.7","0.7","0.7","0.7","0.7","0.7","0.7","0.7","0.7","0.7","0.7","0.7","0.7","0.7","0.7","0.7","0.7","0.7","0.7","0.7","0.7","0.7","0.7","0.7","0.7","0.7","0.7","0.7","0.7","0.7","0.7","0.7","0.7","0.7","0.7","0.7","0.7","0.7","0.7","0.7","0.7","0.7","0.7","0.7","0.7","0.7","0.7","0.7","0.7","0.7","0.7","0.7","0.7","0.7","0.7","0.7","0.7","0.7","0.7","0.7","0.7","0.7","0.7","0.7","0.7","0.7","0.7","0.7","0.7","0.7","0.7","0.7","0.7","0.7","0.7","0.7","0.7","0.7","0.7","0.7","0.7","0.7","0.7","0.7","0.7","0.7","0.7","0.7","0.7","0.7","0.7","0.7","0.7","0.7","0.7","0.7","0.7","0.7","0.7","0.7","0.7","0.7","0.7","0.7","0.7","0.7","0.7","0.7","0.7","0.7","0.7","0.7","0.7","0.7","0.7","0.7","0.7","0.7","0.7","0.7","0.7","0.7","0.7","0.7","0.7","0.7","0.7","0.7","0.7","0.7","0.7","0.7","0.7","0.7","0.7","0.7","0.7","0.7","0.7","0.7","0.7","0.7","0.7","0.7","0.7","0.7","0.7","0.7","0.7","0.7","0.7","0.7","0.7","0.7","0.7","0.7","0.7","0.7","1","4"
"RandooPy-TypeHintsInference","flutils.txtutils","1591027658201464112","1629","615573456654","0.14912280701754385","1610","42958","1535","41254","0.13157894736842105","0.13157894736842105","0.13157894736842105","0.13157894736842105","0.13157894736842105","0.13157894736842105","0.13157894736842105","0.13157894736842105","0.13157894736842105","0.13157894736842105","0.13157894736842105","0.13157894736842105","0.13157894736842105","0.13157894736842105","0.13157894736842105","0.13157894736842105","0.13157894736842105","0.13157894736842105","0.13157894736842105","0.13157894736842105","0.13157894736842105","0.13157894736842105","0.13157894736842105","0.13157894736842105","0.13157894736842105","0.13157894736842105","0.13157894736842105","0.13157894736842105","0.13157894736842105","0.13157894736842105","0.13157894736842105","0.13157894736842105","0.13157894736842105","0.13157894736842105","0.13157894736842105","0.13157894736842105","0.13157894736842105","0.13157894736842105","0.13157894736842105","0.13157894736842105","0.13157894736842105","0.13157894736842105","0.13157894736842105","0.13157894736842105","0.13157894736842105","0.13157894736842105","0.13157894736842105","0.13157894736842105","0.13157894736842105","0.13157894736842105","0.13157894736842105","0.13157894736842105","0.13157894736842105","0.13157894736842105","0.13157894736842105","0.13157894736842105","0.13157894736842105","0.13157894736842105","0.13157894736842105","0.13157894736842105","0.13157894736842105","0.13157894736842105","0.13157894736842105","0.13157894736842105","0.13157894736842105","0.13157894736842105","0.13157894736842105","0.13157894736842105","0.13157894736842105","0.13157894736842105","0.13157894736842105","0.13157894736842105","0.13157894736842105","0.13157894736842105","0.13157894736842105","0.13157894736842105","0.13157894736842105","0.13157894736842105","0.13157894736842105","0.13157894736842105","0.13157894736842105","0.13157894736842105","0.13157894736842105","0.13157894736842105","0.13157894736842105","0.13157894736842105","0.13157894736842105","0.13157894736842105","0.13157894736842105","0.13157894736842105","0.13157894736842105","0.13157894736842105","0.13157894736842105","0.13157894736842105","0.13157894736842105","0.13157894736842105","0.13157894736842105","0.13157894736842105","0.13157894736842105","0.13157894736842105","0.13157894736842105","0.13157894736842105","0.13157894736842105","0.13157894736842105","0.13157894736842105","0.13157894736842105","0.13157894736842105","0.13157894736842105","0.13157894736842105","0.13157894736842105","0.13157894736842105","0.13157894736842105","0.13157894736842105","0.13157894736842105","0.13157894736842105","0.13157894736842105","0.13157894736842105","0.13157894736842105","0.13157894736842105","0.13157894736842105","0.13157894736842105","0.13157894736842105","0.13157894736842105","0.13157894736842105","0.13157894736842105","0.13157894736842105","0.13157894736842105","0.13157894736842105","0.13157894736842105","0.13157894736842105","0.13157894736842105","0.13157894736842105","0.13157894736842105","0.13157894736842105","0.13157894736842105","0.13157894736842105","0.13157894736842105","0.13157894736842105","0.13157894736842105","0.13157894736842105","0.13157894736842105","0.13157894736842105","0.13157894736842105","0.13157894736842105","0.13157894736842105","0.13157894736842105","0.13157894736842105","0.13157894736842105","0.13157894736842105","0.13157894736842105","0.13157894736842105","0.13157894736842105","0.13157894736842105","0.13157894736842105","0.13157894736842105","0.13157894736842105","0.13157894736842105","0.13157894736842105","0.13157894736842105","0.13157894736842105","0.13157894736842105","0.13157894736842105","0.13157894736842105","0.13157894736842105","0.13157894736842105","0.13157894736842105","0.13157894736842105","0.13157894736842105","0.13157894736842105","0.13157894736842105","0.13157894736842105","0.13157894736842105","0.13157894736842105","0.13157894736842105","0.13157894736842105","0.13157894736842105","0.13157894736842105","0.13157894736842105","0.13157894736842105","0.13157894736842105","0.13157894736842105","0.13157894736842105","0.13157894736842105","0.13157894736842105","0.13157894736842105","0.13157894736842105","0.13157894736842105","0.13157894736842105","0.13157894736842105","0.13157894736842105","0.13157894736842105","0.13157894736842105","0.13157894736842105","0.13157894736842105","0.13157894736842105","0.13157894736842105","0.13157894736842105","0.13157894736842105","0.13157894736842105","0.13157894736842105","0.13157894736842105","0.13157894736842105","0.13157894736842105","0.13157894736842105","0.13157894736842105","0.13157894736842105","0.13157894736842105","0.13157894736842105","0.13157894736842105","0.13157894736842105","0.13157894736842105","0.13157894736842105","0.13157894736842105","0.13157894736842105","0.13157894736842105","0.13157894736842105","0.13157894736842105","0.13157894736842105","0.13157894736842105","0.13157894736842105","0.13157894736842105","0.13157894736842105","0.13157894736842105","0.13157894736842105","0.13157894736842105","0.13157894736842105","0.13157894736842105","0.13157894736842105","0.13157894736842105","0.13157894736842105","0.13157894736842105","0.13157894736842105","0.13157894736842105","0.13157894736842105","0.13157894736842105","0.13157894736842105","0.13157894736842105","0.13157894736842105","0.13157894736842105","0.13157894736842105","0.13157894736842105","0.13157894736842105","0.13157894736842105","0.13157894736842105","0.13157894736842105","0.13157894736842105","0.13157894736842105","0.13157894736842105","0.13157894736842105","0.13157894736842105","0.13157894736842105","0.13157894736842105","0.13157894736842105","0.13157894736842105","0.13157894736842105","0.13157894736842105","0.13157894736842105","0.13157894736842105","0.14912280701754385","0.14912280701754385","0.14912280701754385","0.14912280701754385","0.14912280701754385","0.14912280701754385","0.14912280701754385","0.14912280701754385","0.14912280701754385","0.14912280701754385","0.14912280701754385","0.14912280701754385","0.14912280701754385","0.14912280701754385","0.14912280701754385","0.14912280701754385","0.14912280701754385","0.14912280701754385","0.14912280701754385","0.14912280701754385","0.14912280701754385","0.14912280701754385","0.14912280701754385","0.14912280701754385","0.14912280701754385","0.14912280701754385","0.14912280701754385","0.14912280701754385","0.14912280701754385","0.14912280701754385","0.14912280701754385","0.14912280701754385","0.14912280701754385","0.14912280701754385","0.14912280701754385","0.14912280701754385","0.14912280701754385","0.14912280701754385","0.14912280701754385","0.14912280701754385","0.14912280701754385","0.14912280701754385","0.14912280701754385","0.14912280701754385","0.14912280701754385","0.14912280701754385","0.14912280701754385","0.14912280701754385","0.14912280701754385","0.14912280701754385","0.14912280701754385","0.14912280701754385","0.14912280701754385","0.14912280701754385","0.14912280701754385","0.14912280701754385","0.14912280701754385","0.14912280701754385","0.14912280701754385","0.14912280701754385","0.14912280701754385","0.14912280701754385","0.14912280701754385","0.14912280701754385","0.14912280701754385","0.14912280701754385","0.14912280701754385","0.14912280701754385","0.14912280701754385","0.14912280701754385","0.14912280701754385","0.14912280701754385","0.14912280701754385","0.14912280701754385","0.14912280701754385","0.14912280701754385","0.14912280701754385","0.14912280701754385","0.14912280701754385","0.14912280701754385","0.14912280701754385","0.14912280701754385","0.14912280701754385","0.14912280701754385","0.14912280701754385","0.14912280701754385","0.14912280701754385","0.14912280701754385","0.14912280701754385","0.14912280701754385","0.14912280701754385","0.14912280701754385","0.14912280701754385","0.14912280701754385","0.14912280701754385","0.14912280701754385","0.14912280701754385","0.14912280701754385","0.14912280701754385","0.14912280701754385","0.14912280701754385","0.14912280701754385","0.14912280701754385","0.14912280701754385","0.14912280701754385","0.14912280701754385","0.14912280701754385","0.14912280701754385","0.14912280701754385","0.14912280701754385","0.14912280701754385","0.14912280701754385","0.14912280701754385","0.14912280701754385","0.14912280701754385","0.14912280701754385","0.14912280701754385","0.14912280701754385","0.14912280701754385","0.14912280701754385","0.14912280701754385","0.14912280701754385","0.14912280701754385","0.14912280701754385","0.14912280701754385","0.14912280701754385","0.14912280701754385","0.14912280701754385","0.14912280701754385","0.14912280701754385","0.14912280701754385","0.14912280701754385","0.14912280701754385","0.14912280701754385","0.14912280701754385","0.14912280701754385","0.14912280701754385","0.14912280701754385","0.14912280701754385","0.14912280701754385","0.14912280701754385","0.14912280701754385","0.14912280701754385","0.14912280701754385","0.14912280701754385","0.14912280701754385","0.14912280701754385","0.14912280701754385","0.14912280701754385","0.14912280701754385","0.14912280701754385","0.14912280701754385","0.14912280701754385","0.14912280701754385","0.14912280701754385","0.14912280701754385","0.14912280701754385","0.14912280701754385","0.14912280701754385","0.14912280701754385","0.14912280701754385","0.14912280701754385","0.14912280701754385","0.14912280701754385","0.14912280701754385","0.14912280701754385","0.14912280701754385","0.14912280701754385","0.14912280701754385","0.14912280701754385","0.14912280701754385","0.14912280701754385","0.14912280701754385","0.14912280701754385","0.14912280701754385","0.14912280701754385","0.14912280701754385","0.14912280701754385","0.14912280701754385","0.14912280701754385","0.14912280701754385","0.14912280701754385","0.14912280701754385","0.14912280701754385","0.14912280701754385","0.14912280701754385","0.14912280701754385","0.14912280701754385","0.14912280701754385","0.14912280701754385","0.14912280701754385","0.14912280701754385","0.14912280701754385","0.14912280701754385","0.14912280701754385","0.14912280701754385","0.14912280701754385","0.14912280701754385","0.14912280701754385","0.14912280701754385","0.14912280701754385","0.14912280701754385","0.14912280701754385","0.14912280701754385","0.14912280701754385","0.14912280701754385","0.14912280701754385","0.14912280701754385","0.14912280701754385","0.14912280701754385","0.14912280701754385","0.14912280701754385","0.14912280701754385","0.14912280701754385","0.14912280701754385","0.14912280701754385","0.14912280701754385","0.14912280701754385","0.14912280701754385","0.14912280701754385","0.14912280701754385","0.14912280701754385","0.14912280701754385","0.14912280701754385","0.14912280701754385","0.14912280701754385","0.14912280701754385","0.14912280701754385","0.14912280701754385","0.14912280701754385","0.14912280701754385","0.14912280701754385","0.14912280701754385","0.14912280701754385","0.14912280701754385","0.14912280701754385","0.14912280701754385","0.14912280701754385","0.14912280701754385","0.14912280701754385","0.14912280701754385","0.14912280701754385","0.14912280701754385","0.14912280701754385","0.14912280701754385","0.14912280701754385","0.14912280701754385","0.14912280701754385","0.14912280701754385","0.14912280701754385","0.14912280701754385","0.14912280701754385","0.14912280701754385","0.14912280701754385","0.14912280701754385","0.14912280701754385","0.14912280701754385","0.14912280701754385","0.14912280701754385","0.14912280701754385","0.14912280701754385","0.14912280701754385","0.14912280701754385","0.14912280701754385","0.14912280701754385","0.14912280701754385","0.14912280701754385","0.14912280701754385","0.14912280701754385","0.14912280701754385","0.14912280701754385","0.14912280701754385","0.14912280701754385","0.14912280701754385","0.14912280701754385","0.14912280701754385","0.14912280701754385","0.14912280701754385","0.14912280701754385","0.14912280701754385","0.14912280701754385","0.14912280701754385","0.14912280701754385","0.14912280701754385","0.14912280701754385","0.14912280701754385","0.14912280701754385","0.14912280701754385","0.14912280701754385","0.14912280701754385","0.14912280701754385","0.14912280701754385","0.14912280701754385","0.14912280701754385","0.14912280701754385","0.14912280701754385","0.14912280701754385","0.14912280701754385","0.14912280701754385","0.14912280701754385","0.14912280701754385","0.14912280701754385","0.14912280701754385","0.14912280701754385","0.14912280701754385","0.14912280701754385","0.14912280701754385","0.14912280701754385","0.14912280701754385","0.14912280701754385","0.14912280701754385","0.14912280701754385","0.14912280701754385","0.14912280701754385","0.14912280701754385","0.14912280701754385","0.14912280701754385","0.14912280701754385","0.14912280701754385","0.14912280701754385","0.14912280701754385","0.14912280701754385","0.14912280701754385","0.14912280701754385","0.14912280701754385","0.14912280701754385","0.14912280701754385","0.14912280701754385","0.14912280701754385","0.14912280701754385","0.14912280701754385","0.14912280701754385","0.14912280701754385","0.14912280701754385","0.14912280701754385","0.14912280701754385","0.14912280701754385","0.14912280701754385","0.14912280701754385","0.14912280701754385","0.14912280701754385","0.14912280701754385","75","1704"
"WSPy-TypeHintsInference","flutils.objutils","1591027784025404555","1290","600359262463","0.48484848484848486","1","34","0","0","0.48484848484848486","0.48484848484848486","0.48484848484848486","0.48484848484848486","0.48484848484848486","0.48484848484848486","0.48484848484848486","0.48484848484848486","0.48484848484848486","0.48484848484848486","0.48484848484848486","0.48484848484848486","0.48484848484848486","0.48484848484848486","0.48484848484848486","0.48484848484848486","0.48484848484848486","0.48484848484848486","0.48484848484848486","0.48484848484848486","0.48484848484848486","0.48484848484848486","0.48484848484848486","0.48484848484848486","0.48484848484848486","0.48484848484848486","0.48484848484848486","0.48484848484848486","0.48484848484848486","0.48484848484848486","0.48484848484848486","0.48484848484848486","0.48484848484848486","0.48484848484848486","0.48484848484848486","0.48484848484848486","0.48484848484848486","0.48484848484848486","0.48484848484848486","0.48484848484848486","0.48484848484848486","0.48484848484848486","0.48484848484848486","0.48484848484848486","0.48484848484848486","0.48484848484848486","0.48484848484848486","0.48484848484848486","0.48484848484848486","0.48484848484848486","0.48484848484848486","0.48484848484848486","0.48484848484848486","0.48484848484848486","0.48484848484848486","0.48484848484848486","0.48484848484848486","0.48484848484848486","0.48484848484848486","0.48484848484848486","0.48484848484848486","0.48484848484848486","0.48484848484848486","0.48484848484848486","0.48484848484848486","0.48484848484848486","0.48484848484848486","0.48484848484848486","0.48484848484848486","0.48484848484848486","0.48484848484848486","0.48484848484848486","0.48484848484848486","0.48484848484848486","0.48484848484848486","0.48484848484848486","0.48484848484848486","0.48484848484848486","0.48484848484848486","0.48484848484848486","0.48484848484848486","0.48484848484848486","0.48484848484848486","0.48484848484848486","0.48484848484848486","0.48484848484848486","0.48484848484848486","0.48484848484848486","0.48484848484848486","0.48484848484848486","0.48484848484848486","0.48484848484848486","0.48484848484848486","0.48484848484848486","0.48484848484848486","0.48484848484848486","0.48484848484848486","0.48484848484848486","0.48484848484848486","0.48484848484848486","0.48484848484848486","0.48484848484848486","0.48484848484848486","0.48484848484848486","0.48484848484848486","0.48484848484848486","0.48484848484848486","0.48484848484848486","0.48484848484848486","0.48484848484848486","0.48484848484848486","0.48484848484848486","0.48484848484848486","0.48484848484848486","0.48484848484848486","0.48484848484848486","0.48484848484848486","0.48484848484848486","0.48484848484848486","0.48484848484848486","0.48484848484848486","0.48484848484848486","0.48484848484848486","0.48484848484848486","0.48484848484848486","0.48484848484848486","0.48484848484848486","0.48484848484848486","0.48484848484848486","0.48484848484848486","0.48484848484848486","0.48484848484848486","0.48484848484848486","0.48484848484848486","0.48484848484848486","0.48484848484848486","0.48484848484848486","0.48484848484848486","0.48484848484848486","0.48484848484848486","0.48484848484848486","0.48484848484848486","0.48484848484848486","0.48484848484848486","0.48484848484848486","0.48484848484848486","0.48484848484848486","0.48484848484848486","0.48484848484848486","0.48484848484848486","0.48484848484848486","0.48484848484848486","0.48484848484848486","0.48484848484848486","0.48484848484848486","0.48484848484848486","0.48484848484848486","0.48484848484848486","0.48484848484848486","0.48484848484848486","0.48484848484848486","0.48484848484848486","0.48484848484848486","0.48484848484848486","0.48484848484848486","0.48484848484848486","0.48484848484848486","0.48484848484848486","0.48484848484848486","0.48484848484848486","0.48484848484848486","0.48484848484848486","0.48484848484848486","0.48484848484848486","0.48484848484848486","0.48484848484848486","0.48484848484848486","0.48484848484848486","0.48484848484848486","0.48484848484848486","0.48484848484848486","0.48484848484848486","0.48484848484848486","0.48484848484848486","0.48484848484848486","0.48484848484848486","0.48484848484848486","0.48484848484848486","0.48484848484848486","0.48484848484848486","0.48484848484848486","0.48484848484848486","0.48484848484848486","0.48484848484848486","0.48484848484848486","0.48484848484848486","0.48484848484848486","0.48484848484848486","0.48484848484848486","0.48484848484848486","0.48484848484848486","0.48484848484848486","0.48484848484848486","0.48484848484848486","0.48484848484848486","0.48484848484848486","0.48484848484848486","0.48484848484848486","0.48484848484848486","0.48484848484848486","0.48484848484848486","0.48484848484848486","0.48484848484848486","0.48484848484848486","0.48484848484848486","0.48484848484848486","0.48484848484848486","0.48484848484848486","0.48484848484848486","0.48484848484848486","0.48484848484848486","0.48484848484848486","0.48484848484848486","0.48484848484848486","0.48484848484848486","0.48484848484848486","0.48484848484848486","0.48484848484848486","0.48484848484848486","0.48484848484848486","0.48484848484848486","0.48484848484848486","0.48484848484848486","0.48484848484848486","0.48484848484848486","0.48484848484848486","0.48484848484848486","0.48484848484848486","0.48484848484848486","0.48484848484848486","0.48484848484848486","0.48484848484848486","0.48484848484848486","0.48484848484848486","0.48484848484848486","0.48484848484848486","0.48484848484848486","0.48484848484848486","0.48484848484848486","0.48484848484848486","0.48484848484848486","0.48484848484848486","0.48484848484848486","0.48484848484848486","0.48484848484848486","0.48484848484848486","0.48484848484848486","0.48484848484848486","0.48484848484848486","0.48484848484848486","0.48484848484848486","0.48484848484848486","0.48484848484848486","0.48484848484848486","0.48484848484848486","0.48484848484848486","0.48484848484848486","0.48484848484848486","0.48484848484848486","0.48484848484848486","0.48484848484848486","0.48484848484848486","0.48484848484848486","0.48484848484848486","0.48484848484848486","0.48484848484848486","0.48484848484848486","0.48484848484848486","0.48484848484848486","0.48484848484848486","0.48484848484848486","0.48484848484848486","0.48484848484848486","0.48484848484848486","0.48484848484848486","0.48484848484848486","0.48484848484848486","0.48484848484848486","0.48484848484848486","0.48484848484848486","0.48484848484848486","0.48484848484848486","0.48484848484848486","0.48484848484848486","0.48484848484848486","0.48484848484848486","0.48484848484848486","0.48484848484848486","0.48484848484848486","0.48484848484848486","0.48484848484848486","0.48484848484848486","0.48484848484848486","0.48484848484848486","0.48484848484848486","0.48484848484848486","0.48484848484848486","0.48484848484848486","0.48484848484848486","0.48484848484848486","0.48484848484848486","0.48484848484848486","0.48484848484848486","0.48484848484848486","0.48484848484848486","0.48484848484848486","0.48484848484848486","0.48484848484848486","0.48484848484848486","0.48484848484848486","0.48484848484848486","0.48484848484848486","0.48484848484848486","0.48484848484848486","0.48484848484848486","0.48484848484848486","0.48484848484848486","0.48484848484848486","0.48484848484848486","0.48484848484848486","0.48484848484848486","0.48484848484848486","0.48484848484848486","0.48484848484848486","0.48484848484848486","0.48484848484848486","0.48484848484848486","0.48484848484848486","0.48484848484848486","0.48484848484848486","0.48484848484848486","0.48484848484848486","0.48484848484848486","0.48484848484848486","0.48484848484848486","0.48484848484848486","0.48484848484848486","0.48484848484848486","0.48484848484848486","0.48484848484848486","0.48484848484848486","0.48484848484848486","0.48484848484848486","0.48484848484848486","0.48484848484848486","0.48484848484848486","0.48484848484848486","0.48484848484848486","0.48484848484848486","0.48484848484848486","0.48484848484848486","0.48484848484848486","0.48484848484848486","0.48484848484848486","0.48484848484848486","0.48484848484848486","0.48484848484848486","0.48484848484848486","0.48484848484848486","0.48484848484848486","0.48484848484848486","0.48484848484848486","0.48484848484848486","0.48484848484848486","0.48484848484848486","0.48484848484848486","0.48484848484848486","0.48484848484848486","0.48484848484848486","0.48484848484848486","0.48484848484848486","0.48484848484848486","0.48484848484848486","0.48484848484848486","0.48484848484848486","0.48484848484848486","0.48484848484848486","0.48484848484848486","0.48484848484848486","0.48484848484848486","0.48484848484848486","0.48484848484848486","0.48484848484848486","0.48484848484848486","0.48484848484848486","0.48484848484848486","0.48484848484848486","0.48484848484848486","0.48484848484848486","0.48484848484848486","0.48484848484848486","0.48484848484848486","0.48484848484848486","0.48484848484848486","0.48484848484848486","0.48484848484848486","0.48484848484848486","0.48484848484848486","0.48484848484848486","0.48484848484848486","0.48484848484848486","0.48484848484848486","0.48484848484848486","0.48484848484848486","0.48484848484848486","0.48484848484848486","0.48484848484848486","0.48484848484848486","0.48484848484848486","0.48484848484848486","0.48484848484848486","0.48484848484848486","0.48484848484848486","0.48484848484848486","0.48484848484848486","0.48484848484848486","0.48484848484848486","0.48484848484848486","0.48484848484848486","0.48484848484848486","0.48484848484848486","0.48484848484848486","0.48484848484848486","0.48484848484848486","0.48484848484848486","0.48484848484848486","0.48484848484848486","0.48484848484848486","0.48484848484848486","0.48484848484848486","0.48484848484848486","0.48484848484848486","0.48484848484848486","0.48484848484848486","0.48484848484848486","0.48484848484848486","0.48484848484848486","0.48484848484848486","0.48484848484848486","0.48484848484848486","0.48484848484848486","0.48484848484848486","0.48484848484848486","0.48484848484848486","0.48484848484848486","0.48484848484848486","0.48484848484848486","0.48484848484848486","0.48484848484848486","0.48484848484848486","0.48484848484848486","0.48484848484848486","0.48484848484848486","0.48484848484848486","0.48484848484848486","0.48484848484848486","0.48484848484848486","0.48484848484848486","0.48484848484848486","0.48484848484848486","0.48484848484848486","0.48484848484848486","0.48484848484848486","0.48484848484848486","0.48484848484848486","0.48484848484848486","0.48484848484848486","0.48484848484848486","0.48484848484848486","0.48484848484848486","0.48484848484848486","0.48484848484848486","0.48484848484848486","0.48484848484848486","0.48484848484848486","0.48484848484848486","0.48484848484848486","0.48484848484848486","0.48484848484848486","0.48484848484848486","0.48484848484848486","0.48484848484848486","0.48484848484848486","0.48484848484848486","0.48484848484848486","0.48484848484848486","0.48484848484848486","0.48484848484848486","0.48484848484848486","0.48484848484848486","0.48484848484848486","0.48484848484848486","0.48484848484848486","0.48484848484848486","0.48484848484848486","0.48484848484848486","0.48484848484848486","0.48484848484848486","0.48484848484848486","0.48484848484848486","0.48484848484848486","0.48484848484848486","0.48484848484848486","0.48484848484848486","0.48484848484848486","0.48484848484848486","0.48484848484848486","0.48484848484848486","0.48484848484848486","0.48484848484848486","0.48484848484848486","0.48484848484848486","0.48484848484848486","0.48484848484848486","0.48484848484848486","0.48484848484848486","0.48484848484848486","0.48484848484848486","0.48484848484848486","0.48484848484848486","0.48484848484848486","0.48484848484848486","0.48484848484848486","0.48484848484848486","0.48484848484848486","0.48484848484848486","0.48484848484848486","0.48484848484848486","0.48484848484848486","0.48484848484848486","0.48484848484848486","0.48484848484848486","0.48484848484848486","0.48484848484848486","0.48484848484848486","0.48484848484848486","0.48484848484848486","0.48484848484848486","0.48484848484848486","0.48484848484848486","0.48484848484848486","0.48484848484848486","0.48484848484848486","0.48484848484848486","0.48484848484848486","0.48484848484848486","0.48484848484848486","0.48484848484848486","0.48484848484848486","0.48484848484848486","0.48484848484848486","0.48484848484848486","0.48484848484848486","0.48484848484848486","0.48484848484848486","0.48484848484848486","0.48484848484848486","0.48484848484848486","0.48484848484848486","0.48484848484848486","0.48484848484848486","0.48484848484848486","0.48484848484848486","0.48484848484848486","0.48484848484848486","0.48484848484848486","0.48484848484848486","0.48484848484848486","0.48484848484848486","0.48484848484848486","0.48484848484848486","0.48484848484848486","0.48484848484848486","0.48484848484848486","0.48484848484848486","0.48484848484848486","0.48484848484848486","0.48484848484848486","0.48484848484848486","0.48484848484848486","0.48484848484848486","0.48484848484848486","0.48484848484848486","0.48484848484848486","0.48484848484848486","0.48484848484848486","0.48484848484848486","0.48484848484848486","0.48484848484848486","0.48484848484848486","1","34"
"RandooPy-NoTypes","flutils.strutils","1591028293622825190","535","607684638627","0.7272727272727273","522","12018","314","7387","0.6363636363636364","0.6363636363636364","0.6363636363636364","0.6363636363636364","0.6363636363636364","0.6363636363636364","0.6363636363636364","0.6363636363636364","0.6363636363636364","0.6363636363636364","0.6363636363636364","0.6363636363636364","0.6363636363636364","0.6363636363636364","0.6363636363636364","0.6363636363636364","0.6363636363636364","0.6363636363636364","0.6363636363636364","0.6363636363636364","0.6363636363636364","0.6363636363636364","0.6363636363636364","0.6363636363636364","0.6363636363636364","0.6363636363636364","0.6363636363636364","0.6363636363636364","0.6363636363636364","0.6363636363636364","0.6363636363636364","0.6363636363636364","0.6363636363636364","0.6363636363636364","0.6363636363636364","0.6363636363636364","0.6363636363636364","0.6363636363636364","0.654164636026336","0.6818181818181818","0.7272727272727273","0.7272727272727273","0.7272727272727273","0.7272727272727273","0.7272727272727273","0.7272727272727273","0.7272727272727273","0.7272727272727273","0.7272727272727273","0.7272727272727273","0.7272727272727273","0.7272727272727273","0.7272727272727273","0.7272727272727273","0.7272727272727273","0.7272727272727273","0.7272727272727273","0.7272727272727273","0.7272727272727273","0.7272727272727273","0.7272727272727273","0.7272727272727273","0.7272727272727273","0.7272727272727273","0.7272727272727273","0.7272727272727273","0.7272727272727273","0.7272727272727273","0.7272727272727273","0.7272727272727273","0.7272727272727273","0.7272727272727273","0.7272727272727273","0.7272727272727273","0.7272727272727273","0.7272727272727273","0.7272727272727273","0.7272727272727273","0.7272727272727273","0.7272727272727273","0.7272727272727273","0.7272727272727273","0.7272727272727273","0.7272727272727273","0.7272727272727273","0.7272727272727273","0.7272727272727273","0.7272727272727273","0.7272727272727273","0.7272727272727273","0.7272727272727273","0.7272727272727273","0.7272727272727273","0.7272727272727273","0.7272727272727273","0.7272727272727273","0.7272727272727273","0.7272727272727273","0.7272727272727273","0.7272727272727273","0.7272727272727273","0.7272727272727273","0.7272727272727273","0.7272727272727273","0.7272727272727273","0.7272727272727273","0.7272727272727273","0.7272727272727273","0.7272727272727273","0.7272727272727273","0.7272727272727273","0.7272727272727273","0.7272727272727273","0.7272727272727273","0.7272727272727273","0.7272727272727273","0.7272727272727273","0.7272727272727273","0.7272727272727273","0.7272727272727273","0.7272727272727273","0.7272727272727273","0.7272727272727273","0.7272727272727273","0.7272727272727273","0.7272727272727273","0.7272727272727273","0.7272727272727273","0.7272727272727273","0.7272727272727273","0.7272727272727273","0.7272727272727273","0.7272727272727273","0.7272727272727273","0.7272727272727273","0.7272727272727273","0.7272727272727273","0.7272727272727273","0.7272727272727273","0.7272727272727273","0.7272727272727273","0.7272727272727273","0.7272727272727273","0.7272727272727273","0.7272727272727273","0.7272727272727273","0.7272727272727273","0.7272727272727273","0.7272727272727273","0.7272727272727273","0.7272727272727273","0.7272727272727273","0.7272727272727273","0.7272727272727273","0.7272727272727273","0.7272727272727273","0.7272727272727273","0.7272727272727273","0.7272727272727273","0.7272727272727273","0.7272727272727273","0.7272727272727273","0.7272727272727273","0.7272727272727273","0.7272727272727273","0.7272727272727273","0.7272727272727273","0.7272727272727273","0.7272727272727273","0.7272727272727273","0.7272727272727273","0.7272727272727273","0.7272727272727273","0.7272727272727273","0.7272727272727273","0.7272727272727273","0.7272727272727273","0.7272727272727273","0.7272727272727273","0.7272727272727273","0.7272727272727273","0.7272727272727273","0.7272727272727273","0.7272727272727273","0.7272727272727273","0.7272727272727273","0.7272727272727273","0.7272727272727273","0.7272727272727273","0.7272727272727273","0.7272727272727273","0.7272727272727273","0.7272727272727273","0.7272727272727273","0.7272727272727273","0.7272727272727273","0.7272727272727273","0.7272727272727273","0.7272727272727273","0.7272727272727273","0.7272727272727273","0.7272727272727273","0.7272727272727273","0.7272727272727273","0.7272727272727273","0.7272727272727273","0.7272727272727273","0.7272727272727273","0.7272727272727273","0.7272727272727273","0.7272727272727273","0.7272727272727273","0.7272727272727273","0.7272727272727273","0.7272727272727273","0.7272727272727273","0.7272727272727273","0.7272727272727273","0.7272727272727273","0.7272727272727273","0.7272727272727273","0.7272727272727273","0.7272727272727273","0.7272727272727273","0.7272727272727273","0.7272727272727273","0.7272727272727273","0.7272727272727273","0.7272727272727273","0.7272727272727273","0.7272727272727273","0.7272727272727273","0.7272727272727273","0.7272727272727273","0.7272727272727273","0.7272727272727273","0.7272727272727273","0.7272727272727273","0.7272727272727273","0.7272727272727273","0.7272727272727273","0.7272727272727273","0.7272727272727273","0.7272727272727273","0.7272727272727273","0.7272727272727273","0.7272727272727273","0.7272727272727273","0.7272727272727273","0.7272727272727273","0.7272727272727273","0.7272727272727273","0.7272727272727273","0.7272727272727273","0.7272727272727273","0.7272727272727273","0.7272727272727273","0.7272727272727273","0.7272727272727273","0.7272727272727273","0.7272727272727273","0.7272727272727273","0.7272727272727273","0.7272727272727273","0.7272727272727273","0.7272727272727273","0.7272727272727273","0.7272727272727273","0.7272727272727273","0.7272727272727273","0.7272727272727273","0.7272727272727273","0.7272727272727273","0.7272727272727273","0.7272727272727273","0.7272727272727273","0.7272727272727273","0.7272727272727273","0.7272727272727273","0.7272727272727273","0.7272727272727273","0.7272727272727273","0.7272727272727273","0.7272727272727273","0.7272727272727273","0.7272727272727273","0.7272727272727273","0.7272727272727273","0.7272727272727273","0.7272727272727273","0.7272727272727273","0.7272727272727273","0.7272727272727273","0.7272727272727273","0.7272727272727273","0.7272727272727273","0.7272727272727273","0.7272727272727273","0.7272727272727273","0.7272727272727273","0.7272727272727273","0.7272727272727273","0.7272727272727273","0.7272727272727273","0.7272727272727273","0.7272727272727273","0.7272727272727273","0.7272727272727273","0.7272727272727273","0.7272727272727273","0.7272727272727273","0.7272727272727273","0.7272727272727273","0.7272727272727273","0.7272727272727273","0.7272727272727273","0.7272727272727273","0.7272727272727273","0.7272727272727273","0.7272727272727273","0.7272727272727273","0.7272727272727273","0.7272727272727273","0.7272727272727273","0.7272727272727273","0.7272727272727273","0.7272727272727273","0.7272727272727273","0.7272727272727273","0.7272727272727273","0.7272727272727273","0.7272727272727273","0.7272727272727273","0.7272727272727273","0.7272727272727273","0.7272727272727273","0.7272727272727273","0.7272727272727273","0.7272727272727273","0.7272727272727273","0.7272727272727273","0.7272727272727273","0.7272727272727273","0.7272727272727273","0.7272727272727273","0.7272727272727273","0.7272727272727273","0.7272727272727273","0.7272727272727273","0.7272727272727273","0.7272727272727273","0.7272727272727273","0.7272727272727273","0.7272727272727273","0.7272727272727273","0.7272727272727273","0.7272727272727273","0.7272727272727273","0.7272727272727273","0.7272727272727273","0.7272727272727273","0.7272727272727273","0.7272727272727273","0.7272727272727273","0.7272727272727273","0.7272727272727273","0.7272727272727273","0.7272727272727273","0.7272727272727273","0.7272727272727273","0.7272727272727273","0.7272727272727273","0.7272727272727273","0.7272727272727273","0.7272727272727273","0.7272727272727273","0.7272727272727273","0.7272727272727273","0.7272727272727273","0.7272727272727273","0.7272727272727273","0.7272727272727273","0.7272727272727273","0.7272727272727273","0.7272727272727273","0.7272727272727273","0.7272727272727273","0.7272727272727273","0.7272727272727273","0.7272727272727273","0.7272727272727273","0.7272727272727273","0.7272727272727273","0.7272727272727273","0.7272727272727273","0.7272727272727273","0.7272727272727273","0.7272727272727273","0.7272727272727273","0.7272727272727273","0.7272727272727273","0.7272727272727273","0.7272727272727273","0.7272727272727273","0.7272727272727273","0.7272727272727273","0.7272727272727273","0.7272727272727273","0.7272727272727273","0.7272727272727273","0.7272727272727273","0.7272727272727273","0.7272727272727273","0.7272727272727273","0.7272727272727273","0.7272727272727273","0.7272727272727273","0.7272727272727273","0.7272727272727273","0.7272727272727273","0.7272727272727273","0.7272727272727273","0.7272727272727273","0.7272727272727273","0.7272727272727273","0.7272727272727273","0.7272727272727273","0.7272727272727273","0.7272727272727273","0.7272727272727273","0.7272727272727273","0.7272727272727273","0.7272727272727273","0.7272727272727273","0.7272727272727273","0.7272727272727273","0.7272727272727273","0.7272727272727273","0.7272727272727273","0.7272727272727273","0.7272727272727273","0.7272727272727273","0.7272727272727273","0.7272727272727273","0.7272727272727273","0.7272727272727273","0.7272727272727273","0.7272727272727273","0.7272727272727273","0.7272727272727273","0.7272727272727273","0.7272727272727273","0.7272727272727273","0.7272727272727273","0.7272727272727273","0.7272727272727273","0.7272727272727273","0.7272727272727273","0.7272727272727273","0.7272727272727273","0.7272727272727273","0.7272727272727273","0.7272727272727273","0.7272727272727273","0.7272727272727273","0.7272727272727273","0.7272727272727273","0.7272727272727273","0.7272727272727273","0.7272727272727273","0.7272727272727273","0.7272727272727273","0.7272727272727273","0.7272727272727273","0.7272727272727273","0.7272727272727273","0.7272727272727273","0.7272727272727273","0.7272727272727273","0.7272727272727273","0.7272727272727273","0.7272727272727273","0.7272727272727273","0.7272727272727273","0.7272727272727273","0.7272727272727273","0.7272727272727273","0.7272727272727273","0.7272727272727273","0.7272727272727273","0.7272727272727273","0.7272727272727273","0.7272727272727273","0.7272727272727273","0.7272727272727273","0.7272727272727273","0.7272727272727273","0.7272727272727273","0.7272727272727273","0.7272727272727273","0.7272727272727273","0.7272727272727273","0.7272727272727273","0.7272727272727273","0.7272727272727273","0.7272727272727273","0.7272727272727273","0.7272727272727273","0.7272727272727273","0.7272727272727273","0.7272727272727273","0.7272727272727273","0.7272727272727273","0.7272727272727273","0.7272727272727273","0.7272727272727273","0.7272727272727273","0.7272727272727273","0.7272727272727273","0.7272727272727273","0.7272727272727273","0.7272727272727273","0.7272727272727273","0.7272727272727273","0.7272727272727273","0.7272727272727273","0.7272727272727273","0.7272727272727273","0.7272727272727273","0.7272727272727273","0.7272727272727273","0.7272727272727273","0.7272727272727273","0.7272727272727273","0.7272727272727273","0.7272727272727273","0.7272727272727273","0.7272727272727273","0.7272727272727273","0.7272727272727273","0.7272727272727273","0.7272727272727273","0.7272727272727273","0.7272727272727273","0.7272727272727273","0.7272727272727273","0.7272727272727273","0.7272727272727273","0.7272727272727273","0.7272727272727273","0.7272727272727273","0.7272727272727273","0.7272727272727273","0.7272727272727273","0.7272727272727273","0.7272727272727273","0.7272727272727273","0.7272727272727273","0.7272727272727273","0.7272727272727273","0.7272727272727273","0.7272727272727273","0.7272727272727273","0.7272727272727273","0.7272727272727273","0.7272727272727273","0.7272727272727273","0.7272727272727273","0.7272727272727273","0.7272727272727273","0.7272727272727273","0.7272727272727273","0.7272727272727273","0.7272727272727273","0.7272727272727273","0.7272727272727273","0.7272727272727273","0.7272727272727273","0.7272727272727273","0.7272727272727273","0.7272727272727273","0.7272727272727273","0.7272727272727273","0.7272727272727273","0.7272727272727273","0.7272727272727273","0.7272727272727273","0.7272727272727273","0.7272727272727273","0.7272727272727273","0.7272727272727273","0.7272727272727273","0.7272727272727273","0.7272727272727273","0.7272727272727273","0.7272727272727273","0.7272727272727273","0.7272727272727273","0.7272727272727273","0.7272727272727273","208","4631"
"RandooPy-TypeHintsInference","flutils.decorators","1591027665137230137","495","607916418114","0.7","493","12143","239","5829","0.7","0.7","0.7","0.7","0.7","0.7","0.7","0.7","0.7","0.7","0.7","0.7","0.7","0.7","0.7","0.7","0.7","0.7","0.7","0.7","0.7","0.7","0.7","0.7","0.7","0.7","0.7","0.7","0.7","0.7","0.7","0.7","0.7","0.7","0.7","0.7","0.7","0.7","0.7","0.7","0.7","0.7","0.7","0.7","0.7","0.7","0.7","0.7","0.7","0.7","0.7","0.7","0.7","0.7","0.7","0.7","0.7","0.7","0.7","0.7","0.7","0.7","0.7","0.7","0.7","0.7","0.7","0.7","0.7","0.7","0.7","0.7","0.7","0.7","0.7","0.7","0.7","0.7","0.7","0.7","0.7","0.7","0.7","0.7","0.7","0.7","0.7","0.7","0.7","0.7","0.7","0.7","0.7","0.7","0.7","0.7","0.7","0.7","0.7","0.7","0.7","0.7","0.7","0.7","0.7","0.7","0.7","0.7","0.7","0.7","0.7","0.7","0.7","0.7","0.7","0.7","0.7","0.7","0.7","0.7","0.7","0.7","0.7","0.7","0.7","0.7","0.7","0.7","0.7","0.7","0.7","0.7","0.7","0.7","0.7","0.7","0.7","0.7","0.7","0.7","0.7","0.7","0.7","0.7","0.7","0.7","0.7","0.7","0.7","0.7","0.7","0.7","0.7","0.7","0.7","0.7","0.7","0.7","0.7","0.7","0.7","0.7","0.7","0.7","0.7","0.7","0.7","0.7","0.7","0.7","0.7","0.7","0.7","0.7","0.7","0.7","0.7","0.7","0.7","0.7","0.7","0.7","0.7","0.7","0.7","0.7","0.7","0.7","0.7","0.7","0.7","0.7","0.7","0.7","0.7","0.7","0.7","0.7","0.7","0.7","0.7","0.7","0.7","0.7","0.7","0.7","0.7","0.7","0.7","0.7","0.7","0.7","0.7","0.7","0.7","0.7","0.7","0.7","0.7","0.7","0.7","0.7","0.7","0.7","0.7","0.7","0.7","0.7","0.7","0.7","0.7","0.7","0.7","0.7","0.7","0.7","0.7","0.7","0.7","0.7","0.7","0.7","0.7","0.7","0.7","0.7","0.7","0.7","0.7","0.7","0.7","0.7","0.7","0.7","0.7","0.7","0.7","0.7","0.7","0.7","0.7","0.7","0.7","0.7","0.7","0.7","0.7","0.7","0.7","0.7","0.7","0.7","0.7","0.7","0.7","0.7","0.7","0.7","0.7","0.7","0.7","0.7","0.7","0.7","0.7","0.7","0.7","0.7","0.7","0.7","0.7","0.7","0.7","0.7","0.7","0.7","0.7","0.7","0.7","0.7","0.7","0.7","0.7","0.7","0.7","0.7","0.7","0.7","0.7","0.7","0.7","0.7","0.7","0.7","0.7","0.7","0.7","0.7","0.7","0.7","0.7","0.7","0.7","0.7","0.7","0.7","0.7","0.7","0.7","0.7","0.7","0.7","0.7","0.7","0.7","0.7","0.7","0.7","0.7","0.7","0.7","0.7","0.7","0.7","0.7","0.7","0.7","0.7","0.7","0.7","0.7","0.7","0.7","0.7","0.7","0.7","0.7","0.7","0.7","0.7","0.7","0.7","0.7","0.7","0.7","0.7","0.7","0.7","0.7","0.7","0.7","0.7","0.7","0.7","0.7","0.7","0.7","0.7","0.7","0.7","0.7","0.7","0.7","0.7","0.7","0.7","0.7","0.7","0.7","0.7","0.7","0.7","0.7","0.7","0.7","0.7","0.7","0.7","0.7","0.7","0.7","0.7","0.7","0.7","0.7","0.7","0.7","0.7","0.7","0.7","0.7","0.7","0.7","0.7","0.7","0.7","0.7","0.7","0.7","0.7","0.7","0.7","0.7","0.7","0.7","0.7","0.7","0.7","0.7","0.7","0.7","0.7","0.7","0.7","0.7","0.7","0.7","0.7","0.7","0.7","0.7","0.7","0.7","0.7","0.7","0.7","0.7","0.7","0.7","0.7","0.7","0.7","0.7","0.7","0.7","0.7","0.7","0.7","0.7","0.7","0.7","0.7","0.7","0.7","0.7","0.7","0.7","0.7","0.7","0.7","0.7","0.7","0.7","0.7","0.7","0.7","0.7","0.7","0.7","0.7","0.7","0.7","0.7","0.7","0.7","0.7","0.7","0.7","0.7","0.7","0.7","0.7","0.7","0.7","0.7","0.7","0.7","0.7","0.7","0.7","0.7","0.7","0.7","0.7","0.7","0.7","0.7","0.7","0.7","0.7","0.7","0.7","0.7","0.7","0.7","0.7","0.7","0.7","0.7","0.7","0.7","0.7","0.7","0.7","0.7","0.7","0.7","0.7","0.7","0.7","0.7","0.7","0.7","0.7","0.7","0.7","0.7","0.7","0.7","0.7","0.7","0.7","0.7","0.7","0.7","0.7","0.7","0.7","0.7","0.7","0.7","0.7","0.7","0.7","0.7","0.7","0.7","0.7","0.7","0.7","0.7","0.7","0.7","0.7","0.7","0.7","0.7","0.7","0.7","0.7","0.7","0.7","0.7","0.7","0.7","0.7","0.7","0.7","0.7","0.7","0.7","0.7","0.7","0.7","0.7","0.7","0.7","0.7","0.7","0.7","0.7","0.7","0.7","0.7","0.7","0.7","0.7","0.7","0.7","0.7","254","6314"
"WSPy-NoTypes","flutils.codecs.raw_utf8_escape","1591028638929788271","921","600278236242","0.6521739130434783","8","229","7","217","0.5217391304347826","0.5217391304347826","0.6086956521739131","0.6086956521739131","0.6086956521739131","0.6086956521739131","0.6521739130434783","0.6521739130434783","0.6521739130434783","0.6521739130434783","0.6521739130434783","0.6521739130434783","0.6521739130434783","0.6521739130434783","0.6521739130434783","0.6521739130434783","0.6521739130434783","0.6521739130434783","0.6521739130434783","0.6521739130434783","0.6521739130434783","0.6521739130434783","0.6521739130434783","0.6521739130434783","0.6521739130434783","0.6521739130434783","0.6521739130434783","0.6521739130434783","0.6521739130434783","0.6521739130434783","0.6521739130434783","0.6521739130434783","0.6521739130434783","0.6521739130434783","0.6521739130434783","0.6521739130434783","0.6521739130434783","0.6521739130434783","0.6521739130434783","0.6521739130434783","0.6521739130434783","0.6521739130434783","0.6521739130434783","0.6521739130434783","0.6521739130434783","0.6521739130434783","0.6521739130434783","0.6521739130434783","0.6521739130434783","0.6521739130434783","0.6521739130434783","0.6521739130434783","0.6521739130434783","0.6521739130434783","0.6521739130434783","0.6521739130434783","0.6521739130434783","0.6521739130434783","0.6521739130434783","0.6521739130434783","0.6521739130434783","0.6521739130434783","0.6521739130434783","0.6521739130434783","0.6521739130434783","0.6521739130434783","0.6521739130434783","0.6521739130434783","0.6521739130434783","0.6521739130434783","0.6521739130434783","0.6521739130434783","0.6521739130434783","0.6521739130434783","0.6521739130434783","0.6521739130434783","0.6521739130434783","0.6521739130434783","0.6521739130434783","0.6521739130434783","0.6521739130434783","0.6521739130434783","0.6521739130434783","0.6521739130434783","0.6521739130434783","0.6521739130434783","0.6521739130434783","0.6521739130434783","0.6521739130434783","0.6521739130434783","0.6521739130434783","0.6521739130434783","0.6521739130434783","0.6521739130434783","0.6521739130434783","0.6521739130434783","0.6521739130434783","0.6521739130434783","0.6521739130434783","0.6521739130434783","0.6521739130434783","0.6521739130434783","0.6521739130434783","0.6521739130434783","0.6521739130434783","0.6521739130434783","0.6521739130434783","0.6521739130434783","0.6521739130434783","0.6521739130434783","0.6521739130434783","0.6521739130434783","0.6521739130434783","0.6521739130434783","0.6521739130434783","0.6521739130434783","0.6521739130434783","0.6521739130434783","0.6521739130434783","0.6521739130434783","0.6521739130434783","0.6521739130434783","0.6521739130434783","0.6521739130434783","0.6521739130434783","0.6521739130434783","0.6521739130434783","0.6521739130434783","0.6521739130434783","0.6521739130434783","0.6521739130434783","0.6521739130434783","0.6521739130434783","0.6521739130434783","0.6521739130434783","0.6521739130434783","0.6521739130434783","0.6521739130434783","0.6521739130434783","0.6521739130434783","0.6521739130434783","0.6521739130434783","0.6521739130434783","0.6521739130434783","0.6521739130434783","0.6521739130434783","0.6521739130434783","0.6521739130434783","0.6521739130434783","0.6521739130434783","0.6521739130434783","0.6521739130434783","0.6521739130434783","0.6521739130434783","0.6521739130434783","0.6521739130434783","0.6521739130434783","0.6521739130434783","0.6521739130434783","0.6521739130434783","0.6521739130434783","0.6521739130434783","0.6521739130434783","0.6521739130434783","0.6521739130434783","0.6521739130434783","0.6521739130434783","0.6521739130434783","0.6521739130434783","0.6521739130434783","0.6521739130434783","0.6521739130434783","0.6521739130434783","0.6521739130434783","0.6521739130434783","0.6521739130434783","0.6521739130434783","0.6521739130434783","0.6521739130434783","0.6521739130434783","0.6521739130434783","0.6521739130434783","0.6521739130434783","0.6521739130434783","0.6521739130434783","0.6521739130434783","0.6521739130434783","0.6521739130434783","0.6521739130434783","0.6521739130434783","0.6521739130434783","0.6521739130434783","0.6521739130434783","0.6521739130434783","0.6521739130434783","0.6521739130434783","0.6521739130434783","0.6521739130434783","0.6521739130434783","0.6521739130434783","0.6521739130434783","0.6521739130434783","0.6521739130434783","0.6521739130434783","0.6521739130434783","0.6521739130434783","0.6521739130434783","0.6521739130434783","0.6521739130434783","0.6521739130434783","0.6521739130434783","0.6521739130434783","0.6521739130434783","0.6521739130434783","0.6521739130434783","0.6521739130434783","0.6521739130434783","0.6521739130434783","0.6521739130434783","0.6521739130434783","0.6521739130434783","0.6521739130434783","0.6521739130434783","0.6521739130434783","0.6521739130434783","0.6521739130434783","0.6521739130434783","0.6521739130434783","0.6521739130434783","0.6521739130434783","0.6521739130434783","0.6521739130434783","0.6521739130434783","0.6521739130434783","0.6521739130434783","0.6521739130434783","0.6521739130434783","0.6521739130434783","0.6521739130434783","0.6521739130434783","0.6521739130434783","0.6521739130434783","0.6521739130434783","0.6521739130434783","0.6521739130434783","0.6521739130434783","0.6521739130434783","0.6521739130434783","0.6521739130434783","0.6521739130434783","0.6521739130434783","0.6521739130434783","0.6521739130434783","0.6521739130434783","0.6521739130434783","0.6521739130434783","0.6521739130434783","0.6521739130434783","0.6521739130434783","0.6521739130434783","0.6521739130434783","0.6521739130434783","0.6521739130434783","0.6521739130434783","0.6521739130434783","0.6521739130434783","0.6521739130434783","0.6521739130434783","0.6521739130434783","0.6521739130434783","0.6521739130434783","0.6521739130434783","0.6521739130434783","0.6521739130434783","0.6521739130434783","0.6521739130434783","0.6521739130434783","0.6521739130434783","0.6521739130434783","0.6521739130434783","0.6521739130434783","0.6521739130434783","0.6521739130434783","0.6521739130434783","0.6521739130434783","0.6521739130434783","0.6521739130434783","0.6521739130434783","0.6521739130434783","0.6521739130434783","0.6521739130434783","0.6521739130434783","0.6521739130434783","0.6521739130434783","0.6521739130434783","0.6521739130434783","0.6521739130434783","0.6521739130434783","0.6521739130434783","0.6521739130434783","0.6521739130434783","0.6521739130434783","0.6521739130434783","0.6521739130434783","0.6521739130434783","0.6521739130434783","0.6521739130434783","0.6521739130434783","0.6521739130434783","0.6521739130434783","0.6521739130434783","0.6521739130434783","0.6521739130434783","0.6521739130434783","0.6521739130434783","0.6521739130434783","0.6521739130434783","0.6521739130434783","0.6521739130434783","0.6521739130434783","0.6521739130434783","0.6521739130434783","0.6521739130434783","0.6521739130434783","0.6521739130434783","0.6521739130434783","0.6521739130434783","0.6521739130434783","0.6521739130434783","0.6521739130434783","0.6521739130434783","0.6521739130434783","0.6521739130434783","0.6521739130434783","0.6521739130434783","0.6521739130434783","0.6521739130434783","0.6521739130434783","0.6521739130434783","0.6521739130434783","0.6521739130434783","0.6521739130434783","0.6521739130434783","0.6521739130434783","0.6521739130434783","0.6521739130434783","0.6521739130434783","0.6521739130434783","0.6521739130434783","0.6521739130434783","0.6521739130434783","0.6521739130434783","0.6521739130434783","0.6521739130434783","0.6521739130434783","0.6521739130434783","0.6521739130434783","0.6521739130434783","0.6521739130434783","0.6521739130434783","0.6521739130434783","0.6521739130434783","0.6521739130434783","0.6521739130434783","0.6521739130434783","0.6521739130434783","0.6521739130434783","0.6521739130434783","0.6521739130434783","0.6521739130434783","0.6521739130434783","0.6521739130434783","0.6521739130434783","0.6521739130434783","0.6521739130434783","0.6521739130434783","0.6521739130434783","0.6521739130434783","0.6521739130434783","0.6521739130434783","0.6521739130434783","0.6521739130434783","0.6521739130434783","0.6521739130434783","0.6521739130434783","0.6521739130434783","0.6521739130434783","0.6521739130434783","0.6521739130434783","0.6521739130434783","0.6521739130434783","0.6521739130434783","0.6521739130434783","0.6521739130434783","0.6521739130434783","0.6521739130434783","0.6521739130434783","0.6521739130434783","0.6521739130434783","0.6521739130434783","0.6521739130434783","0.6521739130434783","0.6521739130434783","0.6521739130434783","0.6521739130434783","0.6521739130434783","0.6521739130434783","0.6521739130434783","0.6521739130434783","0.6521739130434783","0.6521739130434783","0.6521739130434783","0.6521739130434783","0.6521739130434783","0.6521739130434783","0.6521739130434783","0.6521739130434783","0.6521739130434783","0.6521739130434783","0.6521739130434783","0.6521739130434783","0.6521739130434783","0.6521739130434783","0.6521739130434783","0.6521739130434783","0.6521739130434783","0.6521739130434783","0.6521739130434783","0.6521739130434783","0.6521739130434783","0.6521739130434783","0.6521739130434783","0.6521739130434783","0.6521739130434783","0.6521739130434783","0.6521739130434783","0.6521739130434783","0.6521739130434783","0.6521739130434783","0.6521739130434783","0.6521739130434783","0.6521739130434783","0.6521739130434783","0.6521739130434783","0.6521739130434783","0.6521739130434783","0.6521739130434783","0.6521739130434783","0.6521739130434783","0.6521739130434783","0.6521739130434783","0.6521739130434783","0.6521739130434783","0.6521739130434783","0.6521739130434783","0.6521739130434783","0.6521739130434783","0.6521739130434783","0.6521739130434783","0.6521739130434783","0.6521739130434783","0.6521739130434783","0.6521739130434783","0.6521739130434783","0.6521739130434783","0.6521739130434783","0.6521739130434783","0.6521739130434783","0.6521739130434783","0.6521739130434783","0.6521739130434783","0.6521739130434783","0.6521739130434783","0.6521739130434783","0.6521739130434783","0.6521739130434783","0.6521739130434783","0.6521739130434783","0.6521739130434783","0.6521739130434783","0.6521739130434783","0.6521739130434783","0.6521739130434783","0.6521739130434783","0.6521739130434783","0.6521739130434783","0.6521739130434783","0.6521739130434783","0.6521739130434783","0.6521739130434783","0.6521739130434783","0.6521739130434783","0.6521739130434783","0.6521739130434783","0.6521739130434783","0.6521739130434783","0.6521739130434783","0.6521739130434783","0.6521739130434783","0.6521739130434783","0.6521739130434783","0.6521739130434783","0.6521739130434783","0.6521739130434783","0.6521739130434783","0.6521739130434783","0.6521739130434783","0.6521739130434783","0.6521739130434783","0.6521739130434783","0.6521739130434783","0.6521739130434783","0.6521739130434783","0.6521739130434783","0.6521739130434783","0.6521739130434783","0.6521739130434783","0.6521739130434783","0.6521739130434783","0.6521739130434783","0.6521739130434783","0.6521739130434783","0.6521739130434783","0.6521739130434783","0.6521739130434783","0.6521739130434783","0.6521739130434783","0.6521739130434783","0.6521739130434783","0.6521739130434783","0.6521739130434783","0.6521739130434783","0.6521739130434783","0.6521739130434783","0.6521739130434783","0.6521739130434783","0.6521739130434783","0.6521739130434783","0.6521739130434783","0.6521739130434783","0.6521739130434783","0.6521739130434783","0.6521739130434783","0.6521739130434783","0.6521739130434783","0.6521739130434783","0.6521739130434783","0.6521739130434783","0.6521739130434783","0.6521739130434783","0.6521739130434783","0.6521739130434783","0.6521739130434783","0.6521739130434783","0.6521739130434783","0.6521739130434783","0.6521739130434783","0.6521739130434783","0.6521739130434783","0.6521739130434783","0.6521739130434783","0.6521739130434783","0.6521739130434783","0.6521739130434783","0.6521739130434783","0.6521739130434783","0.6521739130434783","0.6521739130434783","0.6521739130434783","0.6521739130434783","0.6521739130434783","0.6521739130434783","0.6521739130434783","0.6521739130434783","0.6521739130434783","0.6521739130434783","0.6521739130434783","0.6521739130434783","0.6521739130434783","0.6521739130434783","0.6521739130434783","0.6521739130434783","0.6521739130434783","0.6521739130434783","0.6521739130434783","0.6521739130434783","0.6521739130434783","0.6521739130434783","0.6521739130434783","0.6521739130434783","0.6521739130434783","0.6521739130434783","0.6521739130434783","0.6521739130434783","0.6521739130434783","0.6521739130434783","0.6521739130434783","0.6521739130434783","0.6521739130434783","0.6521739130434783","1","12"
"WSPy-NoTypes","flutils.decorators","1591028655955358550","949","600383490615","0.7","10","226","10","226","0.7","0.7","0.7","0.7","0.7","0.7","0.7","0.7","0.7","0.7","0.7","0.7","0.7","0.7","0.7","0.7","0.7","0.7","0.7","0.7","0.7","0.7","0.7","0.7","0.7","0.7","0.7","0.7","0.7","0.7","0.7","0.7","0.7","0.7","0.7","0.7","0.7","0.7","0.7","0.7","0.7","0.7","0.7","0.7","0.7","0.7","0.7","0.7","0.7","0.7","0.7","0.7","0.7","0.7","0.7","0.7","0.7","0.7","0.7","0.7","0.7","0.7","0.7","0.7","0.7","0.7","0.7","0.7","0.7","0.7","0.7","0.7","0.7","0.7","0.7","0.7","0.7","0.7","0.7","0.7","0.7","0.7","0.7","0.7","0.7","0.7","0.7","0.7","0.7","0.7","0.7","0.7","0.7","0.7","0.7","0.7","0.7","0.7","0.7","0.7","0.7","0.7","0.7","0.7","0.7","0.7","0.7","0.7","0.7","0.7","0.7","0.7","0.7","0.7","0.7","0.7","0.7","0.7","0.7","0.7","0.7","0.7","0.7","0.7","0.7","0.7","0.7","0.7","0.7","0.7","0.7","0.7","0.7","0.7","0.7","0.7","0.7","0.7","0.7","0.7","0.7","0.7","0.7","0.7","0.7","0.7","0.7","0.7","0.7","0.7","0.7","0.7","0.7","0.7","0.7","0.7","0.7","0.7","0.7","0.7","0.7","0.7","0.7","0.7","0.7","0.7","0.7","0.7","0.7","0.7","0.7","0.7","0.7","0.7","0.7","0.7","0.7","0.7","0.7","0.7","0.7","0.7","0.7","0.7","0.7","0.7","0.7","0.7","0.7","0.7","0.7","0.7","0.7","0.7","0.7","0.7","0.7","0.7","0.7","0.7","0.7","0.7","0.7","0.7","0.7","0.7","0.7","0.7","0.7","0.7","0.7","0.7","0.7","0.7","0.7","0.7","0.7","0.7","0.7","0.7","0.7","0.7","0.7","0.7","0.7","0.7","0.7","0.7","0.7","0.7","0.7","0.7","0.7","0.7","0.7","0.7","0.7","0.7","0.7","0.7","0.7","0.7","0.7","0.7","0.7","0.7","0.7","0.7","0.7","0.7","0.7","0.7","0.7","0.7","0.7","0.7","0.7","0.7","0.7","0.7","0.7","0.7","0.7","0.7","0.7","0.7","0.7","0.7","0.7","0.7","0.7","0.7","0.7","0.7","0.7","0.7","0.7","0.7","0.7","0.7","0.7","0.7","0.7","0.7","0.7","0.7","0.7","0.7","0.7","0.7","0.7","0.7","0.7","0.7","0.7","0.7","0.7","0.7","0.7","0.7","0.7","0.7","0.7","0.7","0.7","0.7","0.7","0.7","0.7","0.7","0.7","0.7","0.7","0.7","0.7","0.7","0.7","0.7","0.7","0.7","0.7","0.7","0.7","0.7","0.7","0.7","0.7","0.7","0.7","0.7","0.7","0.7","0.7","0.7","0.7","0.7","0.7","0.7","0.7","0.7","0.7","0.7","0.7","0.7","0.7","0.7","0.7","0.7","0.7","0.7","0.7","0.7","0.7","0.7","0.7","0.7","0.7","0.7","0.7","0.7","0.7","0.7","0.7","0.7","0.7","0.7","0.7","0.7","0.7","0.7","0.7","0.7","0.7","0.7","0.7","0.7","0.7","0.7","0.7","0.7","0.7","0.7","0.7","0.7","0.7","0.7","0.7","0.7","0.7","0.7","0.7","0.7","0.7","0.7","0.7","0.7","0.7","0.7","0.7","0.7","0.7","0.7","0.7","0.7","0.7","0.7","0.7","0.7","0.7","0.7","0.7","0.7","0.7","0.7","0.7","0.7","0.7","0.7","0.7","0.7","0.7","0.7","0.7","0.7","0.7","0.7","0.7","0.7","0.7","0.7","0.7","0.7","0.7","0.7","0.7","0.7","0.7","0.7","0.7","0.7","0.7","0.7","0.7","0.7","0.7","0.7","0.7","0.7","0.7","0.7","0.7","0.7","0.7","0.7","0.7","0.7","0.7","0.7","0.7","0.7","0.7","0.7","0.7","0.7","0.7","0.7","0.7","0.7","0.7","0.7","0.7","0.7","0.7","0.7","0.7","0.7","0.7","0.7","0.7","0.7","0.7","0.7","0.7","0.7","0.7","0.7","0.7","0.7","0.7","0.7","0.7","0.7","0.7","0.7","0.7","0.7","0.7","0.7","0.7","0.7","0.7","0.7","0.7","0.7","0.7","0.7","0.7","0.7","0.7","0.7","0.7","0.7","0.7","0.7","0.7","0.7","0.7","0.7","0.7","0.7","0.7","0.7","0.7","0.7","0.7","0.7","0.7","0.7","0.7","0.7","0.7","0.7","0.7","0.7","0.7","0.7","0.7","0.7","0.7","0.7","0.7","0.7","0.7","0.7","0.7","0.7","0.7","0.7","0.7","0.7","0.7","0.7","0.7","0.7","0.7","0.7","0.7","0.7","0.7","0.7","0.7","0.7","0.7","0.7","0.7","0.7","0.7","0.7","0.7","0.7","0.7","0.7","0.7","0.7","0.7","0.7","0.7","0.7","0.7","0.7","0.7","0.7","0.7","0.7","0.7","0.7","0.7","0.7","0.7","0.7","0.7","0.7","0.7","0.7","0.7","0.7","0.7","0.7","0.7","0.7","0","0"
"RandooPy-TypeHintsInference","flutils.codecs.raw_utf8_escape","1591027658268483644","291","608675733715","0.5217391304347826","278","7279","108","2740","0.4782608695652174","0.4782608695652174","0.4782608695652174","0.4782608695652174","0.4782608695652174","0.4782608695652174","0.4782608695652174","0.4782608695652174","0.4782608695652174","0.4782608695652174","0.4782608695652174","0.4782608695652174","0.4782608695652174","0.4782608695652174","0.4782608695652174","0.4782608695652174","0.4782608695652174","0.4782608695652174","0.4782608695652174","0.4782608695652174","0.4782608695652174","0.4782608695652174","0.4782608695652174","0.4782608695652174","0.4782608695652174","0.4782608695652174","0.4782608695652174","0.4782608695652174","0.4782608695652174","0.4782608695652174","0.4782608695652174","0.4782608695652174","0.4782608695652174","0.4782608695652174","0.4782608695652174","0.4782608695652174","0.4782608695652174","0.4782608695652174","0.4782608695652174","0.4782608695652174","0.4782608695652174","0.4782608695652174","0.4782608695652174","0.4782608695652174","0.4782608695652174","0.4782608695652174","0.4782608695652174","0.4782608695652174","0.4782608695652174","0.4782608695652174","0.4782608695652174","0.4782608695652174","0.4782608695652174","0.4782608695652174","0.4782608695652174","0.4782608695652174","0.4782608695652174","0.4782608695652174","0.4782608695652174","0.4782608695652174","0.4782608695652174","0.4782608695652174","0.4782608695652174","0.4782608695652174","0.4782608695652174","0.4782608695652174","0.4782608695652174","0.4782608695652174","0.4782608695652174","0.4782608695652174","0.4782608695652174","0.4782608695652174","0.4782608695652174","0.49486360927506673","0.5217391304347826","0.5217391304347826","0.5217391304347826","0.5217391304347826","0.5217391304347826","0.5217391304347826","0.5217391304347826","0.5217391304347826","0.5217391304347826","0.5217391304347826","0.5217391304347826","0.5217391304347826","0.5217391304347826","0.5217391304347826","0.5217391304347826","0.5217391304347826","0.5217391304347826","0.5217391304347826","0.5217391304347826","0.5217391304347826","0.5217391304347826","0.5217391304347826","0.5217391304347826","0.5217391304347826","0.5217391304347826","0.5217391304347826","0.5217391304347826","0.5217391304347826","0.5217391304347826","0.5217391304347826","0.5217391304347826","0.5217391304347826","0.5217391304347826","0.5217391304347826","0.5217391304347826","0.5217391304347826","0.5217391304347826","0.5217391304347826","0.5217391304347826","0.5217391304347826","0.5217391304347826","0.5217391304347826","0.5217391304347826","0.5217391304347826","0.5217391304347826","0.5217391304347826","0.5217391304347826","0.5217391304347826","0.5217391304347826","0.5217391304347826","0.5217391304347826","0.5217391304347826","0.5217391304347826","0.5217391304347826","0.5217391304347826","0.5217391304347826","0.5217391304347826","0.5217391304347826","0.5217391304347826","0.5217391304347826","0.5217391304347826","0.5217391304347826","0.5217391304347826","0.5217391304347826","0.5217391304347826","0.5217391304347826","0.5217391304347826","0.5217391304347826","0.5217391304347826","0.5217391304347826","0.5217391304347826","0.5217391304347826","0.5217391304347826","0.5217391304347826","0.5217391304347826","0.5217391304347826","0.5217391304347826","0.5217391304347826","0.5217391304347826","0.5217391304347826","0.5217391304347826","0.5217391304347826","0.5217391304347826","0.5217391304347826","0.5217391304347826","0.5217391304347826","0.5217391304347826","0.5217391304347826","0.5217391304347826","0.5217391304347826","0.5217391304347826","0.5217391304347826","0.5217391304347826","0.5217391304347826","0.5217391304347826","0.5217391304347826","0.5217391304347826","0.5217391304347826","0.5217391304347826","0.5217391304347826","0.5217391304347826","0.5217391304347826","0.5217391304347826","0.5217391304347826","0.5217391304347826","0.5217391304347826","0.5217391304347826","0.5217391304347826","0.5217391304347826","0.5217391304347826","0.5217391304347826","0.5217391304347826","0.5217391304347826","0.5217391304347826","0.5217391304347826","0.5217391304347826","0.5217391304347826","0.5217391304347826","0.5217391304347826","0.5217391304347826","0.5217391304347826","0.5217391304347826","0.5217391304347826","0.5217391304347826","0.5217391304347826","0.5217391304347826","0.5217391304347826","0.5217391304347826","0.5217391304347826","0.5217391304347826","0.5217391304347826","0.5217391304347826","0.5217391304347826","0.5217391304347826","0.5217391304347826","0.5217391304347826","0.5217391304347826","0.5217391304347826","0.5217391304347826","0.5217391304347826","0.5217391304347826","0.5217391304347826","0.5217391304347826","0.5217391304347826","0.5217391304347826","0.5217391304347826","0.5217391304347826","0.5217391304347826","0.5217391304347826","0.5217391304347826","0.5217391304347826","0.5217391304347826","0.5217391304347826","0.5217391304347826","0.5217391304347826","0.5217391304347826","0.5217391304347826","0.5217391304347826","0.5217391304347826","0.5217391304347826","0.5217391304347826","0.5217391304347826","0.5217391304347826","0.5217391304347826","0.5217391304347826","0.5217391304347826","0.5217391304347826","0.5217391304347826","0.5217391304347826","0.5217391304347826","0.5217391304347826","0.5217391304347826","0.5217391304347826","0.5217391304347826","0.5217391304347826","0.5217391304347826","0.5217391304347826","0.5217391304347826","0.5217391304347826","0.5217391304347826","0.5217391304347826","0.5217391304347826","0.5217391304347826","0.5217391304347826","0.5217391304347826","0.5217391304347826","0.5217391304347826","0.5217391304347826","0.5217391304347826","0.5217391304347826","0.5217391304347826","0.5217391304347826","0.5217391304347826","0.5217391304347826","0.5217391304347826","0.5217391304347826","0.5217391304347826","0.5217391304347826","0.5217391304347826","0.5217391304347826","0.5217391304347826","0.5217391304347826","0.5217391304347826","0.5217391304347826","0.5217391304347826","0.5217391304347826","0.5217391304347826","0.5217391304347826","0.5217391304347826","0.5217391304347826","0.5217391304347826","0.5217391304347826","0.5217391304347826","0.5217391304347826","0.5217391304347826","0.5217391304347826","0.5217391304347826","0.5217391304347826","0.5217391304347826","0.5217391304347826","0.5217391304347826","0.5217391304347826","0.5217391304347826","0.5217391304347826","0.5217391304347826","0.5217391304347826","0.5217391304347826","0.5217391304347826","0.5217391304347826","0.5217391304347826","0.5217391304347826","0.5217391304347826","0.5217391304347826","0.5217391304347826","0.5217391304347826","0.5217391304347826","0.5217391304347826","0.5217391304347826","0.5217391304347826","0.5217391304347826","0.5217391304347826","0.5217391304347826","0.5217391304347826","0.5217391304347826","0.5217391304347826","0.5217391304347826","0.5217391304347826","0.5217391304347826","0.5217391304347826","0.5217391304347826","0.5217391304347826","0.5217391304347826","0.5217391304347826","0.5217391304347826","0.5217391304347826","0.5217391304347826","0.5217391304347826","0.5217391304347826","0.5217391304347826","0.5217391304347826","0.5217391304347826","0.5217391304347826","0.5217391304347826","0.5217391304347826","0.5217391304347826","0.5217391304347826","0.5217391304347826","0.5217391304347826","0.5217391304347826","0.5217391304347826","0.5217391304347826","0.5217391304347826","0.5217391304347826","0.5217391304347826","0.5217391304347826","0.5217391304347826","0.5217391304347826","0.5217391304347826","0.5217391304347826","0.5217391304347826","0.5217391304347826","0.5217391304347826","0.5217391304347826","0.5217391304347826","0.5217391304347826","0.5217391304347826","0.5217391304347826","0.5217391304347826","0.5217391304347826","0.5217391304347826","0.5217391304347826","0.5217391304347826","0.5217391304347826","0.5217391304347826","0.5217391304347826","0.5217391304347826","0.5217391304347826","0.5217391304347826","0.5217391304347826","0.5217391304347826","0.5217391304347826","0.5217391304347826","0.5217391304347826","0.5217391304347826","0.5217391304347826","0.5217391304347826","0.5217391304347826","0.5217391304347826","0.5217391304347826","0.5217391304347826","0.5217391304347826","0.5217391304347826","0.5217391304347826","0.5217391304347826","0.5217391304347826","0.5217391304347826","0.5217391304347826","0.5217391304347826","0.5217391304347826","0.5217391304347826","0.5217391304347826","0.5217391304347826","0.5217391304347826","0.5217391304347826","0.5217391304347826","0.5217391304347826","0.5217391304347826","0.5217391304347826","0.5217391304347826","0.5217391304347826","0.5217391304347826","0.5217391304347826","0.5217391304347826","0.5217391304347826","0.5217391304347826","0.5217391304347826","0.5217391304347826","0.5217391304347826","0.5217391304347826","0.5217391304347826","0.5217391304347826","0.5217391304347826","0.5217391304347826","0.5217391304347826","0.5217391304347826","0.5217391304347826","0.5217391304347826","0.5217391304347826","0.5217391304347826","0.5217391304347826","0.5217391304347826","0.5217391304347826","0.5217391304347826","0.5217391304347826","0.5217391304347826","0.5217391304347826","0.5217391304347826","0.5217391304347826","0.5217391304347826","0.5217391304347826","0.5217391304347826","0.5217391304347826","0.5217391304347826","0.5217391304347826","0.5217391304347826","0.5217391304347826","0.5217391304347826","0.5217391304347826","0.5217391304347826","0.5217391304347826","0.5217391304347826","0.5217391304347826","0.5217391304347826","0.5217391304347826","0.5217391304347826","0.5217391304347826","0.5217391304347826","0.5217391304347826","0.5217391304347826","0.5217391304347826","0.5217391304347826","0.5217391304347826","0.5217391304347826","0.5217391304347826","0.5217391304347826","0.5217391304347826","0.5217391304347826","0.5217391304347826","0.5217391304347826","0.5217391304347826","0.5217391304347826","0.5217391304347826","0.5217391304347826","0.5217391304347826","0.5217391304347826","0.5217391304347826","0.5217391304347826","0.5217391304347826","0.5217391304347826","0.5217391304347826","0.5217391304347826","0.5217391304347826","0.5217391304347826","0.5217391304347826","0.5217391304347826","0.5217391304347826","0.5217391304347826","0.5217391304347826","0.5217391304347826","0.5217391304347826","0.5217391304347826","0.5217391304347826","0.5217391304347826","0.5217391304347826","0.5217391304347826","0.5217391304347826","0.5217391304347826","0.5217391304347826","0.5217391304347826","0.5217391304347826","0.5217391304347826","0.5217391304347826","0.5217391304347826","0.5217391304347826","0.5217391304347826","0.5217391304347826","0.5217391304347826","0.5217391304347826","0.5217391304347826","0.5217391304347826","0.5217391304347826","0.5217391304347826","0.5217391304347826","0.5217391304347826","0.5217391304347826","0.5217391304347826","0.5217391304347826","0.5217391304347826","0.5217391304347826","0.5217391304347826","0.5217391304347826","0.5217391304347826","0.5217391304347826","0.5217391304347826","0.5217391304347826","0.5217391304347826","0.5217391304347826","0.5217391304347826","0.5217391304347826","0.5217391304347826","0.5217391304347826","0.5217391304347826","0.5217391304347826","0.5217391304347826","0.5217391304347826","0.5217391304347826","0.5217391304347826","0.5217391304347826","0.5217391304347826","0.5217391304347826","0.5217391304347826","0.5217391304347826","0.5217391304347826","0.5217391304347826","0.5217391304347826","0.5217391304347826","0.5217391304347826","0.5217391304347826","0.5217391304347826","0.5217391304347826","0.5217391304347826","0.5217391304347826","0.5217391304347826","0.5217391304347826","0.5217391304347826","0.5217391304347826","0.5217391304347826","0.5217391304347826","0.5217391304347826","0.5217391304347826","0.5217391304347826","0.5217391304347826","0.5217391304347826","0.5217391304347826","0.5217391304347826","0.5217391304347826","0.5217391304347826","0.5217391304347826","0.5217391304347826","0.5217391304347826","0.5217391304347826","0.5217391304347826","0.5217391304347826","0.5217391304347826","0.5217391304347826","0.5217391304347826","0.5217391304347826","0.5217391304347826","0.5217391304347826","0.5217391304347826","0.5217391304347826","0.5217391304347826","0.5217391304347826","0.5217391304347826","0.5217391304347826","0.5217391304347826","0.5217391304347826","0.5217391304347826","0.5217391304347826","0.5217391304347826","0.5217391304347826","0.5217391304347826","0.5217391304347826","0.5217391304347826","0.5217391304347826","0.5217391304347826","0.5217391304347826","0.5217391304347826","0.5217391304347826","0.5217391304347826","0.5217391304347826","0.5217391304347826","0.5217391304347826","0.5217391304347826","0.5217391304347826","0.5217391304347826","170","4539"
"WSPy-TypeHintsInference","flutils.pathutils","1591027804735586799","484","600145052141","0.6384615384615384","19","416","19","416","0.4076923076923077","0.41426420896837446","0.49230769230769234","0.5100745454885299","0.5176024774819152","0.5384615384615384","0.5384615384615384","0.5461538461538461","0.5461538461538461","0.5461538461538461","0.5466782288404951","0.5538461538461539","0.5538461538461539","0.5538461538461539","0.5538461538461539","0.5538461538461539","0.5538461538461539","0.5538461538461539","0.5578478479958865","0.5615384615384615","0.5615384615384615","0.5615384615384615","0.5615384615384615","0.5615384615384615","0.5615384615384615","0.5615384615384615","0.5615384615384615","0.5615384615384615","0.5615384615384615","0.5615384615384615","0.5615384615384615","0.5615384615384615","0.5615384615384615","0.5692307692307692","0.5692307692307692","0.5692307692307692","0.5692307692307692","0.5692307692307692","0.5692307692307692","0.5692307692307692","0.5692307692307692","0.5692307692307692","0.5692307692307692","0.5692307692307692","0.5692307692307692","0.5692307692307692","0.5692307692307692","0.5692307692307692","0.5692307692307692","0.5692307692307692","0.5692307692307692","0.5692307692307692","0.5692307692307692","0.5692307692307692","0.5692307692307692","0.5692307692307692","0.5692307692307692","0.5692307692307692","0.5692307692307692","0.5769230769230769","0.5769230769230769","0.5769230769230769","0.5769230769230769","0.5769230769230769","0.5769230769230769","0.5769230769230769","0.5769230769230769","0.5769230769230769","0.5769230769230769","0.5769230769230769","0.5769230769230769","0.5769230769230769","0.5769230769230769","0.5769230769230769","0.5769230769230769","0.5769230769230769","0.5769230769230769","0.5769230769230769","0.5769230769230769","0.5769230769230769","0.5769230769230769","0.5769230769230769","0.5814325919044019","0.5846153846153846","0.5884576975316345","0.5923076923076923","0.5923076923076923","0.5923076923076923","0.5923076923076923","0.5923076923076923","0.5966321562886239","0.6","0.6","0.6","0.6","0.6","0.6","0.6","0.6","0.6","0.6","0.6","0.6","0.6","0.6","0.6","0.6","0.6","0.6","0.6","0.6","0.6","0.6","0.6","0.6","0.6","0.6","0.6","0.6","0.6","0.6","0.6","0.6","0.6","0.6","0.6","0.6","0.6","0.6","0.6","0.6","0.6","0.6","0.6","0.6","0.6","0.6","0.6","0.6","0.6","0.6","0.6","0.6","0.6","0.6","0.6","0.6","0.6","0.6","0.6","0.6","0.6","0.6","0.6","0.6","0.6","0.6","0.6","0.6","0.6","0.6","0.6","0.6","0.6","0.6","0.6","0.6","0.6","0.6","0.6","0.6","0.6","0.6","0.6","0.6","0.6","0.6","0.6","0.6","0.6","0.6","0.6","0.6","0.6","0.6","0.6","0.6","0.6","0.6","0.6","0.6","0.6","0.6","0.6","0.6","0.6","0.6","0.6","0.6","0.6","0.6","0.6","0.6","0.6","0.6","0.6","0.6","0.6","0.6","0.6","0.6","0.6","0.6","0.6","0.6","0.6","0.6","0.6","0.6","0.6","0.6","0.6","0.6","0.6","0.6","0.6","0.6","0.6","0.6","0.6","0.6","0.6","0.6","0.6","0.6","0.6","0.6","0.6","0.6","0.6","0.6","0.6","0.6","0.6","0.6","0.6","0.6","0.6","0.6","0.6","0.6","0.6","0.6","0.6","0.6","0.6","0.6","0.6","0.6","0.6","0.6","0.6","0.6","0.6","0.6","0.6","0.6","0.6","0.6","0.6","0.6","0.6","0.6","0.6","0.6","0.6","0.6","0.6","0.6","0.6","0.6","0.6","0.6","0.6","0.6","0.6","0.6230769230769231","0.6230769230769231","0.6230769230769231","0.6230769230769231","0.6230769230769231","0.6230769230769231","0.6230769230769231","0.6230769230769231","0.6230769230769231","0.6230769230769231","0.6230769230769231","0.6230769230769231","0.6230769230769231","0.6230769230769231","0.6230769230769231","0.6230769230769231","0.6230769230769231","0.6230769230769231","0.6230769230769231","0.6230769230769231","0.6230769230769231","0.6230769230769231","0.6230769230769231","0.6230769230769231","0.6230769230769231","0.6230769230769231","0.6230769230769231","0.6230769230769231","0.6230769230769231","0.6230769230769231","0.6233048835451991","0.624131466153306","0.6249580487614127","0.6257846313695196","0.6266112139776263","0.6274377965857332","0.6282643791938399","0.6290909618019468","0.6299175444100535","0.6307441270181603","0.6307692307692307","0.6307692307692307","0.6307692307692307","0.6307692307692307","0.6307692307692307","0.6367610290998964","0.6384615384615384","0.6384615384615384","0.6384615384615384","0.6384615384615384","0.6384615384615384","0.6384615384615384","0.6384615384615384","0.6384615384615384","0.6384615384615384","0.6384615384615384","0.6384615384615384","0.6384615384615384","0.6384615384615384","0.6384615384615384","0.6384615384615384","0.6384615384615384","0.6384615384615384","0.6384615384615384","0.6384615384615384","0.6384615384615384","0.6384615384615384","0.6384615384615384","0.6384615384615384","0.6384615384615384","0.6384615384615384","0.6384615384615384","0.6384615384615384","0.6384615384615384","0.6384615384615384","0.6384615384615384","0.6384615384615384","0.6384615384615384","0.6384615384615384","0.6384615384615384","0.6384615384615384","0.6384615384615384","0.6384615384615384","0.6384615384615384","0.6384615384615384","0.6384615384615384","0.6384615384615384","0.6384615384615384","0.6384615384615384","0.6384615384615384","0.6384615384615384","0.6384615384615384","0.6384615384615384","0.6384615384615384","0.6384615384615384","0.6384615384615384","0.6384615384615384","0.6384615384615384","0.6384615384615384","0.6384615384615384","0.6384615384615384","0.6384615384615384","0.6384615384615384","0.6384615384615384","0.6384615384615384","0.6384615384615384","0.6384615384615384","0.6384615384615384","0.6384615384615384","0.6384615384615384","0.6384615384615384","0.6384615384615384","0.6384615384615384","0.6384615384615384","0.6384615384615384","0.6384615384615384","0.6384615384615384","0.6384615384615384","0.6384615384615384","0.6384615384615384","0.6384615384615384","0.6384615384615384","0.6384615384615384","0.6384615384615384","0.6384615384615384","0.6384615384615384","0.6384615384615384","0.6384615384615384","0.6384615384615384","0.6384615384615384","0.6384615384615384","0.6384615384615384","0.6384615384615384","0.6384615384615384","0.6384615384615384","0.6384615384615384","0.6384615384615384","0.6384615384615384","0.6384615384615384","0.6384615384615384","0.6384615384615384","0.6384615384615384","0.6384615384615384","0.6384615384615384","0.6384615384615384","0.6384615384615384","0.6384615384615384","0.6384615384615384","0.6384615384615384","0.6384615384615384","0.6384615384615384","0.6384615384615384","0.6384615384615384","0.6384615384615384","0.6384615384615384","0.6384615384615384","0.6384615384615384","0.6384615384615384","0.6384615384615384","0.6384615384615384","0.6384615384615384","0.6384615384615384","0.6384615384615384","0.6384615384615384","0.6384615384615384","0.6384615384615384","0.6384615384615384","0.6384615384615384","0.6384615384615384","0.6384615384615384","0.6384615384615384","0.6384615384615384","0.6384615384615384","0.6384615384615384","0.6384615384615384","0.6384615384615384","0.6384615384615384","0.6384615384615384","0.6384615384615384","0.6384615384615384","0.6384615384615384","0.6384615384615384","0.6384615384615384","0.6384615384615384","0.6384615384615384","0.6384615384615384","0.6384615384615384","0.6384615384615384","0.6384615384615384","0.6384615384615384","0.6384615384615384","0.6384615384615384","0.6384615384615384","0.6384615384615384","0.6384615384615384","0.6384615384615384","0.6384615384615384","0.6384615384615384","0.6384615384615384","0.6384615384615384","0.6384615384615384","0.6384615384615384","0.6384615384615384","0.6384615384615384","0.6384615384615384","0.6384615384615384","0.6384615384615384","0.6384615384615384","0.6384615384615384","0.6384615384615384","0.6384615384615384","0.6384615384615384","0.6384615384615384","0.6384615384615384","0.6384615384615384","0.6384615384615384","0.6384615384615384","0.6384615384615384","0.6384615384615384","0.6384615384615384","0.6384615384615384","0.6384615384615384","0.6384615384615384","0.6384615384615384","0.6384615384615384","0.6384615384615384","0.6384615384615384","0.6384615384615384","0.6384615384615384","0.6384615384615384","0.6384615384615384","0.6384615384615384","0.6384615384615384","0.6384615384615384","0.6384615384615384","0.6384615384615384","0.6384615384615384","0.6384615384615384","0.6384615384615384","0.6384615384615384","0.6384615384615384","0.6384615384615384","0.6384615384615384","0.6384615384615384","0.6384615384615384","0.6384615384615384","0.6384615384615384","0.6384615384615384","0.6384615384615384","0.6384615384615384","0.6384615384615384","0.6384615384615384","0.6384615384615384","0.6384615384615384","0.6384615384615384","0.6384615384615384","0.6384615384615384","0.6384615384615384","0.6384615384615384","0.6384615384615384","0.6384615384615384","0.6384615384615384","0.6384615384615384","0.6384615384615384","0.6384615384615384","0.6384615384615384","0.6384615384615384","0.6384615384615384","0.6384615384615384","0.6384615384615384","0.6384615384615384","0.6384615384615384","0.6384615384615384","0.6384615384615384","0.6384615384615384","0.6384615384615384","0.6384615384615384","0.6384615384615384","0.6384615384615384","0.6384615384615384","0.6384615384615384","0.6384615384615384","0.6384615384615384","0.6384615384615384","0.6384615384615384","0.6384615384615384","0.6384615384615384","0.6384615384615384","0.6384615384615384","0.6384615384615384","0.6384615384615384","0.6384615384615384","0.6384615384615384","0.6384615384615384","0.6384615384615384","0.6384615384615384","0.6384615384615384","0.6384615384615384","0.6384615384615384","0.6384615384615384","0.6384615384615384","0.6384615384615384","0.6384615384615384","0.6384615384615384","0.6384615384615384","0.6384615384615384","0.6384615384615384","0.6384615384615384","0.6384615384615384","0.6384615384615384","0.6384615384615384","0.6384615384615384","0.6384615384615384","0.6384615384615384","0","0"
"RandooPy-TypeHintsInference","flutils.setuputils.cmd","1591027658416732364","973085","600056343632","0.058823529411764705","2","4","2","4","0.058823529411764705","0.058823529411764705","0.058823529411764705","0.058823529411764705","0.058823529411764705","0.058823529411764705","0.058823529411764705","0.058823529411764705","0.058823529411764705","0.058823529411764705","0.058823529411764705","0.058823529411764705","0.058823529411764705","0.058823529411764705","0.058823529411764705","0.058823529411764705","0.058823529411764705","0.058823529411764705","0.058823529411764705","0.058823529411764705","0.058823529411764705","0.058823529411764705","0.058823529411764705","0.058823529411764705","0.058823529411764705","0.058823529411764705","0.058823529411764705","0.058823529411764705","0.058823529411764705","0.058823529411764705","0.058823529411764705","0.058823529411764705","0.058823529411764705","0.058823529411764705","0.058823529411764705","0.058823529411764705","0.058823529411764705","0.058823529411764705","0.058823529411764705","0.058823529411764705","0.058823529411764705","0.058823529411764705","0.058823529411764705","0.058823529411764705","0.058823529411764705","0.058823529411764705","0.058823529411764705","0.058823529411764705","0.058823529411764705","0.058823529411764705","0.058823529411764705","0.058823529411764705","0.058823529411764705","0.058823529411764705","0.058823529411764705","0.058823529411764705","0.058823529411764705","0.058823529411764705","0.058823529411764705","0.058823529411764705","0.058823529411764705","0.058823529411764705","0.058823529411764705","0.058823529411764705","0.058823529411764705","0.058823529411764705","0.058823529411764705","0.058823529411764705","0.058823529411764705","0.058823529411764705","0.058823529411764705","0.058823529411764705","0.058823529411764705","0.058823529411764705","0.058823529411764705","0.058823529411764705","0.058823529411764705","0.058823529411764705","0.058823529411764705","0.058823529411764705","0.058823529411764705","0.058823529411764705","0.058823529411764705","0.058823529411764705","0.058823529411764705","0.058823529411764705","0.058823529411764705","0.058823529411764705","0.058823529411764705","0.058823529411764705","0.058823529411764705","0.058823529411764705","0.058823529411764705","0.058823529411764705","0.058823529411764705","0.058823529411764705","0.058823529411764705","0.058823529411764705","0.058823529411764705","0.058823529411764705","0.058823529411764705","0.058823529411764705","0.058823529411764705","0.058823529411764705","0.058823529411764705","0.058823529411764705","0.058823529411764705","0.058823529411764705","0.058823529411764705","0.058823529411764705","0.058823529411764705","0.058823529411764705","0.058823529411764705","0.058823529411764705","0.058823529411764705","0.058823529411764705","0.058823529411764705","0.058823529411764705","0.058823529411764705","0.058823529411764705","0.058823529411764705","0.058823529411764705","0.058823529411764705","0.058823529411764705","0.058823529411764705","0.058823529411764705","0.058823529411764705","0.058823529411764705","0.058823529411764705","0.058823529411764705","0.058823529411764705","0.058823529411764705","0.058823529411764705","0.058823529411764705","0.058823529411764705","0.058823529411764705","0.058823529411764705","0.058823529411764705","0.058823529411764705","0.058823529411764705","0.058823529411764705","0.058823529411764705","0.058823529411764705","0.058823529411764705","0.058823529411764705","0.058823529411764705","0.058823529411764705","0.058823529411764705","0.058823529411764705","0.058823529411764705","0.058823529411764705","0.058823529411764705","0.058823529411764705","0.058823529411764705","0.058823529411764705","0.058823529411764705","0.058823529411764705","0.058823529411764705","0.058823529411764705","0.058823529411764705","0.058823529411764705","0.058823529411764705","0.058823529411764705","0.058823529411764705","0.058823529411764705","0.058823529411764705","0.058823529411764705","0.058823529411764705","0.058823529411764705","0.058823529411764705","0.058823529411764705","0.058823529411764705","0.058823529411764705","0.058823529411764705","0.058823529411764705","0.058823529411764705","0.058823529411764705","0.058823529411764705","0.058823529411764705","0.058823529411764705","0.058823529411764705","0.058823529411764705","0.058823529411764705","0.058823529411764705","0.058823529411764705","0.058823529411764705","0.058823529411764705","0.058823529411764705","0.058823529411764705","0.058823529411764705","0.058823529411764705","0.058823529411764705","0.058823529411764705","0.058823529411764705","0.058823529411764705","0.058823529411764705","0.058823529411764705","0.058823529411764705","0.058823529411764705","0.058823529411764705","0.058823529411764705","0.058823529411764705","0.058823529411764705","0.058823529411764705","0.058823529411764705","0.058823529411764705","0.058823529411764705","0.058823529411764705","0.058823529411764705","0.058823529411764705","0.058823529411764705","0.058823529411764705","0.058823529411764705","0.058823529411764705","0.058823529411764705","0.058823529411764705","0.058823529411764705","0.058823529411764705","0.058823529411764705","0.058823529411764705","0.058823529411764705","0.058823529411764705","0.058823529411764705","0.058823529411764705","0.058823529411764705","0.058823529411764705","0.058823529411764705","0.058823529411764705","0.058823529411764705","0.058823529411764705","0.058823529411764705","0.058823529411764705","0.058823529411764705","0.058823529411764705","0.058823529411764705","0.058823529411764705","0.058823529411764705","0.058823529411764705","0.058823529411764705","0.058823529411764705","0.058823529411764705","0.058823529411764705","0.058823529411764705","0.058823529411764705","0.058823529411764705","0.058823529411764705","0.058823529411764705","0.058823529411764705","0.058823529411764705","0.058823529411764705","0.058823529411764705","0.058823529411764705","0.058823529411764705","0.058823529411764705","0.058823529411764705","0.058823529411764705","0.058823529411764705","0.058823529411764705","0.058823529411764705","0.058823529411764705","0.058823529411764705","0.058823529411764705","0.058823529411764705","0.058823529411764705","0.058823529411764705","0.058823529411764705","0.058823529411764705","0.058823529411764705","0.058823529411764705","0.058823529411764705","0.058823529411764705","0.058823529411764705","0.058823529411764705","0.058823529411764705","0.058823529411764705","0.058823529411764705","0.058823529411764705","0.058823529411764705","0.058823529411764705","0.058823529411764705","0.058823529411764705","0.058823529411764705","0.058823529411764705","0.058823529411764705","0.058823529411764705","0.058823529411764705","0.058823529411764705","0.058823529411764705","0.058823529411764705","0.058823529411764705","0.058823529411764705","0.058823529411764705","0.058823529411764705","0.058823529411764705","0.058823529411764705","0.058823529411764705","0.058823529411764705","0.058823529411764705","0.058823529411764705","0.058823529411764705","0.058823529411764705","0.058823529411764705","0.058823529411764705","0.058823529411764705","0.058823529411764705","0.058823529411764705","0.058823529411764705","0.058823529411764705","0.058823529411764705","0.058823529411764705","0.058823529411764705","0.058823529411764705","0.058823529411764705","0.058823529411764705","0.058823529411764705","0.058823529411764705","0.058823529411764705","0.058823529411764705","0.058823529411764705","0.058823529411764705","0.058823529411764705","0.058823529411764705","0.058823529411764705","0.058823529411764705","0.058823529411764705","0.058823529411764705","0.058823529411764705","0.058823529411764705","0.058823529411764705","0.058823529411764705","0.058823529411764705","0.058823529411764705","0.058823529411764705","0.058823529411764705","0.058823529411764705","0.058823529411764705","0.058823529411764705","0.058823529411764705","0.058823529411764705","0.058823529411764705","0.058823529411764705","0.058823529411764705","0.058823529411764705","0.058823529411764705","0.058823529411764705","0.058823529411764705","0.058823529411764705","0.058823529411764705","0.058823529411764705","0.058823529411764705","0.058823529411764705","0.058823529411764705","0.058823529411764705","0.058823529411764705","0.058823529411764705","0.058823529411764705","0.058823529411764705","0.058823529411764705","0.058823529411764705","0.058823529411764705","0.058823529411764705","0.058823529411764705","0.058823529411764705","0.058823529411764705","0.058823529411764705","0.058823529411764705","0.058823529411764705","0.058823529411764705","0.058823529411764705","0.058823529411764705","0.058823529411764705","0.058823529411764705","0.058823529411764705","0.058823529411764705","0.058823529411764705","0.058823529411764705","0.058823529411764705","0.058823529411764705","0.058823529411764705","0.058823529411764705","0.058823529411764705","0.058823529411764705","0.058823529411764705","0.058823529411764705","0.058823529411764705","0.058823529411764705","0.058823529411764705","0.058823529411764705","0.058823529411764705","0.058823529411764705","0.058823529411764705","0.058823529411764705","0.058823529411764705","0.058823529411764705","0.058823529411764705","0.058823529411764705","0.058823529411764705","0.058823529411764705","0.058823529411764705","0.058823529411764705","0.058823529411764705","0.058823529411764705","0.058823529411764705","0.058823529411764705","0.058823529411764705","0.058823529411764705","0.058823529411764705","0.058823529411764705","0.058823529411764705","0.058823529411764705","0.058823529411764705","0.058823529411764705","0.058823529411764705","0.058823529411764705","0.058823529411764705","0.058823529411764705","0.058823529411764705","0.058823529411764705","0.058823529411764705","0.058823529411764705","0.058823529411764705","0.058823529411764705","0.058823529411764705","0.058823529411764705","0.058823529411764705","0.058823529411764705","0.058823529411764705","0.058823529411764705","0.058823529411764705","0.058823529411764705","0.058823529411764705","0.058823529411764705","0.058823529411764705","0.058823529411764705","0.058823529411764705","0.058823529411764705","0.058823529411764705","0.058823529411764705","0.058823529411764705","0.058823529411764705","0.058823529411764705","0.058823529411764705","0.058823529411764705","0.058823529411764705","0.058823529411764705","0.058823529411764705","0.058823529411764705","0.058823529411764705","0.058823529411764705","0.058823529411764705","0.058823529411764705","0.058823529411764705","0.058823529411764705","0.058823529411764705","0.058823529411764705","0.058823529411764705","0.058823529411764705","0.058823529411764705","0.058823529411764705","0.058823529411764705","0.058823529411764705","0.058823529411764705","0.058823529411764705","0.058823529411764705","0.058823529411764705","0.058823529411764705","0.058823529411764705","0.058823529411764705","0.058823529411764705","0.058823529411764705","0.058823529411764705","0.058823529411764705","0.058823529411764705","0.058823529411764705","0.058823529411764705","0.058823529411764705","0.058823529411764705","0.058823529411764705","0.058823529411764705","0.058823529411764705","0.058823529411764705","0.058823529411764705","0.058823529411764705","0.058823529411764705","0.058823529411764705","0.058823529411764705","0.058823529411764705","0.058823529411764705","0.058823529411764705","0.058823529411764705","0.058823529411764705","0.058823529411764705","0.058823529411764705","0.058823529411764705","0.058823529411764705","0.058823529411764705","0.058823529411764705","0.058823529411764705","0.058823529411764705","0.058823529411764705","0.058823529411764705","0.058823529411764705","0.058823529411764705","0.058823529411764705","0.058823529411764705","0.058823529411764705","0.058823529411764705","0.058823529411764705","0.058823529411764705","0.058823529411764705","0.058823529411764705","0.058823529411764705","0.058823529411764705","0.058823529411764705","0.058823529411764705","0.058823529411764705","0.058823529411764705","0.058823529411764705","0.058823529411764705","0.058823529411764705","0.058823529411764705","0.058823529411764705","0.058823529411764705","0.058823529411764705","0.058823529411764705","0.058823529411764705","0.058823529411764705","0.058823529411764705","0.058823529411764705","0.058823529411764705","0.058823529411764705","0.058823529411764705","0.058823529411764705","0.058823529411764705","0.058823529411764705","0.058823529411764705","0.058823529411764705","0.058823529411764705","0.058823529411764705","0.058823529411764705","0.058823529411764705","0.058823529411764705","0.058823529411764705","0.058823529411764705","0.058823529411764705","0.058823529411764705","0.058823529411764705","0.058823529411764705","0.058823529411764705","0.058823529411764705","0.058823529411764705","0.058823529411764705","0.058823529411764705","0.058823529411764705","0.058823529411764705","0.058823529411764705","0.058823529411764705","0.058823529411764705","0.058823529411764705","0.058823529411764705","0.058823529411764705","0.058823529411764705","0.058823529411764705","0.058823529411764705","0.058823529411764705","0.058823529411764705","0.058823529411764705","0.058823529411764705","0.058823529411764705","0.058823529411764705","0.058823529411764705","0.058823529411764705","0.058823529411764705","0.058823529411764705","0.058823529411764705","0.058823529411764705","0.058823529411764705","0.058823529411764705","0.058823529411764705","0.058823529411764705","0.058823529411764705","0.058823529411764705","0.058823529411764705","0.058823529411764705","0.058823529411764705","0.058823529411764705","0.058823529411764705","0.058823529411764705","0.058823529411764705","0.058823529411764705","0.058823529411764705","0.058823529411764705","0.058823529411764705","0.058823529411764705","0.058823529411764705","0.058823529411764705","0.058823529411764705","0.058823529411764705","0.058823529411764705","0.058823529411764705","0","0"
"RandooPy-NoTypes","flutils.objutils","1591028079115193767","368","606706346703","0.48484848484848486","360","8691","0","0","0.48484848484848486","0.48484848484848486","0.48484848484848486","0.48484848484848486","0.48484848484848486","0.48484848484848486","0.48484848484848486","0.48484848484848486","0.48484848484848486","0.48484848484848486","0.48484848484848486","0.48484848484848486","0.48484848484848486","0.48484848484848486","0.48484848484848486","0.48484848484848486","0.48484848484848486","0.48484848484848486","0.48484848484848486","0.48484848484848486","0.48484848484848486","0.48484848484848486","0.48484848484848486","0.48484848484848486","0.48484848484848486","0.48484848484848486","0.48484848484848486","0.48484848484848486","0.48484848484848486","0.48484848484848486","0.48484848484848486","0.48484848484848486","0.48484848484848486","0.48484848484848486","0.48484848484848486","0.48484848484848486","0.48484848484848486","0.48484848484848486","0.48484848484848486","0.48484848484848486","0.48484848484848486","0.48484848484848486","0.48484848484848486","0.48484848484848486","0.48484848484848486","0.48484848484848486","0.48484848484848486","0.48484848484848486","0.48484848484848486","0.48484848484848486","0.48484848484848486","0.48484848484848486","0.48484848484848486","0.48484848484848486","0.48484848484848486","0.48484848484848486","0.48484848484848486","0.48484848484848486","0.48484848484848486","0.48484848484848486","0.48484848484848486","0.48484848484848486","0.48484848484848486","0.48484848484848486","0.48484848484848486","0.48484848484848486","0.48484848484848486","0.48484848484848486","0.48484848484848486","0.48484848484848486","0.48484848484848486","0.48484848484848486","0.48484848484848486","0.48484848484848486","0.48484848484848486","0.48484848484848486","0.48484848484848486","0.48484848484848486","0.48484848484848486","0.48484848484848486","0.48484848484848486","0.48484848484848486","0.48484848484848486","0.48484848484848486","0.48484848484848486","0.48484848484848486","0.48484848484848486","0.48484848484848486","0.48484848484848486","0.48484848484848486","0.48484848484848486","0.48484848484848486","0.48484848484848486","0.48484848484848486","0.48484848484848486","0.48484848484848486","0.48484848484848486","0.48484848484848486","0.48484848484848486","0.48484848484848486","0.48484848484848486","0.48484848484848486","0.48484848484848486","0.48484848484848486","0.48484848484848486","0.48484848484848486","0.48484848484848486","0.48484848484848486","0.48484848484848486","0.48484848484848486","0.48484848484848486","0.48484848484848486","0.48484848484848486","0.48484848484848486","0.48484848484848486","0.48484848484848486","0.48484848484848486","0.48484848484848486","0.48484848484848486","0.48484848484848486","0.48484848484848486","0.48484848484848486","0.48484848484848486","0.48484848484848486","0.48484848484848486","0.48484848484848486","0.48484848484848486","0.48484848484848486","0.48484848484848486","0.48484848484848486","0.48484848484848486","0.48484848484848486","0.48484848484848486","0.48484848484848486","0.48484848484848486","0.48484848484848486","0.48484848484848486","0.48484848484848486","0.48484848484848486","0.48484848484848486","0.48484848484848486","0.48484848484848486","0.48484848484848486","0.48484848484848486","0.48484848484848486","0.48484848484848486","0.48484848484848486","0.48484848484848486","0.48484848484848486","0.48484848484848486","0.48484848484848486","0.48484848484848486","0.48484848484848486","0.48484848484848486","0.48484848484848486","0.48484848484848486","0.48484848484848486","0.48484848484848486","0.48484848484848486","0.48484848484848486","0.48484848484848486","0.48484848484848486","0.48484848484848486","0.48484848484848486","0.48484848484848486","0.48484848484848486","0.48484848484848486","0.48484848484848486","0.48484848484848486","0.48484848484848486","0.48484848484848486","0.48484848484848486","0.48484848484848486","0.48484848484848486","0.48484848484848486","0.48484848484848486","0.48484848484848486","0.48484848484848486","0.48484848484848486","0.48484848484848486","0.48484848484848486","0.48484848484848486","0.48484848484848486","0.48484848484848486","0.48484848484848486","0.48484848484848486","0.48484848484848486","0.48484848484848486","0.48484848484848486","0.48484848484848486","0.48484848484848486","0.48484848484848486","0.48484848484848486","0.48484848484848486","0.48484848484848486","0.48484848484848486","0.48484848484848486","0.48484848484848486","0.48484848484848486","0.48484848484848486","0.48484848484848486","0.48484848484848486","0.48484848484848486","0.48484848484848486","0.48484848484848486","0.48484848484848486","0.48484848484848486","0.48484848484848486","0.48484848484848486","0.48484848484848486","0.48484848484848486","0.48484848484848486","0.48484848484848486","0.48484848484848486","0.48484848484848486","0.48484848484848486","0.48484848484848486","0.48484848484848486","0.48484848484848486","0.48484848484848486","0.48484848484848486","0.48484848484848486","0.48484848484848486","0.48484848484848486","0.48484848484848486","0.48484848484848486","0.48484848484848486","0.48484848484848486","0.48484848484848486","0.48484848484848486","0.48484848484848486","0.48484848484848486","0.48484848484848486","0.48484848484848486","0.48484848484848486","0.48484848484848486","0.48484848484848486","0.48484848484848486","0.48484848484848486","0.48484848484848486","0.48484848484848486","0.48484848484848486","0.48484848484848486","0.48484848484848486","0.48484848484848486","0.48484848484848486","0.48484848484848486","0.48484848484848486","0.48484848484848486","0.48484848484848486","0.48484848484848486","0.48484848484848486","0.48484848484848486","0.48484848484848486","0.48484848484848486","0.48484848484848486","0.48484848484848486","0.48484848484848486","0.48484848484848486","0.48484848484848486","0.48484848484848486","0.48484848484848486","0.48484848484848486","0.48484848484848486","0.48484848484848486","0.48484848484848486","0.48484848484848486","0.48484848484848486","0.48484848484848486","0.48484848484848486","0.48484848484848486","0.48484848484848486","0.48484848484848486","0.48484848484848486","0.48484848484848486","0.48484848484848486","0.48484848484848486","0.48484848484848486","0.48484848484848486","0.48484848484848486","0.48484848484848486","0.48484848484848486","0.48484848484848486","0.48484848484848486","0.48484848484848486","0.48484848484848486","0.48484848484848486","0.48484848484848486","0.48484848484848486","0.48484848484848486","0.48484848484848486","0.48484848484848486","0.48484848484848486","0.48484848484848486","0.48484848484848486","0.48484848484848486","0.48484848484848486","0.48484848484848486","0.48484848484848486","0.48484848484848486","0.48484848484848486","0.48484848484848486","0.48484848484848486","0.48484848484848486","0.48484848484848486","0.48484848484848486","0.48484848484848486","0.48484848484848486","0.48484848484848486","0.48484848484848486","0.48484848484848486","0.48484848484848486","0.48484848484848486","0.48484848484848486","0.48484848484848486","0.48484848484848486","0.48484848484848486","0.48484848484848486","0.48484848484848486","0.48484848484848486","0.48484848484848486","0.48484848484848486","0.48484848484848486","0.48484848484848486","0.48484848484848486","0.48484848484848486","0.48484848484848486","0.48484848484848486","0.48484848484848486","0.48484848484848486","0.48484848484848486","0.48484848484848486","0.48484848484848486","0.48484848484848486","0.48484848484848486","0.48484848484848486","0.48484848484848486","0.48484848484848486","0.48484848484848486","0.48484848484848486","0.48484848484848486","0.48484848484848486","0.48484848484848486","0.48484848484848486","0.48484848484848486","0.48484848484848486","0.48484848484848486","0.48484848484848486","0.48484848484848486","0.48484848484848486","0.48484848484848486","0.48484848484848486","0.48484848484848486","0.48484848484848486","0.48484848484848486","0.48484848484848486","0.48484848484848486","0.48484848484848486","0.48484848484848486","0.48484848484848486","0.48484848484848486","0.48484848484848486","0.48484848484848486","0.48484848484848486","0.48484848484848486","0.48484848484848486","0.48484848484848486","0.48484848484848486","0.48484848484848486","0.48484848484848486","0.48484848484848486","0.48484848484848486","0.48484848484848486","0.48484848484848486","0.48484848484848486","0.48484848484848486","0.48484848484848486","0.48484848484848486","0.48484848484848486","0.48484848484848486","0.48484848484848486","0.48484848484848486","0.48484848484848486","0.48484848484848486","0.48484848484848486","0.48484848484848486","0.48484848484848486","0.48484848484848486","0.48484848484848486","0.48484848484848486","0.48484848484848486","0.48484848484848486","0.48484848484848486","0.48484848484848486","0.48484848484848486","0.48484848484848486","0.48484848484848486","0.48484848484848486","0.48484848484848486","0.48484848484848486","0.48484848484848486","0.48484848484848486","0.48484848484848486","0.48484848484848486","0.48484848484848486","0.48484848484848486","0.48484848484848486","0.48484848484848486","0.48484848484848486","0.48484848484848486","0.48484848484848486","0.48484848484848486","0.48484848484848486","0.48484848484848486","0.48484848484848486","0.48484848484848486","0.48484848484848486","0.48484848484848486","0.48484848484848486","0.48484848484848486","0.48484848484848486","0.48484848484848486","0.48484848484848486","0.48484848484848486","0.48484848484848486","0.48484848484848486","0.48484848484848486","0.48484848484848486","0.48484848484848486","0.48484848484848486","0.48484848484848486","0.48484848484848486","0.48484848484848486","0.48484848484848486","0.48484848484848486","0.48484848484848486","0.48484848484848486","0.48484848484848486","0.48484848484848486","0.48484848484848486","0.48484848484848486","0.48484848484848486","0.48484848484848486","0.48484848484848486","0.48484848484848486","0.48484848484848486","0.48484848484848486","0.48484848484848486","0.48484848484848486","0.48484848484848486","0.48484848484848486","0.48484848484848486","0.48484848484848486","0.48484848484848486","0.48484848484848486","0.48484848484848486","0.48484848484848486","0.48484848484848486","0.48484848484848486","0.48484848484848486","0.48484848484848486","0.48484848484848486","0.48484848484848486","0.48484848484848486","0.48484848484848486","0.48484848484848486","0.48484848484848486","0.48484848484848486","0.48484848484848486","0.48484848484848486","0.48484848484848486","0.48484848484848486","0.48484848484848486","0.48484848484848486","0.48484848484848486","0.48484848484848486","0.48484848484848486","0.48484848484848486","0.48484848484848486","0.48484848484848486","0.48484848484848486","0.48484848484848486","0.48484848484848486","0.48484848484848486","0.48484848484848486","0.48484848484848486","0.48484848484848486","0.48484848484848486","0.48484848484848486","0.48484848484848486","0.48484848484848486","0.48484848484848486","0.48484848484848486","0.48484848484848486","0.48484848484848486","0.48484848484848486","0.48484848484848486","0.48484848484848486","0.48484848484848486","0.48484848484848486","0.48484848484848486","0.48484848484848486","0.48484848484848486","0.48484848484848486","0.48484848484848486","0.48484848484848486","0.48484848484848486","0.48484848484848486","0.48484848484848486","0.48484848484848486","0.48484848484848486","0.48484848484848486","0.48484848484848486","0.48484848484848486","0.48484848484848486","0.48484848484848486","0.48484848484848486","0.48484848484848486","0.48484848484848486","0.48484848484848486","0.48484848484848486","0.48484848484848486","0.48484848484848486","0.48484848484848486","0.48484848484848486","0.48484848484848486","0.48484848484848486","0.48484848484848486","0.48484848484848486","0.48484848484848486","0.48484848484848486","0.48484848484848486","0.48484848484848486","0.48484848484848486","0.48484848484848486","0.48484848484848486","0.48484848484848486","0.48484848484848486","0.48484848484848486","0.48484848484848486","0.48484848484848486","0.48484848484848486","0.48484848484848486","0.48484848484848486","0.48484848484848486","0.48484848484848486","0.48484848484848486","0.48484848484848486","0.48484848484848486","0.48484848484848486","0.48484848484848486","0.48484848484848486","0.48484848484848486","0.48484848484848486","0.48484848484848486","0.48484848484848486","0.48484848484848486","0.48484848484848486","0.48484848484848486","0.48484848484848486","0.48484848484848486","0.48484848484848486","0.48484848484848486","0.48484848484848486","0.48484848484848486","0.48484848484848486","0.48484848484848486","0.48484848484848486","0.48484848484848486","0.48484848484848486","0.48484848484848486","0.48484848484848486","0.48484848484848486","0.48484848484848486","0.48484848484848486","0.48484848484848486","0.48484848484848486","0.48484848484848486","0.48484848484848486","0.48484848484848486","0.48484848484848486","0.48484848484848486","0.48484848484848486","0.48484848484848486","0.48484848484848486","0.48484848484848486","0.48484848484848486","0.48484848484848486","0.48484848484848486","0.48484848484848486","0.48484848484848486","0.48484848484848486","0.48484848484848486","0.48484848484848486","0.48484848484848486","0.48484848484848486","0.48484848484848486","0.48484848484848486","0.48484848484848486","0.48484848484848486","360","8691"
"RandooPy-NoTypes","flutils.moduleutils","1591028081393584385","855","608279654993","0.25735294117647056","821","22769","658","17806","0.20588235294117646","0.20588235294117646","0.20588235294117646","0.22058823529411764","0.22058823529411764","0.22058823529411764","0.22794117647058823","0.2426470588235294","0.2426470588235294","0.2426470588235294","0.2426470588235294","0.2426470588235294","0.2426470588235294","0.2426470588235294","0.2426470588235294","0.2426470588235294","0.2426470588235294","0.2426470588235294","0.2426470588235294","0.2426470588235294","0.2426470588235294","0.2426470588235294","0.2426470588235294","0.2426470588235294","0.2426470588235294","0.2426470588235294","0.2426470588235294","0.2426470588235294","0.2426470588235294","0.2426470588235294","0.2426470588235294","0.2426470588235294","0.2426470588235294","0.2426470588235294","0.2426470588235294","0.2426470588235294","0.2426470588235294","0.2426470588235294","0.2426470588235294","0.2426470588235294","0.2426470588235294","0.2426470588235294","0.25","0.25","0.25","0.25","0.25","0.25","0.25","0.25","0.25","0.25","0.25","0.25","0.25","0.25","0.25","0.25","0.25","0.25735294117647056","0.25735294117647056","0.25735294117647056","0.25735294117647056","0.25735294117647056","0.25735294117647056","0.25735294117647056","0.25735294117647056","0.25735294117647056","0.25735294117647056","0.25735294117647056","0.25735294117647056","0.25735294117647056","0.25735294117647056","0.25735294117647056","0.25735294117647056","0.25735294117647056","0.25735294117647056","0.25735294117647056","0.25735294117647056","0.25735294117647056","0.25735294117647056","0.25735294117647056","0.25735294117647056","0.25735294117647056","0.25735294117647056","0.25735294117647056","0.25735294117647056","0.25735294117647056","0.25735294117647056","0.25735294117647056","0.25735294117647056","0.25735294117647056","0.25735294117647056","0.25735294117647056","0.25735294117647056","0.25735294117647056","0.25735294117647056","0.25735294117647056","0.25735294117647056","0.25735294117647056","0.25735294117647056","0.25735294117647056","0.25735294117647056","0.25735294117647056","0.25735294117647056","0.25735294117647056","0.25735294117647056","0.25735294117647056","0.25735294117647056","0.25735294117647056","0.25735294117647056","0.25735294117647056","0.25735294117647056","0.25735294117647056","0.25735294117647056","0.25735294117647056","0.25735294117647056","0.25735294117647056","0.25735294117647056","0.25735294117647056","0.25735294117647056","0.25735294117647056","0.25735294117647056","0.25735294117647056","0.25735294117647056","0.25735294117647056","0.25735294117647056","0.25735294117647056","0.25735294117647056","0.25735294117647056","0.25735294117647056","0.25735294117647056","0.25735294117647056","0.25735294117647056","0.25735294117647056","0.25735294117647056","0.25735294117647056","0.25735294117647056","0.25735294117647056","0.25735294117647056","0.25735294117647056","0.25735294117647056","0.25735294117647056","0.25735294117647056","0.25735294117647056","0.25735294117647056","0.25735294117647056","0.25735294117647056","0.25735294117647056","0.25735294117647056","0.25735294117647056","0.25735294117647056","0.25735294117647056","0.25735294117647056","0.25735294117647056","0.25735294117647056","0.25735294117647056","0.25735294117647056","0.25735294117647056","0.25735294117647056","0.25735294117647056","0.25735294117647056","0.25735294117647056","0.25735294117647056","0.25735294117647056","0.25735294117647056","0.25735294117647056","0.25735294117647056","0.25735294117647056","0.25735294117647056","0.25735294117647056","0.25735294117647056","0.25735294117647056","0.25735294117647056","0.25735294117647056","0.25735294117647056","0.25735294117647056","0.25735294117647056","0.25735294117647056","0.25735294117647056","0.25735294117647056","0.25735294117647056","0.25735294117647056","0.25735294117647056","0.25735294117647056","0.25735294117647056","0.25735294117647056","0.25735294117647056","0.25735294117647056","0.25735294117647056","0.25735294117647056","0.25735294117647056","0.25735294117647056","0.25735294117647056","0.25735294117647056","0.25735294117647056","0.25735294117647056","0.25735294117647056","0.25735294117647056","0.25735294117647056","0.25735294117647056","0.25735294117647056","0.25735294117647056","0.25735294117647056","0.25735294117647056","0.25735294117647056","0.25735294117647056","0.25735294117647056","0.25735294117647056","0.25735294117647056","0.25735294117647056","0.25735294117647056","0.25735294117647056","0.25735294117647056","0.25735294117647056","0.25735294117647056","0.25735294117647056","0.25735294117647056","0.25735294117647056","0.25735294117647056","0.25735294117647056","0.25735294117647056","0.25735294117647056","0.25735294117647056","0.25735294117647056","0.25735294117647056","0.25735294117647056","0.25735294117647056","0.25735294117647056","0.25735294117647056","0.25735294117647056","0.25735294117647056","0.25735294117647056","0.25735294117647056","0.25735294117647056","0.25735294117647056","0.25735294117647056","0.25735294117647056","0.25735294117647056","0.25735294117647056","0.25735294117647056","0.25735294117647056","0.25735294117647056","0.25735294117647056","0.25735294117647056","0.25735294117647056","0.25735294117647056","0.25735294117647056","0.25735294117647056","0.25735294117647056","0.25735294117647056","0.25735294117647056","0.25735294117647056","0.25735294117647056","0.25735294117647056","0.25735294117647056","0.25735294117647056","0.25735294117647056","0.25735294117647056","0.25735294117647056","0.25735294117647056","0.25735294117647056","0.25735294117647056","0.25735294117647056","0.25735294117647056","0.25735294117647056","0.25735294117647056","0.25735294117647056","0.25735294117647056","0.25735294117647056","0.25735294117647056","0.25735294117647056","0.25735294117647056","0.25735294117647056","0.25735294117647056","0.25735294117647056","0.25735294117647056","0.25735294117647056","0.25735294117647056","0.25735294117647056","0.25735294117647056","0.25735294117647056","0.25735294117647056","0.25735294117647056","0.25735294117647056","0.25735294117647056","0.25735294117647056","0.25735294117647056","0.25735294117647056","0.25735294117647056","0.25735294117647056","0.25735294117647056","0.25735294117647056","0.25735294117647056","0.25735294117647056","0.25735294117647056","0.25735294117647056","0.25735294117647056","0.25735294117647056","0.25735294117647056","0.25735294117647056","0.25735294117647056","0.25735294117647056","0.25735294117647056","0.25735294117647056","0.25735294117647056","0.25735294117647056","0.25735294117647056","0.25735294117647056","0.25735294117647056","0.25735294117647056","0.25735294117647056","0.25735294117647056","0.25735294117647056","0.25735294117647056","0.25735294117647056","0.25735294117647056","0.25735294117647056","0.25735294117647056","0.25735294117647056","0.25735294117647056","0.25735294117647056","0.25735294117647056","0.25735294117647056","0.25735294117647056","0.25735294117647056","0.25735294117647056","0.25735294117647056","0.25735294117647056","0.25735294117647056","0.25735294117647056","0.25735294117647056","0.25735294117647056","0.25735294117647056","0.25735294117647056","0.25735294117647056","0.25735294117647056","0.25735294117647056","0.25735294117647056","0.25735294117647056","0.25735294117647056","0.25735294117647056","0.25735294117647056","0.25735294117647056","0.25735294117647056","0.25735294117647056","0.25735294117647056","0.25735294117647056","0.25735294117647056","0.25735294117647056","0.25735294117647056","0.25735294117647056","0.25735294117647056","0.25735294117647056","0.25735294117647056","0.25735294117647056","0.25735294117647056","0.25735294117647056","0.25735294117647056","0.25735294117647056","0.25735294117647056","0.25735294117647056","0.25735294117647056","0.25735294117647056","0.25735294117647056","0.25735294117647056","0.25735294117647056","0.25735294117647056","0.25735294117647056","0.25735294117647056","0.25735294117647056","0.25735294117647056","0.25735294117647056","0.25735294117647056","0.25735294117647056","0.25735294117647056","0.25735294117647056","0.25735294117647056","0.25735294117647056","0.25735294117647056","0.25735294117647056","0.25735294117647056","0.25735294117647056","0.25735294117647056","0.25735294117647056","0.25735294117647056","0.25735294117647056","0.25735294117647056","0.25735294117647056","0.25735294117647056","0.25735294117647056","0.25735294117647056","0.25735294117647056","0.25735294117647056","0.25735294117647056","0.25735294117647056","0.25735294117647056","0.25735294117647056","0.25735294117647056","0.25735294117647056","0.25735294117647056","0.25735294117647056","0.25735294117647056","0.25735294117647056","0.25735294117647056","0.25735294117647056","0.25735294117647056","0.25735294117647056","0.25735294117647056","0.25735294117647056","0.25735294117647056","0.25735294117647056","0.25735294117647056","0.25735294117647056","0.25735294117647056","0.25735294117647056","0.25735294117647056","0.25735294117647056","0.25735294117647056","0.25735294117647056","0.25735294117647056","0.25735294117647056","0.25735294117647056","0.25735294117647056","0.25735294117647056","0.25735294117647056","0.25735294117647056","0.25735294117647056","0.25735294117647056","0.25735294117647056","0.25735294117647056","0.25735294117647056","0.25735294117647056","0.25735294117647056","0.25735294117647056","0.25735294117647056","0.25735294117647056","0.25735294117647056","0.25735294117647056","0.25735294117647056","0.25735294117647056","0.25735294117647056","0.25735294117647056","0.25735294117647056","0.25735294117647056","0.25735294117647056","0.25735294117647056","0.25735294117647056","0.25735294117647056","0.25735294117647056","0.25735294117647056","0.25735294117647056","0.25735294117647056","0.25735294117647056","0.25735294117647056","0.25735294117647056","0.25735294117647056","0.25735294117647056","0.25735294117647056","0.25735294117647056","0.25735294117647056","0.25735294117647056","0.25735294117647056","0.25735294117647056","0.25735294117647056","0.25735294117647056","0.25735294117647056","0.25735294117647056","0.25735294117647056","0.25735294117647056","0.25735294117647056","0.25735294117647056","0.25735294117647056","0.25735294117647056","0.25735294117647056","0.25735294117647056","0.25735294117647056","0.25735294117647056","0.25735294117647056","0.25735294117647056","0.25735294117647056","0.25735294117647056","0.25735294117647056","0.25735294117647056","0.25735294117647056","0.25735294117647056","0.25735294117647056","0.25735294117647056","0.25735294117647056","0.25735294117647056","0.25735294117647056","0.25735294117647056","0.25735294117647056","0.25735294117647056","0.25735294117647056","0.25735294117647056","0.25735294117647056","0.25735294117647056","0.25735294117647056","0.25735294117647056","0.25735294117647056","0.25735294117647056","0.25735294117647056","0.25735294117647056","0.25735294117647056","0.25735294117647056","0.25735294117647056","0.25735294117647056","0.25735294117647056","0.25735294117647056","0.25735294117647056","0.25735294117647056","0.25735294117647056","0.25735294117647056","0.25735294117647056","0.25735294117647056","0.25735294117647056","0.25735294117647056","0.25735294117647056","0.25735294117647056","0.25735294117647056","0.25735294117647056","0.25735294117647056","0.25735294117647056","0.25735294117647056","0.25735294117647056","0.25735294117647056","0.25735294117647056","0.25735294117647056","0.25735294117647056","0.25735294117647056","0.25735294117647056","0.25735294117647056","0.25735294117647056","0.25735294117647056","0.25735294117647056","0.25735294117647056","0.25735294117647056","0.25735294117647056","0.25735294117647056","0.25735294117647056","0.25735294117647056","0.25735294117647056","0.25735294117647056","0.25735294117647056","0.25735294117647056","0.25735294117647056","0.25735294117647056","0.25735294117647056","0.25735294117647056","0.25735294117647056","0.25735294117647056","0.25735294117647056","0.25735294117647056","0.25735294117647056","0.25735294117647056","0.25735294117647056","0.25735294117647056","0.25735294117647056","0.25735294117647056","0.25735294117647056","0.25735294117647056","0.25735294117647056","0.25735294117647056","0.25735294117647056","0.25735294117647056","0.25735294117647056","0.25735294117647056","0.25735294117647056","0.25735294117647056","0.25735294117647056","0.25735294117647056","0.25735294117647056","0.25735294117647056","0.25735294117647056","0.25735294117647056","0.25735294117647056","0.25735294117647056","0.25735294117647056","0.25735294117647056","0.25735294117647056","0.25735294117647056","0.25735294117647056","0.25735294117647056","0.25735294117647056","0.25735294117647056","0.25735294117647056","0.25735294117647056","0.25735294117647056","0.25735294117647056","0.25735294117647056","0.25735294117647056","0.25735294117647056","0.25735294117647056","0.25735294117647056","0.25735294117647056","0.25735294117647056","0.25735294117647056","0.25735294117647056","0.25735294117647056","163","4963"
"RandooPy-TypeHintsInference","flutils.setuputils.cfg","1591027658142699516","516","606365749173","0.03773584905660377","465","10924","249","5928","0.03773584905660377","0.03773584905660377","0.03773584905660377","0.03773584905660377","0.03773584905660377","0.03773584905660377","0.03773584905660377","0.03773584905660377","0.03773584905660377","0.03773584905660377","0.03773584905660377","0.03773584905660377","0.03773584905660377","0.03773584905660377","0.03773584905660377","0.03773584905660377","0.03773584905660377","0.03773584905660377","0.03773584905660377","0.03773584905660377","0.03773584905660377","0.03773584905660377","0.03773584905660377","0.03773584905660377","0.03773584905660377","0.03773584905660377","0.03773584905660377","0.03773584905660377","0.03773584905660377","0.03773584905660377","0.03773584905660377","0.03773584905660377","0.03773584905660377","0.03773584905660377","0.03773584905660377","0.03773584905660377","0.03773584905660377","0.03773584905660377","0.03773584905660377","0.03773584905660377","0.03773584905660377","0.03773584905660377","0.03773584905660377","0.03773584905660377","0.03773584905660377","0.03773584905660377","0.03773584905660377","0.03773584905660377","0.03773584905660377","0.03773584905660377","0.03773584905660377","0.03773584905660377","0.03773584905660377","0.03773584905660377","0.03773584905660377","0.03773584905660377","0.03773584905660377","0.03773584905660377","0.03773584905660377","0.03773584905660377","0.03773584905660377","0.03773584905660377","0.03773584905660377","0.03773584905660377","0.03773584905660377","0.03773584905660377","0.03773584905660377","0.03773584905660377","0.03773584905660377","0.03773584905660377","0.03773584905660377","0.03773584905660377","0.03773584905660377","0.03773584905660377","0.03773584905660377","0.03773584905660377","0.03773584905660377","0.03773584905660377","0.03773584905660377","0.03773584905660377","0.03773584905660377","0.03773584905660377","0.03773584905660377","0.03773584905660377","0.03773584905660377","0.03773584905660377","0.03773584905660377","0.03773584905660377","0.03773584905660377","0.03773584905660377","0.03773584905660377","0.03773584905660377","0.03773584905660377","0.03773584905660377","0.03773584905660377","0.03773584905660377","0.03773584905660377","0.03773584905660377","0.03773584905660377","0.03773584905660377","0.03773584905660377","0.03773584905660377","0.03773584905660377","0.03773584905660377","0.03773584905660377","0.03773584905660377","0.03773584905660377","0.03773584905660377","0.03773584905660377","0.03773584905660377","0.03773584905660377","0.03773584905660377","0.03773584905660377","0.03773584905660377","0.03773584905660377","0.03773584905660377","0.03773584905660377","0.03773584905660377","0.03773584905660377","0.03773584905660377","0.03773584905660377","0.03773584905660377","0.03773584905660377","0.03773584905660377","0.03773584905660377","0.03773584905660377","0.03773584905660377","0.03773584905660377","0.03773584905660377","0.03773584905660377","0.03773584905660377","0.03773584905660377","0.03773584905660377","0.03773584905660377","0.03773584905660377","0.03773584905660377","0.03773584905660377","0.03773584905660377","0.03773584905660377","0.03773584905660377","0.03773584905660377","0.03773584905660377","0.03773584905660377","0.03773584905660377","0.03773584905660377","0.03773584905660377","0.03773584905660377","0.03773584905660377","0.03773584905660377","0.03773584905660377","0.03773584905660377","0.03773584905660377","0.03773584905660377","0.03773584905660377","0.03773584905660377","0.03773584905660377","0.03773584905660377","0.03773584905660377","0.03773584905660377","0.03773584905660377","0.03773584905660377","0.03773584905660377","0.03773584905660377","0.03773584905660377","0.03773584905660377","0.03773584905660377","0.03773584905660377","0.03773584905660377","0.03773584905660377","0.03773584905660377","0.03773584905660377","0.03773584905660377","0.03773584905660377","0.03773584905660377","0.03773584905660377","0.03773584905660377","0.03773584905660377","0.03773584905660377","0.03773584905660377","0.03773584905660377","0.03773584905660377","0.03773584905660377","0.03773584905660377","0.03773584905660377","0.03773584905660377","0.03773584905660377","0.03773584905660377","0.03773584905660377","0.03773584905660377","0.03773584905660377","0.03773584905660377","0.03773584905660377","0.03773584905660377","0.03773584905660377","0.03773584905660377","0.03773584905660377","0.03773584905660377","0.03773584905660377","0.03773584905660377","0.03773584905660377","0.03773584905660377","0.03773584905660377","0.03773584905660377","0.03773584905660377","0.03773584905660377","0.03773584905660377","0.03773584905660377","0.03773584905660377","0.03773584905660377","0.03773584905660377","0.03773584905660377","0.03773584905660377","0.03773584905660377","0.03773584905660377","0.03773584905660377","0.03773584905660377","0.03773584905660377","0.03773584905660377","0.03773584905660377","0.03773584905660377","0.03773584905660377","0.03773584905660377","0.03773584905660377","0.03773584905660377","0.03773584905660377","0.03773584905660377","0.03773584905660377","0.03773584905660377","0.03773584905660377","0.03773584905660377","0.03773584905660377","0.03773584905660377","0.03773584905660377","0.03773584905660377","0.03773584905660377","0.03773584905660377","0.03773584905660377","0.03773584905660377","0.03773584905660377","0.03773584905660377","0.03773584905660377","0.03773584905660377","0.03773584905660377","0.03773584905660377","0.03773584905660377","0.03773584905660377","0.03773584905660377","0.03773584905660377","0.03773584905660377","0.03773584905660377","0.03773584905660377","0.03773584905660377","0.03773584905660377","0.03773584905660377","0.03773584905660377","0.03773584905660377","0.03773584905660377","0.03773584905660377","0.03773584905660377","0.03773584905660377","0.03773584905660377","0.03773584905660377","0.03773584905660377","0.03773584905660377","0.03773584905660377","0.03773584905660377","0.03773584905660377","0.03773584905660377","0.03773584905660377","0.03773584905660377","0.03773584905660377","0.03773584905660377","0.03773584905660377","0.03773584905660377","0.03773584905660377","0.03773584905660377","0.03773584905660377","0.03773584905660377","0.03773584905660377","0.03773584905660377","0.03773584905660377","0.03773584905660377","0.03773584905660377","0.03773584905660377","0.03773584905660377","0.03773584905660377","0.03773584905660377","0.03773584905660377","0.03773584905660377","0.03773584905660377","0.03773584905660377","0.03773584905660377","0.03773584905660377","0.03773584905660377","0.03773584905660377","0.03773584905660377","0.03773584905660377","0.03773584905660377","0.03773584905660377","0.03773584905660377","0.03773584905660377","0.03773584905660377","0.03773584905660377","0.03773584905660377","0.03773584905660377","0.03773584905660377","0.03773584905660377","0.03773584905660377","0.03773584905660377","0.03773584905660377","0.03773584905660377","0.03773584905660377","0.03773584905660377","0.03773584905660377","0.03773584905660377","0.03773584905660377","0.03773584905660377","0.03773584905660377","0.03773584905660377","0.03773584905660377","0.03773584905660377","0.03773584905660377","0.03773584905660377","0.03773584905660377","0.03773584905660377","0.03773584905660377","0.03773584905660377","0.03773584905660377","0.03773584905660377","0.03773584905660377","0.03773584905660377","0.03773584905660377","0.03773584905660377","0.03773584905660377","0.03773584905660377","0.03773584905660377","0.03773584905660377","0.03773584905660377","0.03773584905660377","0.03773584905660377","0.03773584905660377","0.03773584905660377","0.03773584905660377","0.03773584905660377","0.03773584905660377","0.03773584905660377","0.03773584905660377","0.03773584905660377","0.03773584905660377","0.03773584905660377","0.03773584905660377","0.03773584905660377","0.03773584905660377","0.03773584905660377","0.03773584905660377","0.03773584905660377","0.03773584905660377","0.03773584905660377","0.03773584905660377","0.03773584905660377","0.03773584905660377","0.03773584905660377","0.03773584905660377","0.03773584905660377","0.03773584905660377","0.03773584905660377","0.03773584905660377","0.03773584905660377","0.03773584905660377","0.03773584905660377","0.03773584905660377","0.03773584905660377","0.03773584905660377","0.03773584905660377","0.03773584905660377","0.03773584905660377","0.03773584905660377","0.03773584905660377","0.03773584905660377","0.03773584905660377","0.03773584905660377","0.03773584905660377","0.03773584905660377","0.03773584905660377","0.03773584905660377","0.03773584905660377","0.03773584905660377","0.03773584905660377","0.03773584905660377","0.03773584905660377","0.03773584905660377","0.03773584905660377","0.03773584905660377","0.03773584905660377","0.03773584905660377","0.03773584905660377","0.03773584905660377","0.03773584905660377","0.03773584905660377","0.03773584905660377","0.03773584905660377","0.03773584905660377","0.03773584905660377","0.03773584905660377","0.03773584905660377","0.03773584905660377","0.03773584905660377","0.03773584905660377","0.03773584905660377","0.03773584905660377","0.03773584905660377","0.03773584905660377","0.03773584905660377","0.03773584905660377","0.03773584905660377","0.03773584905660377","0.03773584905660377","0.03773584905660377","0.03773584905660377","0.03773584905660377","0.03773584905660377","0.03773584905660377","0.03773584905660377","0.03773584905660377","0.03773584905660377","0.03773584905660377","0.03773584905660377","0.03773584905660377","0.03773584905660377","0.03773584905660377","0.03773584905660377","0.03773584905660377","0.03773584905660377","0.03773584905660377","0.03773584905660377","0.03773584905660377","0.03773584905660377","0.03773584905660377","0.03773584905660377","0.03773584905660377","0.03773584905660377","0.03773584905660377","0.03773584905660377","0.03773584905660377","0.03773584905660377","0.03773584905660377","0.03773584905660377","0.03773584905660377","0.03773584905660377","0.03773584905660377","0.03773584905660377","0.03773584905660377","0.03773584905660377","0.03773584905660377","0.03773584905660377","0.03773584905660377","0.03773584905660377","0.03773584905660377","0.03773584905660377","0.03773584905660377","0.03773584905660377","0.03773584905660377","0.03773584905660377","0.03773584905660377","0.03773584905660377","0.03773584905660377","0.03773584905660377","0.03773584905660377","0.03773584905660377","0.03773584905660377","0.03773584905660377","0.03773584905660377","0.03773584905660377","0.03773584905660377","0.03773584905660377","0.03773584905660377","0.03773584905660377","0.03773584905660377","0.03773584905660377","0.03773584905660377","0.03773584905660377","0.03773584905660377","0.03773584905660377","0.03773584905660377","0.03773584905660377","0.03773584905660377","0.03773584905660377","0.03773584905660377","0.03773584905660377","0.03773584905660377","0.03773584905660377","0.03773584905660377","0.03773584905660377","0.03773584905660377","0.03773584905660377","0.03773584905660377","0.03773584905660377","0.03773584905660377","0.03773584905660377","0.03773584905660377","0.03773584905660377","0.03773584905660377","0.03773584905660377","0.03773584905660377","0.03773584905660377","0.03773584905660377","0.03773584905660377","0.03773584905660377","0.03773584905660377","0.03773584905660377","0.03773584905660377","0.03773584905660377","0.03773584905660377","0.03773584905660377","0.03773584905660377","0.03773584905660377","0.03773584905660377","0.03773584905660377","0.03773584905660377","0.03773584905660377","0.03773584905660377","0.03773584905660377","0.03773584905660377","0.03773584905660377","0.03773584905660377","0.03773584905660377","0.03773584905660377","0.03773584905660377","0.03773584905660377","0.03773584905660377","0.03773584905660377","0.03773584905660377","0.03773584905660377","0.03773584905660377","0.03773584905660377","0.03773584905660377","0.03773584905660377","0.03773584905660377","0.03773584905660377","0.03773584905660377","0.03773584905660377","0.03773584905660377","0.03773584905660377","0.03773584905660377","0.03773584905660377","0.03773584905660377","0.03773584905660377","0.03773584905660377","0.03773584905660377","0.03773584905660377","0.03773584905660377","0.03773584905660377","0.03773584905660377","0.03773584905660377","0.03773584905660377","0.03773584905660377","0.03773584905660377","0.03773584905660377","0.03773584905660377","0.03773584905660377","0.03773584905660377","0.03773584905660377","0.03773584905660377","0.03773584905660377","0.03773584905660377","0.03773584905660377","0.03773584905660377","0.03773584905660377","0.03773584905660377","0.03773584905660377","0.03773584905660377","0.03773584905660377","0.03773584905660377","0.03773584905660377","0.03773584905660377","0.03773584905660377","0.03773584905660377","0.03773584905660377","0.03773584905660377","0.03773584905660377","0.03773584905660377","0.03773584905660377","0.03773584905660377","0.03773584905660377","0.03773584905660377","0.03773584905660377","0.03773584905660377","0.03773584905660377","0.03773584905660377","0.03773584905660377","0.03773584905660377","0.03773584905660377","0.03773584905660377","0.03773584905660377","0.03773584905660377","0.03773584905660377","0.03773584905660377","0.03773584905660377","0.03773584905660377","0.03773584905660377","216","4996"
"RandooPy-TypeHintsInference","flutils.packages","1591027658416670165","28886","602655850203","0.07142857142857142","5618","17434","5618","17434","0.07142857142857142","0.07142857142857142","0.07142857142857142","0.07142857142857142","0.07142857142857142","0.07142857142857142","0.07142857142857142","0.07142857142857142","0.07142857142857142","0.07142857142857142","0.07142857142857142","0.07142857142857142","0.07142857142857142","0.07142857142857142","0.07142857142857142","0.07142857142857142","0.07142857142857142","0.07142857142857142","0.07142857142857142","0.07142857142857142","0.07142857142857142","0.07142857142857142","0.07142857142857142","0.07142857142857142","0.07142857142857142","0.07142857142857142","0.07142857142857142","0.07142857142857142","0.07142857142857142","0.07142857142857142","0.07142857142857142","0.07142857142857142","0.07142857142857142","0.07142857142857142","0.07142857142857142","0.07142857142857142","0.07142857142857142","0.07142857142857142","0.07142857142857142","0.07142857142857142","0.07142857142857142","0.07142857142857142","0.07142857142857142","0.07142857142857142","0.07142857142857142","0.07142857142857142","0.07142857142857142","0.07142857142857142","0.07142857142857142","0.07142857142857142","0.07142857142857142","0.07142857142857142","0.07142857142857142","0.07142857142857142","0.07142857142857142","0.07142857142857142","0.07142857142857142","0.07142857142857142","0.07142857142857142","0.07142857142857142","0.07142857142857142","0.07142857142857142","0.07142857142857142","0.07142857142857142","0.07142857142857142","0.07142857142857142","0.07142857142857142","0.07142857142857142","0.07142857142857142","0.07142857142857142","0.07142857142857142","0.07142857142857142","0.07142857142857142","0.07142857142857142","0.07142857142857142","0.07142857142857142","0.07142857142857142","0.07142857142857142","0.07142857142857142","0.07142857142857142","0.07142857142857142","0.07142857142857142","0.07142857142857142","0.07142857142857142","0.07142857142857142","0.07142857142857142","0.07142857142857142","0.07142857142857142","0.07142857142857142","0.07142857142857142","0.07142857142857142","0.07142857142857142","0.07142857142857142","0.07142857142857142","0.07142857142857142","0.07142857142857142","0.07142857142857142","0.07142857142857142","0.07142857142857142","0.07142857142857142","0.07142857142857142","0.07142857142857142","0.07142857142857142","0.07142857142857142","0.07142857142857142","0.07142857142857142","0.07142857142857142","0.07142857142857142","0.07142857142857142","0.07142857142857142","0.07142857142857142","0.07142857142857142","0.07142857142857142","0.07142857142857142","0.07142857142857142","0.07142857142857142","0.07142857142857142","0.07142857142857142","0.07142857142857142","0.07142857142857142","0.07142857142857142","0.07142857142857142","0.07142857142857142","0.07142857142857142","0.07142857142857142","0.07142857142857142","0.07142857142857142","0.07142857142857142","0.07142857142857142","0.07142857142857142","0.07142857142857142","0.07142857142857142","0.07142857142857142","0.07142857142857142","0.07142857142857142","0.07142857142857142","0.07142857142857142","0.07142857142857142","0.07142857142857142","0.07142857142857142","0.07142857142857142","0.07142857142857142","0.07142857142857142","0.07142857142857142","0.07142857142857142","0.07142857142857142","0.07142857142857142","0.07142857142857142","0.07142857142857142","0.07142857142857142","0.07142857142857142","0.07142857142857142","0.07142857142857142","0.07142857142857142","0.07142857142857142","0.07142857142857142","0.07142857142857142","0.07142857142857142","0.07142857142857142","0.07142857142857142","0.07142857142857142","0.07142857142857142","0.07142857142857142","0.07142857142857142","0.07142857142857142","0.07142857142857142","0.07142857142857142","0.07142857142857142","0.07142857142857142","0.07142857142857142","0.07142857142857142","0.07142857142857142","0.07142857142857142","0.07142857142857142","0.07142857142857142","0.07142857142857142","0.07142857142857142","0.07142857142857142","0.07142857142857142","0.07142857142857142","0.07142857142857142","0.07142857142857142","0.07142857142857142","0.07142857142857142","0.07142857142857142","0.07142857142857142","0.07142857142857142","0.07142857142857142","0.07142857142857142","0.07142857142857142","0.07142857142857142","0.07142857142857142","0.07142857142857142","0.07142857142857142","0.07142857142857142","0.07142857142857142","0.07142857142857142","0.07142857142857142","0.07142857142857142","0.07142857142857142","0.07142857142857142","0.07142857142857142","0.07142857142857142","0.07142857142857142","0.07142857142857142","0.07142857142857142","0.07142857142857142","0.07142857142857142","0.07142857142857142","0.07142857142857142","0.07142857142857142","0.07142857142857142","0.07142857142857142","0.07142857142857142","0.07142857142857142","0.07142857142857142","0.07142857142857142","0.07142857142857142","0.07142857142857142","0.07142857142857142","0.07142857142857142","0.07142857142857142","0.07142857142857142","0.07142857142857142","0.07142857142857142","0.07142857142857142","0.07142857142857142","0.07142857142857142","0.07142857142857142","0.07142857142857142","0.07142857142857142","0.07142857142857142","0.07142857142857142","0.07142857142857142","0.07142857142857142","0.07142857142857142","0.07142857142857142","0.07142857142857142","0.07142857142857142","0.07142857142857142","0.07142857142857142","0.07142857142857142","0.07142857142857142","0.07142857142857142","0.07142857142857142","0.07142857142857142","0.07142857142857142","0.07142857142857142","0.07142857142857142","0.07142857142857142","0.07142857142857142","0.07142857142857142","0.07142857142857142","0.07142857142857142","0.07142857142857142","0.07142857142857142","0.07142857142857142","0.07142857142857142","0.07142857142857142","0.07142857142857142","0.07142857142857142","0.07142857142857142","0.07142857142857142","0.07142857142857142","0.07142857142857142","0.07142857142857142","0.07142857142857142","0.07142857142857142","0.07142857142857142","0.07142857142857142","0.07142857142857142","0.07142857142857142","0.07142857142857142","0.07142857142857142","0.07142857142857142","0.07142857142857142","0.07142857142857142","0.07142857142857142","0.07142857142857142","0.07142857142857142","0.07142857142857142","0.07142857142857142","0.07142857142857142","0.07142857142857142","0.07142857142857142","0.07142857142857142","0.07142857142857142","0.07142857142857142","0.07142857142857142","0.07142857142857142","0.07142857142857142","0.07142857142857142","0.07142857142857142","0.07142857142857142","0.07142857142857142","0.07142857142857142","0.07142857142857142","0.07142857142857142","0.07142857142857142","0.07142857142857142","0.07142857142857142","0.07142857142857142","0.07142857142857142","0.07142857142857142","0.07142857142857142","0.07142857142857142","0.07142857142857142","0.07142857142857142","0.07142857142857142","0.07142857142857142","0.07142857142857142","0.07142857142857142","0.07142857142857142","0.07142857142857142","0.07142857142857142","0.07142857142857142","0.07142857142857142","0.07142857142857142","0.07142857142857142","0.07142857142857142","0.07142857142857142","0.07142857142857142","0.07142857142857142","0.07142857142857142","0.07142857142857142","0.07142857142857142","0.07142857142857142","0.07142857142857142","0.07142857142857142","0.07142857142857142","0.07142857142857142","0.07142857142857142","0.07142857142857142","0.07142857142857142","0.07142857142857142","0.07142857142857142","0.07142857142857142","0.07142857142857142","0.07142857142857142","0.07142857142857142","0.07142857142857142","0.07142857142857142","0.07142857142857142","0.07142857142857142","0.07142857142857142","0.07142857142857142","0.07142857142857142","0.07142857142857142","0.07142857142857142","0.07142857142857142","0.07142857142857142","0.07142857142857142","0.07142857142857142","0.07142857142857142","0.07142857142857142","0.07142857142857142","0.07142857142857142","0.07142857142857142","0.07142857142857142","0.07142857142857142","0.07142857142857142","0.07142857142857142","0.07142857142857142","0.07142857142857142","0.07142857142857142","0.07142857142857142","0.07142857142857142","0.07142857142857142","0.07142857142857142","0.07142857142857142","0.07142857142857142","0.07142857142857142","0.07142857142857142","0.07142857142857142","0.07142857142857142","0.07142857142857142","0.07142857142857142","0.07142857142857142","0.07142857142857142","0.07142857142857142","0.07142857142857142","0.07142857142857142","0.07142857142857142","0.07142857142857142","0.07142857142857142","0.07142857142857142","0.07142857142857142","0.07142857142857142","0.07142857142857142","0.07142857142857142","0.07142857142857142","0.07142857142857142","0.07142857142857142","0.07142857142857142","0.07142857142857142","0.07142857142857142","0.07142857142857142","0.07142857142857142","0.07142857142857142","0.07142857142857142","0.07142857142857142","0.07142857142857142","0.07142857142857142","0.07142857142857142","0.07142857142857142","0.07142857142857142","0.07142857142857142","0.07142857142857142","0.07142857142857142","0.07142857142857142","0.07142857142857142","0.07142857142857142","0.07142857142857142","0.07142857142857142","0.07142857142857142","0.07142857142857142","0.07142857142857142","0.07142857142857142","0.07142857142857142","0.07142857142857142","0.07142857142857142","0.07142857142857142","0.07142857142857142","0.07142857142857142","0.07142857142857142","0.07142857142857142","0.07142857142857142","0.07142857142857142","0.07142857142857142","0.07142857142857142","0.07142857142857142","0.07142857142857142","0.07142857142857142","0.07142857142857142","0.07142857142857142","0.07142857142857142","0.07142857142857142","0.07142857142857142","0.07142857142857142","0.07142857142857142","0.07142857142857142","0.07142857142857142","0.07142857142857142","0.07142857142857142","0.07142857142857142","0.07142857142857142","0.07142857142857142","0.07142857142857142","0.07142857142857142","0.07142857142857142","0.07142857142857142","0.07142857142857142","0.07142857142857142","0.07142857142857142","0.07142857142857142","0.07142857142857142","0.07142857142857142","0.07142857142857142","0.07142857142857142","0.07142857142857142","0.07142857142857142","0.07142857142857142","0.07142857142857142","0.07142857142857142","0.07142857142857142","0.07142857142857142","0.07142857142857142","0.07142857142857142","0.07142857142857142","0.07142857142857142","0.07142857142857142","0.07142857142857142","0.07142857142857142","0.07142857142857142","0.07142857142857142","0.07142857142857142","0.07142857142857142","0.07142857142857142","0.07142857142857142","0.07142857142857142","0.07142857142857142","0.07142857142857142","0.07142857142857142","0.07142857142857142","0.07142857142857142","0.07142857142857142","0.07142857142857142","0.07142857142857142","0.07142857142857142","0.07142857142857142","0.07142857142857142","0.07142857142857142","0.07142857142857142","0.07142857142857142","0.07142857142857142","0.07142857142857142","0.07142857142857142","0.07142857142857142","0.07142857142857142","0.07142857142857142","0.07142857142857142","0.07142857142857142","0.07142857142857142","0.07142857142857142","0.07142857142857142","0.07142857142857142","0.07142857142857142","0.07142857142857142","0.07142857142857142","0.07142857142857142","0.07142857142857142","0.07142857142857142","0.07142857142857142","0.07142857142857142","0.07142857142857142","0.07142857142857142","0.07142857142857142","0.07142857142857142","0.07142857142857142","0.07142857142857142","0.07142857142857142","0.07142857142857142","0.07142857142857142","0.07142857142857142","0.07142857142857142","0.07142857142857142","0.07142857142857142","0.07142857142857142","0.07142857142857142","0.07142857142857142","0.07142857142857142","0.07142857142857142","0.07142857142857142","0.07142857142857142","0.07142857142857142","0.07142857142857142","0.07142857142857142","0.07142857142857142","0.07142857142857142","0.07142857142857142","0.07142857142857142","0.07142857142857142","0.07142857142857142","0.07142857142857142","0.07142857142857142","0.07142857142857142","0.07142857142857142","0.07142857142857142","0.07142857142857142","0.07142857142857142","0.07142857142857142","0.07142857142857142","0.07142857142857142","0.07142857142857142","0.07142857142857142","0.07142857142857142","0.07142857142857142","0.07142857142857142","0.07142857142857142","0.07142857142857142","0.07142857142857142","0.07142857142857142","0.07142857142857142","0.07142857142857142","0.07142857142857142","0.07142857142857142","0.07142857142857142","0.07142857142857142","0.07142857142857142","0.07142857142857142","0.07142857142857142","0.07142857142857142","0.07142857142857142","0.07142857142857142","0.07142857142857142","0.07142857142857142","0.07142857142857142","0.07142857142857142","0.07142857142857142","0.07142857142857142","0.07142857142857142","0.07142857142857142","0.07142857142857142","0.07142857142857142","0.07142857142857142","0.07142857142857142","0.07142857142857142","0.07142857142857142","0.07142857142857142","0.07142857142857142","0.07142857142857142","0.07142857142857142","0.07142857142857142","0.07142857142857142","0.07142857142857142","0.07142857142857142","0.07142857142857142","0.07142857142857142","0.07142857142857142","0.07142857142857142","0","0"
"RandooPy-NoTypes","flutils.codecs.raw_utf8_escape","1591028104428271253","446","608327323903","0.5217391304347826","430","11745","230","6128","0.4782608695652174","0.4782608695652174","0.4782608695652174","0.4782608695652174","0.4782608695652174","0.4782608695652174","0.4782608695652174","0.4782608695652174","0.4782608695652174","0.4782608695652174","0.4782608695652174","0.4782608695652174","0.4782608695652174","0.4782608695652174","0.4782608695652174","0.4782608695652174","0.4782608695652174","0.4782608695652174","0.4782608695652174","0.4782608695652174","0.4782608695652174","0.4782608695652174","0.4782608695652174","0.4782608695652174","0.4782608695652174","0.4782608695652174","0.4782608695652174","0.4782608695652174","0.4782608695652174","0.4782608695652174","0.4782608695652174","0.4782608695652174","0.4782608695652174","0.4782608695652174","0.4782608695652174","0.4782608695652174","0.4782608695652174","0.4782608695652174","0.4782608695652174","0.4782608695652174","0.4782608695652174","0.4782608695652174","0.4782608695652174","0.4782608695652174","0.4782608695652174","0.4782608695652174","0.4782608695652174","0.4782608695652174","0.4782608695652174","0.4782608695652174","0.4782608695652174","0.4782608695652174","0.4782608695652174","0.4782608695652174","0.4782608695652174","0.4782608695652174","0.4782608695652174","0.4782608695652174","0.4782608695652174","0.4782608695652174","0.4782608695652174","0.4782608695652174","0.4782608695652174","0.4782608695652174","0.4782608695652174","0.4782608695652174","0.4782608695652174","0.4782608695652174","0.4782608695652174","0.4782608695652174","0.4782608695652174","0.4782608695652174","0.4782608695652174","0.4782608695652174","0.4782608695652174","0.4782608695652174","0.4782608695652174","0.4782608695652174","0.4782608695652174","0.4782608695652174","0.4782608695652174","0.4782608695652174","0.4782608695652174","0.4782608695652174","0.4782608695652174","0.4782608695652174","0.4782608695652174","0.4782608695652174","0.4782608695652174","0.4782608695652174","0.4782608695652174","0.4782608695652174","0.4782608695652174","0.4782608695652174","0.4782608695652174","0.4782608695652174","0.4782608695652174","0.4782608695652174","0.4782608695652174","0.4782608695652174","0.4782608695652174","0.4782608695652174","0.4782608695652174","0.4782608695652174","0.4782608695652174","0.4782608695652174","0.4782608695652174","0.4782608695652174","0.4782608695652174","0.4782608695652174","0.4782608695652174","0.4782608695652174","0.4782608695652174","0.4782608695652174","0.4782608695652174","0.4782608695652174","0.4782608695652174","0.4782608695652174","0.4782608695652174","0.4782608695652174","0.4782608695652174","0.4782608695652174","0.4782608695652174","0.4782608695652174","0.4782608695652174","0.4782608695652174","0.4782608695652174","0.4782608695652174","0.4782608695652174","0.4782608695652174","0.4782608695652174","0.4782608695652174","0.4782608695652174","0.4782608695652174","0.4782608695652174","0.4782608695652174","0.4782608695652174","0.4782608695652174","0.4782608695652174","0.4782608695652174","0.4782608695652174","0.4782608695652174","0.4782608695652174","0.4782608695652174","0.4782608695652174","0.4782608695652174","0.4782608695652174","0.4782608695652174","0.4782608695652174","0.4782608695652174","0.4782608695652174","0.4782608695652174","0.4782608695652174","0.4782608695652174","0.4782608695652174","0.4782608695652174","0.4782608695652174","0.4782608695652174","0.4782608695652174","0.4782608695652174","0.4782608695652174","0.4782608695652174","0.4782608695652174","0.4782608695652174","0.4782608695652174","0.4782608695652174","0.4782608695652174","0.4782608695652174","0.4782608695652174","0.4782608695652174","0.4782608695652174","0.4782608695652174","0.4782608695652174","0.4782608695652174","0.4782608695652174","0.4782608695652174","0.4782608695652174","0.4782608695652174","0.4782608695652174","0.4782608695652174","0.4782608695652174","0.4782608695652174","0.4782608695652174","0.4782608695652174","0.4782608695652174","0.4782608695652174","0.4782608695652174","0.4782608695652174","0.4782608695652174","0.4782608695652174","0.4782608695652174","0.4782608695652174","0.4782608695652174","0.4782608695652174","0.4782608695652174","0.4782608695652174","0.4782608695652174","0.4782608695652174","0.4782608695652174","0.4782608695652174","0.4782608695652174","0.4782608695652174","0.4782608695652174","0.4782608695652174","0.4782608695652174","0.4782608695652174","0.4782608695652174","0.4782608695652174","0.4782608695652174","0.4782608695652174","0.4782608695652174","0.4782608695652174","0.4782608695652174","0.4782608695652174","0.4782608695652174","0.4782608695652174","0.4782608695652174","0.4782608695652174","0.4782608695652174","0.4782608695652174","0.4782608695652174","0.4782608695652174","0.4782608695652174","0.4782608695652174","0.4782608695652174","0.4782608695652174","0.4782608695652174","0.4782608695652174","0.4782608695652174","0.4782608695652174","0.4782608695652174","0.4782608695652174","0.4782608695652174","0.4782608695652174","0.4782608695652174","0.4782608695652174","0.4782608695652174","0.4782608695652174","0.4782608695652174","0.4782608695652174","0.4782608695652174","0.4782608695652174","0.4782608695652174","0.4782608695652174","0.4782608695652174","0.4782608695652174","0.4782608695652174","0.4782608695652174","0.4782608695652174","0.4782608695652174","0.4782608695652174","0.4782608695652174","0.4782608695652174","0.4782608695652174","0.4782608695652174","0.4782608695652174","0.4782608695652174","0.4782608695652174","0.4782608695652174","0.4782608695652174","0.4782608695652174","0.4782608695652174","0.4782608695652174","0.4782608695652174","0.4782608695652174","0.4782608695652174","0.4782608695652174","0.4782608695652174","0.4782608695652174","0.4782608695652174","0.4782608695652174","0.4782608695652174","0.4782608695652174","0.4782608695652174","0.4782608695652174","0.4782608695652174","0.4782608695652174","0.4782608695652174","0.4782608695652174","0.4782608695652174","0.4782608695652174","0.4782608695652174","0.4782608695652174","0.4782608695652174","0.4782608695652174","0.4782608695652174","0.4782608695652174","0.4782608695652174","0.4782608695652174","0.4782608695652174","0.4782608695652174","0.4782608695652174","0.4782608695652174","0.4782608695652174","0.4782608695652174","0.4782608695652174","0.4782608695652174","0.4782608695652174","0.4782608695652174","0.4782608695652174","0.4782608695652174","0.4782608695652174","0.4782608695652174","0.4782608695652174","0.4782608695652174","0.4782608695652174","0.4782608695652174","0.4782608695652174","0.4782608695652174","0.4782608695652174","0.4782608695652174","0.4782608695652174","0.4782608695652174","0.4782608695652174","0.4782608695652174","0.4782608695652174","0.4782608695652174","0.4782608695652174","0.4782608695652174","0.4782608695652174","0.4782608695652174","0.4782608695652174","0.4782608695652174","0.4782608695652174","0.4782608695652174","0.4782608695652174","0.4782608695652174","0.4782608695652174","0.4782608695652174","0.4782608695652174","0.4782608695652174","0.4782608695652174","0.4782608695652174","0.4782608695652174","0.4782608695652174","0.4782608695652174","0.4782608695652174","0.4782608695652174","0.4782608695652174","0.4782608695652174","0.4782608695652174","0.4782608695652174","0.4782608695652174","0.4782608695652174","0.4782608695652174","0.4782608695652174","0.4782608695652174","0.4782608695652174","0.4782608695652174","0.4782608695652174","0.4782608695652174","0.4782608695652174","0.4782608695652174","0.4782608695652174","0.4782608695652174","0.4782608695652174","0.4782608695652174","0.4782608695652174","0.4782608695652174","0.4782608695652174","0.4782608695652174","0.4782608695652174","0.4782608695652174","0.4782608695652174","0.4782608695652174","0.4782608695652174","0.4782608695652174","0.4782608695652174","0.4782608695652174","0.4782608695652174","0.4782608695652174","0.4782608695652174","0.4782608695652174","0.4782608695652174","0.4782608695652174","0.4782608695652174","0.4782608695652174","0.4782608695652174","0.4782608695652174","0.4782608695652174","0.4782608695652174","0.4782608695652174","0.4782608695652174","0.4782608695652174","0.4782608695652174","0.4782608695652174","0.4782608695652174","0.4782608695652174","0.4782608695652174","0.4782608695652174","0.4782608695652174","0.4782608695652174","0.4782608695652174","0.4782608695652174","0.4782608695652174","0.4782608695652174","0.4782608695652174","0.4782608695652174","0.4782608695652174","0.4782608695652174","0.4782608695652174","0.4782608695652174","0.4782608695652174","0.4782608695652174","0.4782608695652174","0.4782608695652174","0.4782608695652174","0.4782608695652174","0.4782608695652174","0.4782608695652174","0.4782608695652174","0.4782608695652174","0.4782608695652174","0.4782608695652174","0.4782608695652174","0.4782608695652174","0.4782608695652174","0.4782608695652174","0.4782608695652174","0.4782608695652174","0.4782608695652174","0.4782608695652174","0.4782608695652174","0.4782608695652174","0.4782608695652174","0.4782608695652174","0.4782608695652174","0.4782608695652174","0.4782608695652174","0.4782608695652174","0.4782608695652174","0.4782608695652174","0.4782608695652174","0.4782608695652174","0.4782608695652174","0.4782608695652174","0.4782608695652174","0.4782608695652174","0.4782608695652174","0.4782608695652174","0.4782608695652174","0.4782608695652174","0.4782608695652174","0.4782608695652174","0.4833869127117903","0.5021567563965328","0.5209266000812753","0.5217391304347826","0.5217391304347826","0.5217391304347826","0.5217391304347826","0.5217391304347826","0.5217391304347826","0.5217391304347826","0.5217391304347826","0.5217391304347826","0.5217391304347826","0.5217391304347826","0.5217391304347826","0.5217391304347826","0.5217391304347826","0.5217391304347826","0.5217391304347826","0.5217391304347826","0.5217391304347826","0.5217391304347826","0.5217391304347826","0.5217391304347826","0.5217391304347826","0.5217391304347826","0.5217391304347826","0.5217391304347826","0.5217391304347826","0.5217391304347826","0.5217391304347826","0.5217391304347826","0.5217391304347826","0.5217391304347826","0.5217391304347826","0.5217391304347826","0.5217391304347826","0.5217391304347826","0.5217391304347826","0.5217391304347826","0.5217391304347826","0.5217391304347826","0.5217391304347826","0.5217391304347826","0.5217391304347826","0.5217391304347826","0.5217391304347826","0.5217391304347826","0.5217391304347826","0.5217391304347826","0.5217391304347826","0.5217391304347826","0.5217391304347826","0.5217391304347826","0.5217391304347826","0.5217391304347826","0.5217391304347826","0.5217391304347826","0.5217391304347826","0.5217391304347826","0.5217391304347826","0.5217391304347826","0.5217391304347826","0.5217391304347826","0.5217391304347826","0.5217391304347826","0.5217391304347826","0.5217391304347826","0.5217391304347826","0.5217391304347826","0.5217391304347826","0.5217391304347826","0.5217391304347826","0.5217391304347826","0.5217391304347826","0.5217391304347826","0.5217391304347826","0.5217391304347826","0.5217391304347826","0.5217391304347826","0.5217391304347826","0.5217391304347826","0.5217391304347826","0.5217391304347826","0.5217391304347826","0.5217391304347826","0.5217391304347826","0.5217391304347826","0.5217391304347826","0.5217391304347826","0.5217391304347826","0.5217391304347826","0.5217391304347826","0.5217391304347826","0.5217391304347826","0.5217391304347826","0.5217391304347826","0.5217391304347826","0.5217391304347826","0.5217391304347826","0.5217391304347826","0.5217391304347826","0.5217391304347826","0.5217391304347826","0.5217391304347826","0.5217391304347826","0.5217391304347826","0.5217391304347826","0.5217391304347826","0.5217391304347826","0.5217391304347826","0.5217391304347826","0.5217391304347826","0.5217391304347826","0.5217391304347826","0.5217391304347826","0.5217391304347826","0.5217391304347826","0.5217391304347826","0.5217391304347826","0.5217391304347826","0.5217391304347826","0.5217391304347826","0.5217391304347826","0.5217391304347826","0.5217391304347826","0.5217391304347826","0.5217391304347826","0.5217391304347826","0.5217391304347826","0.5217391304347826","0.5217391304347826","0.5217391304347826","0.5217391304347826","0.5217391304347826","0.5217391304347826","0.5217391304347826","0.5217391304347826","0.5217391304347826","0.5217391304347826","0.5217391304347826","0.5217391304347826","0.5217391304347826","0.5217391304347826","0.5217391304347826","0.5217391304347826","0.5217391304347826","0.5217391304347826","0.5217391304347826","0.5217391304347826","0.5217391304347826","0.5217391304347826","0.5217391304347826","0.5217391304347826","0.5217391304347826","0.5217391304347826","200","5617"
"RandooPy-NoTypes","flutils.decorators","1591028152782795788","505","605007087905","0.7","499","11333","210","4591","0.7","0.7","0.7","0.7","0.7","0.7","0.7","0.7","0.7","0.7","0.7","0.7","0.7","0.7","0.7","0.7","0.7","0.7","0.7","0.7","0.7","0.7","0.7","0.7","0.7","0.7","0.7","0.7","0.7","0.7","0.7","0.7","0.7","0.7","0.7","0.7","0.7","0.7","0.7","0.7","0.7","0.7","0.7","0.7","0.7","0.7","0.7","0.7","0.7","0.7","0.7","0.7","0.7","0.7","0.7","0.7","0.7","0.7","0.7","0.7","0.7","0.7","0.7","0.7","0.7","0.7","0.7","0.7","0.7","0.7","0.7","0.7","0.7","0.7","0.7","0.7","0.7","0.7","0.7","0.7","0.7","0.7","0.7","0.7","0.7","0.7","0.7","0.7","0.7","0.7","0.7","0.7","0.7","0.7","0.7","0.7","0.7","0.7","0.7","0.7","0.7","0.7","0.7","0.7","0.7","0.7","0.7","0.7","0.7","0.7","0.7","0.7","0.7","0.7","0.7","0.7","0.7","0.7","0.7","0.7","0.7","0.7","0.7","0.7","0.7","0.7","0.7","0.7","0.7","0.7","0.7","0.7","0.7","0.7","0.7","0.7","0.7","0.7","0.7","0.7","0.7","0.7","0.7","0.7","0.7","0.7","0.7","0.7","0.7","0.7","0.7","0.7","0.7","0.7","0.7","0.7","0.7","0.7","0.7","0.7","0.7","0.7","0.7","0.7","0.7","0.7","0.7","0.7","0.7","0.7","0.7","0.7","0.7","0.7","0.7","0.7","0.7","0.7","0.7","0.7","0.7","0.7","0.7","0.7","0.7","0.7","0.7","0.7","0.7","0.7","0.7","0.7","0.7","0.7","0.7","0.7","0.7","0.7","0.7","0.7","0.7","0.7","0.7","0.7","0.7","0.7","0.7","0.7","0.7","0.7","0.7","0.7","0.7","0.7","0.7","0.7","0.7","0.7","0.7","0.7","0.7","0.7","0.7","0.7","0.7","0.7","0.7","0.7","0.7","0.7","0.7","0.7","0.7","0.7","0.7","0.7","0.7","0.7","0.7","0.7","0.7","0.7","0.7","0.7","0.7","0.7","0.7","0.7","0.7","0.7","0.7","0.7","0.7","0.7","0.7","0.7","0.7","0.7","0.7","0.7","0.7","0.7","0.7","0.7","0.7","0.7","0.7","0.7","0.7","0.7","0.7","0.7","0.7","0.7","0.7","0.7","0.7","0.7","0.7","0.7","0.7","0.7","0.7","0.7","0.7","0.7","0.7","0.7","0.7","0.7","0.7","0.7","0.7","0.7","0.7","0.7","0.7","0.7","0.7","0.7","0.7","0.7","0.7","0.7","0.7","0.7","0.7","0.7","0.7","0.7","0.7","0.7","0.7","0.7","0.7","0.7","0.7","0.7","0.7","0.7","0.7","0.7","0.7","0.7","0.7","0.7","0.7","0.7","0.7","0.7","0.7","0.7","0.7","0.7","0.7","0.7","0.7","0.7","0.7","0.7","0.7","0.7","0.7","0.7","0.7","0.7","0.7","0.7","0.7","0.7","0.7","0.7","0.7","0.7","0.7","0.7","0.7","0.7","0.7","0.7","0.7","0.7","0.7","0.7","0.7","0.7","0.7","0.7","0.7","0.7","0.7","0.7","0.7","0.7","0.7","0.7","0.7","0.7","0.7","0.7","0.7","0.7","0.7","0.7","0.7","0.7","0.7","0.7","0.7","0.7","0.7","0.7","0.7","0.7","0.7","0.7","0.7","0.7","0.7","0.7","0.7","0.7","0.7","0.7","0.7","0.7","0.7","0.7","0.7","0.7","0.7","0.7","0.7","0.7","0.7","0.7","0.7","0.7","0.7","0.7","0.7","0.7","0.7","0.7","0.7","0.7","0.7","0.7","0.7","0.7","0.7","0.7","0.7","0.7","0.7","0.7","0.7","0.7","0.7","0.7","0.7","0.7","0.7","0.7","0.7","0.7","0.7","0.7","0.7","0.7","0.7","0.7","0.7","0.7","0.7","0.7","0.7","0.7","0.7","0.7","0.7","0.7","0.7","0.7","0.7","0.7","0.7","0.7","0.7","0.7","0.7","0.7","0.7","0.7","0.7","0.7","0.7","0.7","0.7","0.7","0.7","0.7","0.7","0.7","0.7","0.7","0.7","0.7","0.7","0.7","0.7","0.7","0.7","0.7","0.7","0.7","0.7","0.7","0.7","0.7","0.7","0.7","0.7","0.7","0.7","0.7","0.7","0.7","0.7","0.7","0.7","0.7","0.7","0.7","0.7","0.7","0.7","0.7","0.7","0.7","0.7","0.7","0.7","0.7","0.7","0.7","0.7","0.7","0.7","0.7","0.7","0.7","0.7","0.7","0.7","0.7","0.7","0.7","0.7","0.7","0.7","0.7","0.7","0.7","0.7","0.7","0.7","0.7","0.7","0.7","0.7","0.7","0.7","0.7","0.7","0.7","0.7","0.7","0.7","0.7","0.7","0.7","0.7","0.7","0.7","0.7","0.7","0.7","0.7","0.7","0.7","0.7","0.7","0.7","0.7","0.7","0.7","0.7","0.7","0.7","0.7","0.7","0.7","0.7","0.7","0.7","0.7","0.7","0.7","0.7","0.7","0.7","0.7","0.7","0.7","0.7","0.7","0.7","0.7","0.7","289","6742"
"WSPy-TypeHintsInference","flutils.txtutils","1591027774488049338","825","600632188655","0.17543859649122806","7","188","7","188","0.13157894736842105","0.13157894736842105","0.13157894736842105","0.13157894736842105","0.13157894736842105","0.13157894736842105","0.13157894736842105","0.13157894736842105","0.13157894736842105","0.13157894736842105","0.13157894736842105","0.13157894736842105","0.13157894736842105","0.13157894736842105","0.13157894736842105","0.13157894736842105","0.13157894736842105","0.13157894736842105","0.13157894736842105","0.13157894736842105","0.13157894736842105","0.13157894736842105","0.13157894736842105","0.13157894736842105","0.13157894736842105","0.13157894736842105","0.13157894736842105","0.13157894736842105","0.13157894736842105","0.13157894736842105","0.13157894736842105","0.13157894736842105","0.13157894736842105","0.13157894736842105","0.13157894736842105","0.13157894736842105","0.13157894736842105","0.13157894736842105","0.13157894736842105","0.13157894736842105","0.13157894736842105","0.13157894736842105","0.13157894736842105","0.13157894736842105","0.13157894736842105","0.13157894736842105","0.13157894736842105","0.13157894736842105","0.13157894736842105","0.13157894736842105","0.13157894736842105","0.13157894736842105","0.13157894736842105","0.13157894736842105","0.13157894736842105","0.13157894736842105","0.13157894736842105","0.13157894736842105","0.13157894736842105","0.13157894736842105","0.13157894736842105","0.13157894736842105","0.13157894736842105","0.13157894736842105","0.13157894736842105","0.13157894736842105","0.13157894736842105","0.13157894736842105","0.13157894736842105","0.13157894736842105","0.13157894736842105","0.13157894736842105","0.13157894736842105","0.13157894736842105","0.13157894736842105","0.13157894736842105","0.13157894736842105","0.13157894736842105","0.13157894736842105","0.13157894736842105","0.13157894736842105","0.13157894736842105","0.13157894736842105","0.13157894736842105","0.13157894736842105","0.13157894736842105","0.13157894736842105","0.13157894736842105","0.13157894736842105","0.13157894736842105","0.13157894736842105","0.13157894736842105","0.13157894736842105","0.13157894736842105","0.13157894736842105","0.13157894736842105","0.13157894736842105","0.13157894736842105","0.13157894736842105","0.13157894736842105","0.13157894736842105","0.13157894736842105","0.13157894736842105","0.13157894736842105","0.13157894736842105","0.13157894736842105","0.13157894736842105","0.13157894736842105","0.13157894736842105","0.13157894736842105","0.13157894736842105","0.13157894736842105","0.13157894736842105","0.13157894736842105","0.13157894736842105","0.13157894736842105","0.13157894736842105","0.13157894736842105","0.13157894736842105","0.13157894736842105","0.13157894736842105","0.13157894736842105","0.13157894736842105","0.13157894736842105","0.13157894736842105","0.13157894736842105","0.13157894736842105","0.13157894736842105","0.13157894736842105","0.13157894736842105","0.13157894736842105","0.13157894736842105","0.13157894736842105","0.13157894736842105","0.13157894736842105","0.13157894736842105","0.13157894736842105","0.13157894736842105","0.13157894736842105","0.13157894736842105","0.13157894736842105","0.13157894736842105","0.13157894736842105","0.13157894736842105","0.13157894736842105","0.13157894736842105","0.13157894736842105","0.13157894736842105","0.13157894736842105","0.13157894736842105","0.13157894736842105","0.13157894736842105","0.13157894736842105","0.13157894736842105","0.13157894736842105","0.13157894736842105","0.13157894736842105","0.13157894736842105","0.13157894736842105","0.13157894736842105","0.13157894736842105","0.13157894736842105","0.13157894736842105","0.13157894736842105","0.13157894736842105","0.13157894736842105","0.13157894736842105","0.13157894736842105","0.13157894736842105","0.13157894736842105","0.13157894736842105","0.13157894736842105","0.13157894736842105","0.13157894736842105","0.13157894736842105","0.13157894736842105","0.13157894736842105","0.13157894736842105","0.13157894736842105","0.13157894736842105","0.13157894736842105","0.13157894736842105","0.13157894736842105","0.13157894736842105","0.13157894736842105","0.13157894736842105","0.13157894736842105","0.13157894736842105","0.13157894736842105","0.13157894736842105","0.13157894736842105","0.13157894736842105","0.13157894736842105","0.13157894736842105","0.13157894736842105","0.13157894736842105","0.13157894736842105","0.13157894736842105","0.13157894736842105","0.13157894736842105","0.13157894736842105","0.13157894736842105","0.13157894736842105","0.13157894736842105","0.13157894736842105","0.13157894736842105","0.13157894736842105","0.13157894736842105","0.13157894736842105","0.13157894736842105","0.13157894736842105","0.13157894736842105","0.13157894736842105","0.13157894736842105","0.13157894736842105","0.13157894736842105","0.13157894736842105","0.13157894736842105","0.13157894736842105","0.13157894736842105","0.13157894736842105","0.13157894736842105","0.13157894736842105","0.13157894736842105","0.13157894736842105","0.13157894736842105","0.13157894736842105","0.13157894736842105","0.13157894736842105","0.13157894736842105","0.13157894736842105","0.13157894736842105","0.13157894736842105","0.13157894736842105","0.13157894736842105","0.13157894736842105","0.13157894736842105","0.13157894736842105","0.13157894736842105","0.13157894736842105","0.13157894736842105","0.13157894736842105","0.13157894736842105","0.13157894736842105","0.13157894736842105","0.13157894736842105","0.13157894736842105","0.13157894736842105","0.13157894736842105","0.13157894736842105","0.13157894736842105","0.13157894736842105","0.13157894736842105","0.13157894736842105","0.13157894736842105","0.13157894736842105","0.13157894736842105","0.13157894736842105","0.13157894736842105","0.13157894736842105","0.13157894736842105","0.13157894736842105","0.13157894736842105","0.13157894736842105","0.13157894736842105","0.13157894736842105","0.13157894736842105","0.13157894736842105","0.13157894736842105","0.13157894736842105","0.13157894736842105","0.13157894736842105","0.13157894736842105","0.13157894736842105","0.13157894736842105","0.13157894736842105","0.13157894736842105","0.13157894736842105","0.13157894736842105","0.13157894736842105","0.13157894736842105","0.13157894736842105","0.13157894736842105","0.13157894736842105","0.13157894736842105","0.13157894736842105","0.13157894736842105","0.13157894736842105","0.13157894736842105","0.13157894736842105","0.13157894736842105","0.13157894736842105","0.13157894736842105","0.13157894736842105","0.13157894736842105","0.13157894736842105","0.13157894736842105","0.13157894736842105","0.13157894736842105","0.13157894736842105","0.13157894736842105","0.13157894736842105","0.13157894736842105","0.13157894736842105","0.13157894736842105","0.13157894736842105","0.13157894736842105","0.13157894736842105","0.13157894736842105","0.13157894736842105","0.13157894736842105","0.13157894736842105","0.13157894736842105","0.13157894736842105","0.13157894736842105","0.13157894736842105","0.13157894736842105","0.13157894736842105","0.13157894736842105","0.13157894736842105","0.13157894736842105","0.13157894736842105","0.13157894736842105","0.13157894736842105","0.13157894736842105","0.13157894736842105","0.13157894736842105","0.13157894736842105","0.13157894736842105","0.13157894736842105","0.13157894736842105","0.13157894736842105","0.13157894736842105","0.13157894736842105","0.13157894736842105","0.13157894736842105","0.13157894736842105","0.13157894736842105","0.13157894736842105","0.13157894736842105","0.13157894736842105","0.13157894736842105","0.13157894736842105","0.13157894736842105","0.13157894736842105","0.13157894736842105","0.13157894736842105","0.13157894736842105","0.13157894736842105","0.13157894736842105","0.13157894736842105","0.13157894736842105","0.13157894736842105","0.13157894736842105","0.13157894736842105","0.13157894736842105","0.13157894736842105","0.13157894736842105","0.13157894736842105","0.13157894736842105","0.13157894736842105","0.13157894736842105","0.13157894736842105","0.13157894736842105","0.13157894736842105","0.13157894736842105","0.13157894736842105","0.13157894736842105","0.13157894736842105","0.13157894736842105","0.13157894736842105","0.13157894736842105","0.13157894736842105","0.13157894736842105","0.15789473684210525","0.15789473684210525","0.15789473684210525","0.15789473684210525","0.15789473684210525","0.15789473684210525","0.15789473684210525","0.15789473684210525","0.15789473684210525","0.15789473684210525","0.15789473684210525","0.15789473684210525","0.15789473684210525","0.15789473684210525","0.15789473684210525","0.15789473684210525","0.15789473684210525","0.15789473684210525","0.15789473684210525","0.15789473684210525","0.15789473684210525","0.15789473684210525","0.15789473684210525","0.15789473684210525","0.15789473684210525","0.15789473684210525","0.15789473684210525","0.15789473684210525","0.15789473684210525","0.15789473684210525","0.15789473684210525","0.15789473684210525","0.15789473684210525","0.15789473684210525","0.15789473684210525","0.15789473684210525","0.15789473684210525","0.15789473684210525","0.16257836630769057","0.17543859649122806","0.17543859649122806","0.17543859649122806","0.17543859649122806","0.17543859649122806","0.17543859649122806","0.17543859649122806","0.17543859649122806","0.17543859649122806","0.17543859649122806","0.17543859649122806","0.17543859649122806","0.17543859649122806","0.17543859649122806","0.17543859649122806","0.17543859649122806","0.17543859649122806","0.17543859649122806","0.17543859649122806","0.17543859649122806","0.17543859649122806","0.17543859649122806","0.17543859649122806","0.17543859649122806","0.17543859649122806","0.17543859649122806","0.17543859649122806","0.17543859649122806","0.17543859649122806","0.17543859649122806","0.17543859649122806","0.17543859649122806","0.17543859649122806","0.17543859649122806","0.17543859649122806","0.17543859649122806","0.17543859649122806","0.17543859649122806","0.17543859649122806","0.17543859649122806","0.17543859649122806","0.17543859649122806","0.17543859649122806","0.17543859649122806","0.17543859649122806","0.17543859649122806","0.17543859649122806","0.17543859649122806","0.17543859649122806","0.17543859649122806","0.17543859649122806","0.17543859649122806","0.17543859649122806","0.17543859649122806","0.17543859649122806","0.17543859649122806","0.17543859649122806","0.17543859649122806","0.17543859649122806","0.17543859649122806","0.17543859649122806","0.17543859649122806","0.17543859649122806","0.17543859649122806","0.17543859649122806","0.17543859649122806","0.17543859649122806","0.17543859649122806","0.17543859649122806","0.17543859649122806","0.17543859649122806","0.17543859649122806","0.17543859649122806","0.17543859649122806","0.17543859649122806","0.17543859649122806","0.17543859649122806","0.17543859649122806","0.17543859649122806","0.17543859649122806","0.17543859649122806","0.17543859649122806","0.17543859649122806","0.17543859649122806","0.17543859649122806","0.17543859649122806","0.17543859649122806","0.17543859649122806","0.17543859649122806","0.17543859649122806","0.17543859649122806","0.17543859649122806","0.17543859649122806","0.17543859649122806","0.17543859649122806","0.17543859649122806","0.17543859649122806","0.17543859649122806","0.17543859649122806","0.17543859649122806","0.17543859649122806","0.17543859649122806","0.17543859649122806","0.17543859649122806","0.17543859649122806","0.17543859649122806","0.17543859649122806","0.17543859649122806","0.17543859649122806","0.17543859649122806","0.17543859649122806","0.17543859649122806","0.17543859649122806","0.17543859649122806","0.17543859649122806","0.17543859649122806","0.17543859649122806","0.17543859649122806","0.17543859649122806","0.17543859649122806","0.17543859649122806","0.17543859649122806","0.17543859649122806","0.17543859649122806","0.17543859649122806","0.17543859649122806","0.17543859649122806","0.17543859649122806","0.17543859649122806","0.17543859649122806","0.17543859649122806","0.17543859649122806","0.17543859649122806","0.17543859649122806","0.17543859649122806","0.17543859649122806","0.17543859649122806","0.17543859649122806","0.17543859649122806","0.17543859649122806","0.17543859649122806","0.17543859649122806","0.17543859649122806","0.17543859649122806","0.17543859649122806","0.17543859649122806","0.17543859649122806","0.17543859649122806","0.17543859649122806","0.17543859649122806","0.17543859649122806","0.17543859649122806","0.17543859649122806","0.17543859649122806","0.17543859649122806","0.17543859649122806","0.17543859649122806","0.17543859649122806","0.17543859649122806","0.17543859649122806","0.17543859649122806","0.17543859649122806","0.17543859649122806","0.17543859649122806","0.17543859649122806","0.17543859649122806","0.17543859649122806","0.17543859649122806","0.17543859649122806","0.17543859649122806","0.17543859649122806","0.17543859649122806","0.17543859649122806","0.17543859649122806","0.17543859649122806","0.17543859649122806","0.17543859649122806","0.17543859649122806","0.17543859649122806","0.17543859649122806","0.17543859649122806","0.17543859649122806","0.17543859649122806","0.17543859649122806","0.17543859649122806","0.17543859649122806","0.17543859649122806","0","0"
"RandooPy-NoTypes","flutils.namedtupleutils","1591028315532211502","12835","603593950477","0.18421052631578946","8531","17062","8531","17062","0.18421052631578946","0.18421052631578946","0.18421052631578946","0.18421052631578946","0.18421052631578946","0.18421052631578946","0.18421052631578946","0.18421052631578946","0.18421052631578946","0.18421052631578946","0.18421052631578946","0.18421052631578946","0.18421052631578946","0.18421052631578946","0.18421052631578946","0.18421052631578946","0.18421052631578946","0.18421052631578946","0.18421052631578946","0.18421052631578946","0.18421052631578946","0.18421052631578946","0.18421052631578946","0.18421052631578946","0.18421052631578946","0.18421052631578946","0.18421052631578946","0.18421052631578946","0.18421052631578946","0.18421052631578946","0.18421052631578946","0.18421052631578946","0.18421052631578946","0.18421052631578946","0.18421052631578946","0.18421052631578946","0.18421052631578946","0.18421052631578946","0.18421052631578946","0.18421052631578946","0.18421052631578946","0.18421052631578946","0.18421052631578946","0.18421052631578946","0.18421052631578946","0.18421052631578946","0.18421052631578946","0.18421052631578946","0.18421052631578946","0.18421052631578946","0.18421052631578946","0.18421052631578946","0.18421052631578946","0.18421052631578946","0.18421052631578946","0.18421052631578946","0.18421052631578946","0.18421052631578946","0.18421052631578946","0.18421052631578946","0.18421052631578946","0.18421052631578946","0.18421052631578946","0.18421052631578946","0.18421052631578946","0.18421052631578946","0.18421052631578946","0.18421052631578946","0.18421052631578946","0.18421052631578946","0.18421052631578946","0.18421052631578946","0.18421052631578946","0.18421052631578946","0.18421052631578946","0.18421052631578946","0.18421052631578946","0.18421052631578946","0.18421052631578946","0.18421052631578946","0.18421052631578946","0.18421052631578946","0.18421052631578946","0.18421052631578946","0.18421052631578946","0.18421052631578946","0.18421052631578946","0.18421052631578946","0.18421052631578946","0.18421052631578946","0.18421052631578946","0.18421052631578946","0.18421052631578946","0.18421052631578946","0.18421052631578946","0.18421052631578946","0.18421052631578946","0.18421052631578946","0.18421052631578946","0.18421052631578946","0.18421052631578946","0.18421052631578946","0.18421052631578946","0.18421052631578946","0.18421052631578946","0.18421052631578946","0.18421052631578946","0.18421052631578946","0.18421052631578946","0.18421052631578946","0.18421052631578946","0.18421052631578946","0.18421052631578946","0.18421052631578946","0.18421052631578946","0.18421052631578946","0.18421052631578946","0.18421052631578946","0.18421052631578946","0.18421052631578946","0.18421052631578946","0.18421052631578946","0.18421052631578946","0.18421052631578946","0.18421052631578946","0.18421052631578946","0.18421052631578946","0.18421052631578946","0.18421052631578946","0.18421052631578946","0.18421052631578946","0.18421052631578946","0.18421052631578946","0.18421052631578946","0.18421052631578946","0.18421052631578946","0.18421052631578946","0.18421052631578946","0.18421052631578946","0.18421052631578946","0.18421052631578946","0.18421052631578946","0.18421052631578946","0.18421052631578946","0.18421052631578946","0.18421052631578946","0.18421052631578946","0.18421052631578946","0.18421052631578946","0.18421052631578946","0.18421052631578946","0.18421052631578946","0.18421052631578946","0.18421052631578946","0.18421052631578946","0.18421052631578946","0.18421052631578946","0.18421052631578946","0.18421052631578946","0.18421052631578946","0.18421052631578946","0.18421052631578946","0.18421052631578946","0.18421052631578946","0.18421052631578946","0.18421052631578946","0.18421052631578946","0.18421052631578946","0.18421052631578946","0.18421052631578946","0.18421052631578946","0.18421052631578946","0.18421052631578946","0.18421052631578946","0.18421052631578946","0.18421052631578946","0.18421052631578946","0.18421052631578946","0.18421052631578946","0.18421052631578946","0.18421052631578946","0.18421052631578946","0.18421052631578946","0.18421052631578946","0.18421052631578946","0.18421052631578946","0.18421052631578946","0.18421052631578946","0.18421052631578946","0.18421052631578946","0.18421052631578946","0.18421052631578946","0.18421052631578946","0.18421052631578946","0.18421052631578946","0.18421052631578946","0.18421052631578946","0.18421052631578946","0.18421052631578946","0.18421052631578946","0.18421052631578946","0.18421052631578946","0.18421052631578946","0.18421052631578946","0.18421052631578946","0.18421052631578946","0.18421052631578946","0.18421052631578946","0.18421052631578946","0.18421052631578946","0.18421052631578946","0.18421052631578946","0.18421052631578946","0.18421052631578946","0.18421052631578946","0.18421052631578946","0.18421052631578946","0.18421052631578946","0.18421052631578946","0.18421052631578946","0.18421052631578946","0.18421052631578946","0.18421052631578946","0.18421052631578946","0.18421052631578946","0.18421052631578946","0.18421052631578946","0.18421052631578946","0.18421052631578946","0.18421052631578946","0.18421052631578946","0.18421052631578946","0.18421052631578946","0.18421052631578946","0.18421052631578946","0.18421052631578946","0.18421052631578946","0.18421052631578946","0.18421052631578946","0.18421052631578946","0.18421052631578946","0.18421052631578946","0.18421052631578946","0.18421052631578946","0.18421052631578946","0.18421052631578946","0.18421052631578946","0.18421052631578946","0.18421052631578946","0.18421052631578946","0.18421052631578946","0.18421052631578946","0.18421052631578946","0.18421052631578946","0.18421052631578946","0.18421052631578946","0.18421052631578946","0.18421052631578946","0.18421052631578946","0.18421052631578946","0.18421052631578946","0.18421052631578946","0.18421052631578946","0.18421052631578946","0.18421052631578946","0.18421052631578946","0.18421052631578946","0.18421052631578946","0.18421052631578946","0.18421052631578946","0.18421052631578946","0.18421052631578946","0.18421052631578946","0.18421052631578946","0.18421052631578946","0.18421052631578946","0.18421052631578946","0.18421052631578946","0.18421052631578946","0.18421052631578946","0.18421052631578946","0.18421052631578946","0.18421052631578946","0.18421052631578946","0.18421052631578946","0.18421052631578946","0.18421052631578946","0.18421052631578946","0.18421052631578946","0.18421052631578946","0.18421052631578946","0.18421052631578946","0.18421052631578946","0.18421052631578946","0.18421052631578946","0.18421052631578946","0.18421052631578946","0.18421052631578946","0.18421052631578946","0.18421052631578946","0.18421052631578946","0.18421052631578946","0.18421052631578946","0.18421052631578946","0.18421052631578946","0.18421052631578946","0.18421052631578946","0.18421052631578946","0.18421052631578946","0.18421052631578946","0.18421052631578946","0.18421052631578946","0.18421052631578946","0.18421052631578946","0.18421052631578946","0.18421052631578946","0.18421052631578946","0.18421052631578946","0.18421052631578946","0.18421052631578946","0.18421052631578946","0.18421052631578946","0.18421052631578946","0.18421052631578946","0.18421052631578946","0.18421052631578946","0.18421052631578946","0.18421052631578946","0.18421052631578946","0.18421052631578946","0.18421052631578946","0.18421052631578946","0.18421052631578946","0.18421052631578946","0.18421052631578946","0.18421052631578946","0.18421052631578946","0.18421052631578946","0.18421052631578946","0.18421052631578946","0.18421052631578946","0.18421052631578946","0.18421052631578946","0.18421052631578946","0.18421052631578946","0.18421052631578946","0.18421052631578946","0.18421052631578946","0.18421052631578946","0.18421052631578946","0.18421052631578946","0.18421052631578946","0.18421052631578946","0.18421052631578946","0.18421052631578946","0.18421052631578946","0.18421052631578946","0.18421052631578946","0.18421052631578946","0.18421052631578946","0.18421052631578946","0.18421052631578946","0.18421052631578946","0.18421052631578946","0.18421052631578946","0.18421052631578946","0.18421052631578946","0.18421052631578946","0.18421052631578946","0.18421052631578946","0.18421052631578946","0.18421052631578946","0.18421052631578946","0.18421052631578946","0.18421052631578946","0.18421052631578946","0.18421052631578946","0.18421052631578946","0.18421052631578946","0.18421052631578946","0.18421052631578946","0.18421052631578946","0.18421052631578946","0.18421052631578946","0.18421052631578946","0.18421052631578946","0.18421052631578946","0.18421052631578946","0.18421052631578946","0.18421052631578946","0.18421052631578946","0.18421052631578946","0.18421052631578946","0.18421052631578946","0.18421052631578946","0.18421052631578946","0.18421052631578946","0.18421052631578946","0.18421052631578946","0.18421052631578946","0.18421052631578946","0.18421052631578946","0.18421052631578946","0.18421052631578946","0.18421052631578946","0.18421052631578946","0.18421052631578946","0.18421052631578946","0.18421052631578946","0.18421052631578946","0.18421052631578946","0.18421052631578946","0.18421052631578946","0.18421052631578946","0.18421052631578946","0.18421052631578946","0.18421052631578946","0.18421052631578946","0.18421052631578946","0.18421052631578946","0.18421052631578946","0.18421052631578946","0.18421052631578946","0.18421052631578946","0.18421052631578946","0.18421052631578946","0.18421052631578946","0.18421052631578946","0.18421052631578946","0.18421052631578946","0.18421052631578946","0.18421052631578946","0.18421052631578946","0.18421052631578946","0.18421052631578946","0.18421052631578946","0.18421052631578946","0.18421052631578946","0.18421052631578946","0.18421052631578946","0.18421052631578946","0.18421052631578946","0.18421052631578946","0.18421052631578946","0.18421052631578946","0.18421052631578946","0.18421052631578946","0.18421052631578946","0.18421052631578946","0.18421052631578946","0.18421052631578946","0.18421052631578946","0.18421052631578946","0.18421052631578946","0.18421052631578946","0.18421052631578946","0.18421052631578946","0.18421052631578946","0.18421052631578946","0.18421052631578946","0.18421052631578946","0.18421052631578946","0.18421052631578946","0.18421052631578946","0.18421052631578946","0.18421052631578946","0.18421052631578946","0.18421052631578946","0.18421052631578946","0.18421052631578946","0.18421052631578946","0.18421052631578946","0.18421052631578946","0.18421052631578946","0.18421052631578946","0.18421052631578946","0.18421052631578946","0.18421052631578946","0.18421052631578946","0.18421052631578946","0.18421052631578946","0.18421052631578946","0.18421052631578946","0.18421052631578946","0.18421052631578946","0.18421052631578946","0.18421052631578946","0.18421052631578946","0.18421052631578946","0.18421052631578946","0.18421052631578946","0.18421052631578946","0.18421052631578946","0.18421052631578946","0.18421052631578946","0.18421052631578946","0.18421052631578946","0.18421052631578946","0.18421052631578946","0.18421052631578946","0.18421052631578946","0.18421052631578946","0.18421052631578946","0.18421052631578946","0.18421052631578946","0.18421052631578946","0.18421052631578946","0.18421052631578946","0.18421052631578946","0.18421052631578946","0.18421052631578946","0.18421052631578946","0.18421052631578946","0.18421052631578946","0.18421052631578946","0.18421052631578946","0.18421052631578946","0.18421052631578946","0.18421052631578946","0.18421052631578946","0.18421052631578946","0.18421052631578946","0.18421052631578946","0.18421052631578946","0.18421052631578946","0.18421052631578946","0.18421052631578946","0.18421052631578946","0.18421052631578946","0.18421052631578946","0.18421052631578946","0.18421052631578946","0.18421052631578946","0.18421052631578946","0.18421052631578946","0.18421052631578946","0.18421052631578946","0.18421052631578946","0.18421052631578946","0.18421052631578946","0.18421052631578946","0.18421052631578946","0.18421052631578946","0.18421052631578946","0.18421052631578946","0.18421052631578946","0.18421052631578946","0.18421052631578946","0.18421052631578946","0.18421052631578946","0.18421052631578946","0.18421052631578946","0.18421052631578946","0.18421052631578946","0.18421052631578946","0.18421052631578946","0.18421052631578946","0.18421052631578946","0.18421052631578946","0.18421052631578946","0.18421052631578946","0.18421052631578946","0.18421052631578946","0.18421052631578946","0.18421052631578946","0.18421052631578946","0.18421052631578946","0.18421052631578946","0.18421052631578946","0.18421052631578946","0.18421052631578946","0.18421052631578946","0.18421052631578946","0.18421052631578946","0.18421052631578946","0.18421052631578946","0.18421052631578946","0.18421052631578946","0.18421052631578946","0.18421052631578946","0.18421052631578946","0.18421052631578946","0.18421052631578946","0.18421052631578946","0.18421052631578946","0.18421052631578946","0.18421052631578946","0.18421052631578946","0.18421052631578946","0.18421052631578946","0.18421052631578946","0.18421052631578946","0.18421052631578946","0.18421052631578946","0.18421052631578946","0.18421052631578946","0.18421052631578946","0.18421052631578946","0.18421052631578946","0.18421052631578946","0","0"
"RandooPy-TypeHintsInference","flutils.pathutils","1591027664541323634","623","605938788074","0.5461538461538461","610","14298","321","7718","0.2692307692307692","0.37911503286401377","0.4076923076923077","0.4846153846153846","0.5","0.5","0.5","0.5","0.5","0.5","0.5","0.5","0.5","0.5","0.5","0.5","0.5","0.5","0.5","0.5","0.5","0.5","0.5","0.5","0.5","0.5","0.5","0.5","0.5","0.5","0.5307692307692308","0.5307692307692308","0.5307692307692308","0.5384615384615384","0.5384615384615384","0.5384615384615384","0.5384615384615384","0.5384615384615384","0.5384615384615384","0.5384615384615384","0.5384615384615384","0.5384615384615384","0.5384615384615384","0.5384615384615384","0.5384615384615384","0.5384615384615384","0.5384615384615384","0.5384615384615384","0.5384615384615384","0.5384615384615384","0.5384615384615384","0.5384615384615384","0.5384615384615384","0.5384615384615384","0.5384615384615384","0.5384615384615384","0.5384615384615384","0.5384615384615384","0.5384615384615384","0.5384615384615384","0.5384615384615384","0.5384615384615384","0.5384615384615384","0.5384615384615384","0.5384615384615384","0.5384615384615384","0.5384615384615384","0.5384615384615384","0.5384615384615384","0.5384615384615384","0.5384615384615384","0.5384615384615384","0.5384615384615384","0.5384615384615384","0.5384615384615384","0.5384615384615384","0.5384615384615384","0.5384615384615384","0.5384615384615384","0.5384615384615384","0.5384615384615384","0.5384615384615384","0.5384615384615384","0.5384615384615384","0.5384615384615384","0.5384615384615384","0.5384615384615384","0.5384615384615384","0.5384615384615384","0.5384615384615384","0.5384615384615384","0.5384615384615384","0.5384615384615384","0.5384615384615384","0.5384615384615384","0.5384615384615384","0.5384615384615384","0.5384615384615384","0.5384615384615384","0.5384615384615384","0.5384615384615384","0.5384615384615384","0.5384615384615384","0.5384615384615384","0.5384615384615384","0.5384615384615384","0.5384615384615384","0.5384615384615384","0.5384615384615384","0.5384615384615384","0.5384615384615384","0.5384615384615384","0.5384615384615384","0.5384615384615384","0.5384615384615384","0.5384615384615384","0.5384615384615384","0.5384615384615384","0.5384615384615384","0.5384615384615384","0.5384615384615384","0.5384615384615384","0.5384615384615384","0.5384615384615384","0.5384615384615384","0.5384615384615384","0.5384615384615384","0.5384615384615384","0.5384615384615384","0.5384615384615384","0.5384615384615384","0.5384615384615384","0.5384615384615384","0.5384615384615384","0.5384615384615384","0.5384615384615384","0.5384615384615384","0.5384615384615384","0.5384615384615384","0.5384615384615384","0.5384615384615384","0.5384615384615384","0.5384615384615384","0.5384615384615384","0.5384615384615384","0.5384615384615384","0.5384615384615384","0.5384615384615384","0.5384615384615384","0.5384615384615384","0.5384615384615384","0.5384615384615384","0.5384615384615384","0.5384615384615384","0.5384615384615384","0.5384615384615384","0.5384615384615384","0.5384615384615384","0.5384615384615384","0.5384615384615384","0.5384615384615384","0.5384615384615384","0.5384615384615384","0.5384615384615384","0.5384615384615384","0.5384615384615384","0.5384615384615384","0.5384615384615384","0.5384615384615384","0.5384615384615384","0.5384615384615384","0.5384615384615384","0.5384615384615384","0.5384615384615384","0.5384615384615384","0.5384615384615384","0.5384615384615384","0.5384615384615384","0.5408055729382948","0.5461538461538461","0.5461538461538461","0.5461538461538461","0.5461538461538461","0.5461538461538461","0.5461538461538461","0.5461538461538461","0.5461538461538461","0.5461538461538461","0.5461538461538461","0.5461538461538461","0.5461538461538461","0.5461538461538461","0.5461538461538461","0.5461538461538461","0.5461538461538461","0.5461538461538461","0.5461538461538461","0.5461538461538461","0.5461538461538461","0.5461538461538461","0.5461538461538461","0.5461538461538461","0.5461538461538461","0.5461538461538461","0.5461538461538461","0.5461538461538461","0.5461538461538461","0.5461538461538461","0.5461538461538461","0.5461538461538461","0.5461538461538461","0.5461538461538461","0.5461538461538461","0.5461538461538461","0.5461538461538461","0.5461538461538461","0.5461538461538461","0.5461538461538461","0.5461538461538461","0.5461538461538461","0.5461538461538461","0.5461538461538461","0.5461538461538461","0.5461538461538461","0.5461538461538461","0.5461538461538461","0.5461538461538461","0.5461538461538461","0.5461538461538461","0.5461538461538461","0.5461538461538461","0.5461538461538461","0.5461538461538461","0.5461538461538461","0.5461538461538461","0.5461538461538461","0.5461538461538461","0.5461538461538461","0.5461538461538461","0.5461538461538461","0.5461538461538461","0.5461538461538461","0.5461538461538461","0.5461538461538461","0.5461538461538461","0.5461538461538461","0.5461538461538461","0.5461538461538461","0.5461538461538461","0.5461538461538461","0.5461538461538461","0.5461538461538461","0.5461538461538461","0.5461538461538461","0.5461538461538461","0.5461538461538461","0.5461538461538461","0.5461538461538461","0.5461538461538461","0.5461538461538461","0.5461538461538461","0.5461538461538461","0.5461538461538461","0.5461538461538461","0.5461538461538461","0.5461538461538461","0.5461538461538461","0.5461538461538461","0.5461538461538461","0.5461538461538461","0.5461538461538461","0.5461538461538461","0.5461538461538461","0.5461538461538461","0.5461538461538461","0.5461538461538461","0.5461538461538461","0.5461538461538461","0.5461538461538461","0.5461538461538461","0.5461538461538461","0.5461538461538461","0.5461538461538461","0.5461538461538461","0.5461538461538461","0.5461538461538461","0.5461538461538461","0.5461538461538461","0.5461538461538461","0.5461538461538461","0.5461538461538461","0.5461538461538461","0.5461538461538461","0.5461538461538461","0.5461538461538461","0.5461538461538461","0.5461538461538461","0.5461538461538461","0.5461538461538461","0.5461538461538461","0.5461538461538461","0.5461538461538461","0.5461538461538461","0.5461538461538461","0.5461538461538461","0.5461538461538461","0.5461538461538461","0.5461538461538461","0.5461538461538461","0.5461538461538461","0.5461538461538461","0.5461538461538461","0.5461538461538461","0.5461538461538461","0.5461538461538461","0.5461538461538461","0.5461538461538461","0.5461538461538461","0.5461538461538461","0.5461538461538461","0.5461538461538461","0.5461538461538461","0.5461538461538461","0.5461538461538461","0.5461538461538461","0.5461538461538461","0.5461538461538461","0.5461538461538461","0.5461538461538461","0.5461538461538461","0.5461538461538461","0.5461538461538461","0.5461538461538461","0.5461538461538461","0.5461538461538461","0.5461538461538461","0.5461538461538461","0.5461538461538461","0.5461538461538461","0.5461538461538461","0.5461538461538461","0.5461538461538461","0.5461538461538461","0.5461538461538461","0.5461538461538461","0.5461538461538461","0.5461538461538461","0.5461538461538461","0.5461538461538461","0.5461538461538461","0.5461538461538461","0.5461538461538461","0.5461538461538461","0.5461538461538461","0.5461538461538461","0.5461538461538461","0.5461538461538461","0.5461538461538461","0.5461538461538461","0.5461538461538461","0.5461538461538461","0.5461538461538461","0.5461538461538461","0.5461538461538461","0.5461538461538461","0.5461538461538461","0.5461538461538461","0.5461538461538461","0.5461538461538461","0.5461538461538461","0.5461538461538461","0.5461538461538461","0.5461538461538461","0.5461538461538461","0.5461538461538461","0.5461538461538461","0.5461538461538461","0.5461538461538461","0.5461538461538461","0.5461538461538461","0.5461538461538461","0.5461538461538461","0.5461538461538461","0.5461538461538461","0.5461538461538461","0.5461538461538461","0.5461538461538461","0.5461538461538461","0.5461538461538461","0.5461538461538461","0.5461538461538461","0.5461538461538461","0.5461538461538461","0.5461538461538461","0.5461538461538461","0.5461538461538461","0.5461538461538461","0.5461538461538461","0.5461538461538461","0.5461538461538461","0.5461538461538461","0.5461538461538461","0.5461538461538461","0.5461538461538461","0.5461538461538461","0.5461538461538461","0.5461538461538461","0.5461538461538461","0.5461538461538461","0.5461538461538461","0.5461538461538461","0.5461538461538461","0.5461538461538461","0.5461538461538461","0.5461538461538461","0.5461538461538461","0.5461538461538461","0.5461538461538461","0.5461538461538461","0.5461538461538461","0.5461538461538461","0.5461538461538461","0.5461538461538461","0.5461538461538461","0.5461538461538461","0.5461538461538461","0.5461538461538461","0.5461538461538461","0.5461538461538461","0.5461538461538461","0.5461538461538461","0.5461538461538461","0.5461538461538461","0.5461538461538461","0.5461538461538461","0.5461538461538461","0.5461538461538461","0.5461538461538461","0.5461538461538461","0.5461538461538461","0.5461538461538461","0.5461538461538461","0.5461538461538461","0.5461538461538461","0.5461538461538461","0.5461538461538461","0.5461538461538461","0.5461538461538461","0.5461538461538461","0.5461538461538461","0.5461538461538461","0.5461538461538461","0.5461538461538461","0.5461538461538461","0.5461538461538461","0.5461538461538461","0.5461538461538461","0.5461538461538461","0.5461538461538461","0.5461538461538461","0.5461538461538461","0.5461538461538461","0.5461538461538461","0.5461538461538461","0.5461538461538461","0.5461538461538461","0.5461538461538461","0.5461538461538461","0.5461538461538461","0.5461538461538461","0.5461538461538461","0.5461538461538461","0.5461538461538461","0.5461538461538461","0.5461538461538461","0.5461538461538461","0.5461538461538461","0.5461538461538461","0.5461538461538461","0.5461538461538461","0.5461538461538461","0.5461538461538461","0.5461538461538461","0.5461538461538461","0.5461538461538461","0.5461538461538461","0.5461538461538461","0.5461538461538461","0.5461538461538461","0.5461538461538461","0.5461538461538461","0.5461538461538461","0.5461538461538461","0.5461538461538461","0.5461538461538461","0.5461538461538461","0.5461538461538461","0.5461538461538461","0.5461538461538461","0.5461538461538461","0.5461538461538461","0.5461538461538461","0.5461538461538461","0.5461538461538461","0.5461538461538461","0.5461538461538461","0.5461538461538461","0.5461538461538461","0.5461538461538461","0.5461538461538461","0.5461538461538461","0.5461538461538461","0.5461538461538461","0.5461538461538461","0.5461538461538461","0.5461538461538461","0.5461538461538461","0.5461538461538461","0.5461538461538461","0.5461538461538461","0.5461538461538461","0.5461538461538461","0.5461538461538461","0.5461538461538461","0.5461538461538461","0.5461538461538461","0.5461538461538461","0.5461538461538461","0.5461538461538461","0.5461538461538461","0.5461538461538461","0.5461538461538461","0.5461538461538461","0.5461538461538461","0.5461538461538461","0.5461538461538461","0.5461538461538461","0.5461538461538461","0.5461538461538461","0.5461538461538461","0.5461538461538461","0.5461538461538461","0.5461538461538461","0.5461538461538461","0.5461538461538461","0.5461538461538461","0.5461538461538461","0.5461538461538461","0.5461538461538461","0.5461538461538461","0.5461538461538461","0.5461538461538461","0.5461538461538461","0.5461538461538461","0.5461538461538461","0.5461538461538461","0.5461538461538461","0.5461538461538461","0.5461538461538461","0.5461538461538461","0.5461538461538461","0.5461538461538461","0.5461538461538461","0.5461538461538461","0.5461538461538461","0.5461538461538461","0.5461538461538461","0.5461538461538461","0.5461538461538461","0.5461538461538461","0.5461538461538461","0.5461538461538461","0.5461538461538461","0.5461538461538461","0.5461538461538461","0.5461538461538461","0.5461538461538461","0.5461538461538461","0.5461538461538461","0.5461538461538461","0.5461538461538461","0.5461538461538461","0.5461538461538461","0.5461538461538461","0.5461538461538461","0.5461538461538461","0.5461538461538461","0.5461538461538461","0.5461538461538461","0.5461538461538461","0.5461538461538461","0.5461538461538461","0.5461538461538461","0.5461538461538461","0.5461538461538461","0.5461538461538461","0.5461538461538461","0.5461538461538461","0.5461538461538461","0.5461538461538461","289","6580"
"WSPy-NoTypes","flutils.txtutils","1591028639113425719","1068","600189980319","0.15789473684210525","10","153","8","147","0.13157894736842105","0.13157894736842105","0.13157894736842105","0.13157894736842105","0.13157894736842105","0.13157894736842105","0.13157894736842105","0.13157894736842105","0.13157894736842105","0.13157894736842105","0.13157894736842105","0.13157894736842105","0.15789473684210525","0.15789473684210525","0.15789473684210525","0.15789473684210525","0.15789473684210525","0.15789473684210525","0.15789473684210525","0.15789473684210525","0.15789473684210525","0.15789473684210525","0.15789473684210525","0.15789473684210525","0.15789473684210525","0.15789473684210525","0.15789473684210525","0.15789473684210525","0.15789473684210525","0.15789473684210525","0.15789473684210525","0.15789473684210525","0.15789473684210525","0.15789473684210525","0.15789473684210525","0.15789473684210525","0.15789473684210525","0.15789473684210525","0.15789473684210525","0.15789473684210525","0.15789473684210525","0.15789473684210525","0.15789473684210525","0.15789473684210525","0.15789473684210525","0.15789473684210525","0.15789473684210525","0.15789473684210525","0.15789473684210525","0.15789473684210525","0.15789473684210525","0.15789473684210525","0.15789473684210525","0.15789473684210525","0.15789473684210525","0.15789473684210525","0.15789473684210525","0.15789473684210525","0.15789473684210525","0.15789473684210525","0.15789473684210525","0.15789473684210525","0.15789473684210525","0.15789473684210525","0.15789473684210525","0.15789473684210525","0.15789473684210525","0.15789473684210525","0.15789473684210525","0.15789473684210525","0.15789473684210525","0.15789473684210525","0.15789473684210525","0.15789473684210525","0.15789473684210525","0.15789473684210525","0.15789473684210525","0.15789473684210525","0.15789473684210525","0.15789473684210525","0.15789473684210525","0.15789473684210525","0.15789473684210525","0.15789473684210525","0.15789473684210525","0.15789473684210525","0.15789473684210525","0.15789473684210525","0.15789473684210525","0.15789473684210525","0.15789473684210525","0.15789473684210525","0.15789473684210525","0.15789473684210525","0.15789473684210525","0.15789473684210525","0.15789473684210525","0.15789473684210525","0.15789473684210525","0.15789473684210525","0.15789473684210525","0.15789473684210525","0.15789473684210525","0.15789473684210525","0.15789473684210525","0.15789473684210525","0.15789473684210525","0.15789473684210525","0.15789473684210525","0.15789473684210525","0.15789473684210525","0.15789473684210525","0.15789473684210525","0.15789473684210525","0.15789473684210525","0.15789473684210525","0.15789473684210525","0.15789473684210525","0.15789473684210525","0.15789473684210525","0.15789473684210525","0.15789473684210525","0.15789473684210525","0.15789473684210525","0.15789473684210525","0.15789473684210525","0.15789473684210525","0.15789473684210525","0.15789473684210525","0.15789473684210525","0.15789473684210525","0.15789473684210525","0.15789473684210525","0.15789473684210525","0.15789473684210525","0.15789473684210525","0.15789473684210525","0.15789473684210525","0.15789473684210525","0.15789473684210525","0.15789473684210525","0.15789473684210525","0.15789473684210525","0.15789473684210525","0.15789473684210525","0.15789473684210525","0.15789473684210525","0.15789473684210525","0.15789473684210525","0.15789473684210525","0.15789473684210525","0.15789473684210525","0.15789473684210525","0.15789473684210525","0.15789473684210525","0.15789473684210525","0.15789473684210525","0.15789473684210525","0.15789473684210525","0.15789473684210525","0.15789473684210525","0.15789473684210525","0.15789473684210525","0.15789473684210525","0.15789473684210525","0.15789473684210525","0.15789473684210525","0.15789473684210525","0.15789473684210525","0.15789473684210525","0.15789473684210525","0.15789473684210525","0.15789473684210525","0.15789473684210525","0.15789473684210525","0.15789473684210525","0.15789473684210525","0.15789473684210525","0.15789473684210525","0.15789473684210525","0.15789473684210525","0.15789473684210525","0.15789473684210525","0.15789473684210525","0.15789473684210525","0.15789473684210525","0.15789473684210525","0.15789473684210525","0.15789473684210525","0.15789473684210525","0.15789473684210525","0.15789473684210525","0.15789473684210525","0.15789473684210525","0.15789473684210525","0.15789473684210525","0.15789473684210525","0.15789473684210525","0.15789473684210525","0.15789473684210525","0.15789473684210525","0.15789473684210525","0.15789473684210525","0.15789473684210525","0.15789473684210525","0.15789473684210525","0.15789473684210525","0.15789473684210525","0.15789473684210525","0.15789473684210525","0.15789473684210525","0.15789473684210525","0.15789473684210525","0.15789473684210525","0.15789473684210525","0.15789473684210525","0.15789473684210525","0.15789473684210525","0.15789473684210525","0.15789473684210525","0.15789473684210525","0.15789473684210525","0.15789473684210525","0.15789473684210525","0.15789473684210525","0.15789473684210525","0.15789473684210525","0.15789473684210525","0.15789473684210525","0.15789473684210525","0.15789473684210525","0.15789473684210525","0.15789473684210525","0.15789473684210525","0.15789473684210525","0.15789473684210525","0.15789473684210525","0.15789473684210525","0.15789473684210525","0.15789473684210525","0.15789473684210525","0.15789473684210525","0.15789473684210525","0.15789473684210525","0.15789473684210525","0.15789473684210525","0.15789473684210525","0.15789473684210525","0.15789473684210525","0.15789473684210525","0.15789473684210525","0.15789473684210525","0.15789473684210525","0.15789473684210525","0.15789473684210525","0.15789473684210525","0.15789473684210525","0.15789473684210525","0.15789473684210525","0.15789473684210525","0.15789473684210525","0.15789473684210525","0.15789473684210525","0.15789473684210525","0.15789473684210525","0.15789473684210525","0.15789473684210525","0.15789473684210525","0.15789473684210525","0.15789473684210525","0.15789473684210525","0.15789473684210525","0.15789473684210525","0.15789473684210525","0.15789473684210525","0.15789473684210525","0.15789473684210525","0.15789473684210525","0.15789473684210525","0.15789473684210525","0.15789473684210525","0.15789473684210525","0.15789473684210525","0.15789473684210525","0.15789473684210525","0.15789473684210525","0.15789473684210525","0.15789473684210525","0.15789473684210525","0.15789473684210525","0.15789473684210525","0.15789473684210525","0.15789473684210525","0.15789473684210525","0.15789473684210525","0.15789473684210525","0.15789473684210525","0.15789473684210525","0.15789473684210525","0.15789473684210525","0.15789473684210525","0.15789473684210525","0.15789473684210525","0.15789473684210525","0.15789473684210525","0.15789473684210525","0.15789473684210525","0.15789473684210525","0.15789473684210525","0.15789473684210525","0.15789473684210525","0.15789473684210525","0.15789473684210525","0.15789473684210525","0.15789473684210525","0.15789473684210525","0.15789473684210525","0.15789473684210525","0.15789473684210525","0.15789473684210525","0.15789473684210525","0.15789473684210525","0.15789473684210525","0.15789473684210525","0.15789473684210525","0.15789473684210525","0.15789473684210525","0.15789473684210525","0.15789473684210525","0.15789473684210525","0.15789473684210525","0.15789473684210525","0.15789473684210525","0.15789473684210525","0.15789473684210525","0.15789473684210525","0.15789473684210525","0.15789473684210525","0.15789473684210525","0.15789473684210525","0.15789473684210525","0.15789473684210525","0.15789473684210525","0.15789473684210525","0.15789473684210525","0.15789473684210525","0.15789473684210525","0.15789473684210525","0.15789473684210525","0.15789473684210525","0.15789473684210525","0.15789473684210525","0.15789473684210525","0.15789473684210525","0.15789473684210525","0.15789473684210525","0.15789473684210525","0.15789473684210525","0.15789473684210525","0.15789473684210525","0.15789473684210525","0.15789473684210525","0.15789473684210525","0.15789473684210525","0.15789473684210525","0.15789473684210525","0.15789473684210525","0.15789473684210525","0.15789473684210525","0.15789473684210525","0.15789473684210525","0.15789473684210525","0.15789473684210525","0.15789473684210525","0.15789473684210525","0.15789473684210525","0.15789473684210525","0.15789473684210525","0.15789473684210525","0.15789473684210525","0.15789473684210525","0.15789473684210525","0.15789473684210525","0.15789473684210525","0.15789473684210525","0.15789473684210525","0.15789473684210525","0.15789473684210525","0.15789473684210525","0.15789473684210525","0.15789473684210525","0.15789473684210525","0.15789473684210525","0.15789473684210525","0.15789473684210525","0.15789473684210525","0.15789473684210525","0.15789473684210525","0.15789473684210525","0.15789473684210525","0.15789473684210525","0.15789473684210525","0.15789473684210525","0.15789473684210525","0.15789473684210525","0.15789473684210525","0.15789473684210525","0.15789473684210525","0.15789473684210525","0.15789473684210525","0.15789473684210525","0.15789473684210525","0.15789473684210525","0.15789473684210525","0.15789473684210525","0.15789473684210525","0.15789473684210525","0.15789473684210525","0.15789473684210525","0.15789473684210525","0.15789473684210525","0.15789473684210525","0.15789473684210525","0.15789473684210525","0.15789473684210525","0.15789473684210525","0.15789473684210525","0.15789473684210525","0.15789473684210525","0.15789473684210525","0.15789473684210525","0.15789473684210525","0.15789473684210525","0.15789473684210525","0.15789473684210525","0.15789473684210525","0.15789473684210525","0.15789473684210525","0.15789473684210525","0.15789473684210525","0.15789473684210525","0.15789473684210525","0.15789473684210525","0.15789473684210525","0.15789473684210525","0.15789473684210525","0.15789473684210525","0.15789473684210525","0.15789473684210525","0.15789473684210525","0.15789473684210525","0.15789473684210525","0.15789473684210525","0.15789473684210525","0.15789473684210525","0.15789473684210525","0.15789473684210525","0.15789473684210525","0.15789473684210525","0.15789473684210525","0.15789473684210525","0.15789473684210525","0.15789473684210525","0.15789473684210525","0.15789473684210525","0.15789473684210525","0.15789473684210525","0.15789473684210525","0.15789473684210525","0.15789473684210525","0.15789473684210525","0.15789473684210525","0.15789473684210525","0.15789473684210525","0.15789473684210525","0.15789473684210525","0.15789473684210525","0.15789473684210525","0.15789473684210525","0.15789473684210525","0.15789473684210525","0.15789473684210525","0.15789473684210525","0.15789473684210525","0.15789473684210525","0.15789473684210525","0.15789473684210525","0.15789473684210525","0.15789473684210525","0.15789473684210525","0.15789473684210525","0.15789473684210525","0.15789473684210525","0.15789473684210525","0.15789473684210525","0.15789473684210525","0.15789473684210525","0.15789473684210525","0.15789473684210525","0.15789473684210525","0.15789473684210525","0.15789473684210525","0.15789473684210525","0.15789473684210525","0.15789473684210525","0.15789473684210525","0.15789473684210525","0.15789473684210525","0.15789473684210525","0.15789473684210525","0.15789473684210525","0.15789473684210525","0.15789473684210525","0.15789473684210525","0.15789473684210525","0.15789473684210525","0.15789473684210525","0.15789473684210525","0.15789473684210525","0.15789473684210525","0.15789473684210525","0.15789473684210525","0.15789473684210525","0.15789473684210525","0.15789473684210525","0.15789473684210525","0.15789473684210525","0.15789473684210525","0.15789473684210525","0.15789473684210525","0.15789473684210525","0.15789473684210525","0.15789473684210525","0.15789473684210525","0.15789473684210525","0.15789473684210525","0.15789473684210525","0.15789473684210525","0.15789473684210525","0.15789473684210525","0.15789473684210525","0.15789473684210525","0.15789473684210525","0.15789473684210525","0.15789473684210525","0.15789473684210525","0.15789473684210525","0.15789473684210525","0.15789473684210525","0.15789473684210525","0.15789473684210525","0.15789473684210525","0.15789473684210525","0.15789473684210525","0.15789473684210525","0.15789473684210525","0.15789473684210525","0.15789473684210525","0.15789473684210525","0.15789473684210525","0.15789473684210525","0.15789473684210525","0.15789473684210525","0.15789473684210525","0.15789473684210525","0.15789473684210525","0.15789473684210525","0.15789473684210525","0.15789473684210525","0.15789473684210525","0.15789473684210525","0.15789473684210525","0.15789473684210525","0.15789473684210525","0.15789473684210525","0.15789473684210525","0.15789473684210525","0.15789473684210525","0.15789473684210525","0.15789473684210525","0.15789473684210525","0.15789473684210525","0.15789473684210525","0.15789473684210525","0.15789473684210525","0.15789473684210525","0.15789473684210525","0.15789473684210525","0.15789473684210525","0.15789473684210525","0.15789473684210525","0.15789473684210525","0.15789473684210525","0.15789473684210525","0.15789473684210525","0.15789473684210525","0.15789473684210525","0.15789473684210525","0.15789473684210525","0.15789473684210525","2","6"
"RandooPy-TypeHintsInference","flutils.validators","1591027664569076644","358","608582098782","0.9130434782608695","353","10000","50","877","0.8260869565217391","0.8260869565217391","0.8260869565217391","0.8260869565217391","0.8260869565217391","0.8260869565217391","0.8260869565217391","0.8260869565217391","0.8260869565217391","0.8260869565217391","0.8260869565217391","0.8260869565217391","0.8260869565217391","0.8260869565217391","0.8260869565217391","0.8260869565217391","0.8260869565217391","0.8260869565217391","0.8260869565217391","0.8260869565217391","0.8260869565217391","0.8260869565217391","0.8260869565217391","0.8260869565217391","0.8260869565217391","0.8260869565217391","0.8260869565217391","0.8260869565217391","0.8260869565217391","0.8260869565217391","0.8260869565217391","0.8260869565217391","0.8260869565217391","0.8260869565217391","0.8260869565217391","0.8260869565217391","0.8260869565217391","0.8260869565217391","0.8260869565217391","0.8655552237757204","0.8695652173913043","0.8695652173913043","0.8695652173913043","0.8695652173913043","0.8695652173913043","0.8695652173913043","0.8695652173913043","0.8695652173913043","0.8695652173913043","0.8695652173913043","0.8695652173913043","0.8695652173913043","0.8695652173913043","0.8695652173913043","0.8695652173913043","0.8695652173913043","0.8695652173913043","0.8695652173913043","0.8695652173913043","0.8695652173913043","0.8695652173913043","0.8695652173913043","0.8695652173913043","0.8695652173913043","0.8695652173913043","0.8695652173913043","0.8695652173913043","0.8695652173913043","0.8695652173913043","0.8695652173913043","0.8695652173913043","0.8695652173913043","0.8695652173913043","0.8695652173913043","0.8695652173913043","0.8695652173913043","0.8695652173913043","0.8695652173913043","0.8695652173913043","0.8695652173913043","0.8695652173913043","0.8695652173913043","0.8695652173913043","0.8695652173913043","0.8695652173913043","0.8695652173913043","0.8695652173913043","0.8695652173913043","0.8695652173913043","0.8695652173913043","0.8695652173913043","0.8695652173913043","0.8695652173913043","0.8695652173913043","0.8695652173913043","0.8695652173913043","0.8695652173913043","0.8695652173913043","0.8695652173913043","0.8695652173913043","0.8695652173913043","0.8695652173913043","0.8695652173913043","0.8695652173913043","0.8695652173913043","0.8695652173913043","0.8695652173913043","0.8695652173913043","0.8695652173913043","0.8695652173913043","0.8695652173913043","0.8695652173913043","0.8695652173913043","0.8695652173913043","0.8695652173913043","0.8695652173913043","0.8695652173913043","0.8695652173913043","0.8695652173913043","0.8695652173913043","0.8695652173913043","0.8695652173913043","0.8695652173913043","0.8695652173913043","0.8695652173913043","0.8695652173913043","0.8695652173913043","0.8695652173913043","0.8695652173913043","0.8695652173913043","0.8695652173913043","0.8695652173913043","0.8695652173913043","0.8695652173913043","0.8695652173913043","0.8695652173913043","0.8695652173913043","0.8695652173913043","0.8695652173913043","0.8695652173913043","0.8695652173913043","0.8695652173913043","0.8695652173913043","0.8695652173913043","0.8695652173913043","0.8695652173913043","0.8695652173913043","0.8695652173913043","0.8695652173913043","0.8695652173913043","0.8695652173913043","0.8695652173913043","0.8695652173913043","0.8695652173913043","0.8695652173913043","0.8695652173913043","0.8695652173913043","0.8695652173913043","0.8695652173913043","0.8695652173913043","0.8695652173913043","0.8695652173913043","0.8695652173913043","0.8695652173913043","0.8695652173913043","0.8695652173913043","0.8695652173913043","0.8792626346942929","0.902265552117666","0.9130434782608695","0.9130434782608695","0.9130434782608695","0.9130434782608695","0.9130434782608695","0.9130434782608695","0.9130434782608695","0.9130434782608695","0.9130434782608695","0.9130434782608695","0.9130434782608695","0.9130434782608695","0.9130434782608695","0.9130434782608695","0.9130434782608695","0.9130434782608695","0.9130434782608695","0.9130434782608695","0.9130434782608695","0.9130434782608695","0.9130434782608695","0.9130434782608695","0.9130434782608695","0.9130434782608695","0.9130434782608695","0.9130434782608695","0.9130434782608695","0.9130434782608695","0.9130434782608695","0.9130434782608695","0.9130434782608695","0.9130434782608695","0.9130434782608695","0.9130434782608695","0.9130434782608695","0.9130434782608695","0.9130434782608695","0.9130434782608695","0.9130434782608695","0.9130434782608695","0.9130434782608695","0.9130434782608695","0.9130434782608695","0.9130434782608695","0.9130434782608695","0.9130434782608695","0.9130434782608695","0.9130434782608695","0.9130434782608695","0.9130434782608695","0.9130434782608695","0.9130434782608695","0.9130434782608695","0.9130434782608695","0.9130434782608695","0.9130434782608695","0.9130434782608695","0.9130434782608695","0.9130434782608695","0.9130434782608695","0.9130434782608695","0.9130434782608695","0.9130434782608695","0.9130434782608695","0.9130434782608695","0.9130434782608695","0.9130434782608695","0.9130434782608695","0.9130434782608695","0.9130434782608695","0.9130434782608695","0.9130434782608695","0.9130434782608695","0.9130434782608695","0.9130434782608695","0.9130434782608695","0.9130434782608695","0.9130434782608695","0.9130434782608695","0.9130434782608695","0.9130434782608695","0.9130434782608695","0.9130434782608695","0.9130434782608695","0.9130434782608695","0.9130434782608695","0.9130434782608695","0.9130434782608695","0.9130434782608695","0.9130434782608695","0.9130434782608695","0.9130434782608695","0.9130434782608695","0.9130434782608695","0.9130434782608695","0.9130434782608695","0.9130434782608695","0.9130434782608695","0.9130434782608695","0.9130434782608695","0.9130434782608695","0.9130434782608695","0.9130434782608695","0.9130434782608695","0.9130434782608695","0.9130434782608695","0.9130434782608695","0.9130434782608695","0.9130434782608695","0.9130434782608695","0.9130434782608695","0.9130434782608695","0.9130434782608695","0.9130434782608695","0.9130434782608695","0.9130434782608695","0.9130434782608695","0.9130434782608695","0.9130434782608695","0.9130434782608695","0.9130434782608695","0.9130434782608695","0.9130434782608695","0.9130434782608695","0.9130434782608695","0.9130434782608695","0.9130434782608695","0.9130434782608695","0.9130434782608695","0.9130434782608695","0.9130434782608695","0.9130434782608695","0.9130434782608695","0.9130434782608695","0.9130434782608695","0.9130434782608695","0.9130434782608695","0.9130434782608695","0.9130434782608695","0.9130434782608695","0.9130434782608695","0.9130434782608695","0.9130434782608695","0.9130434782608695","0.9130434782608695","0.9130434782608695","0.9130434782608695","0.9130434782608695","0.9130434782608695","0.9130434782608695","0.9130434782608695","0.9130434782608695","0.9130434782608695","0.9130434782608695","0.9130434782608695","0.9130434782608695","0.9130434782608695","0.9130434782608695","0.9130434782608695","0.9130434782608695","0.9130434782608695","0.9130434782608695","0.9130434782608695","0.9130434782608695","0.9130434782608695","0.9130434782608695","0.9130434782608695","0.9130434782608695","0.9130434782608695","0.9130434782608695","0.9130434782608695","0.9130434782608695","0.9130434782608695","0.9130434782608695","0.9130434782608695","0.9130434782608695","0.9130434782608695","0.9130434782608695","0.9130434782608695","0.9130434782608695","0.9130434782608695","0.9130434782608695","0.9130434782608695","0.9130434782608695","0.9130434782608695","0.9130434782608695","0.9130434782608695","0.9130434782608695","0.9130434782608695","0.9130434782608695","0.9130434782608695","0.9130434782608695","0.9130434782608695","0.9130434782608695","0.9130434782608695","0.9130434782608695","0.9130434782608695","0.9130434782608695","0.9130434782608695","0.9130434782608695","0.9130434782608695","0.9130434782608695","0.9130434782608695","0.9130434782608695","0.9130434782608695","0.9130434782608695","0.9130434782608695","0.9130434782608695","0.9130434782608695","0.9130434782608695","0.9130434782608695","0.9130434782608695","0.9130434782608695","0.9130434782608695","0.9130434782608695","0.9130434782608695","0.9130434782608695","0.9130434782608695","0.9130434782608695","0.9130434782608695","0.9130434782608695","0.9130434782608695","0.9130434782608695","0.9130434782608695","0.9130434782608695","0.9130434782608695","0.9130434782608695","0.9130434782608695","0.9130434782608695","0.9130434782608695","0.9130434782608695","0.9130434782608695","0.9130434782608695","0.9130434782608695","0.9130434782608695","0.9130434782608695","0.9130434782608695","0.9130434782608695","0.9130434782608695","0.9130434782608695","0.9130434782608695","0.9130434782608695","0.9130434782608695","0.9130434782608695","0.9130434782608695","0.9130434782608695","0.9130434782608695","0.9130434782608695","0.9130434782608695","0.9130434782608695","0.9130434782608695","0.9130434782608695","0.9130434782608695","0.9130434782608695","0.9130434782608695","0.9130434782608695","0.9130434782608695","0.9130434782608695","0.9130434782608695","0.9130434782608695","0.9130434782608695","0.9130434782608695","0.9130434782608695","0.9130434782608695","0.9130434782608695","0.9130434782608695","0.9130434782608695","0.9130434782608695","0.9130434782608695","0.9130434782608695","0.9130434782608695","0.9130434782608695","0.9130434782608695","0.9130434782608695","0.9130434782608695","0.9130434782608695","0.9130434782608695","0.9130434782608695","0.9130434782608695","0.9130434782608695","0.9130434782608695","0.9130434782608695","0.9130434782608695","0.9130434782608695","0.9130434782608695","0.9130434782608695","0.9130434782608695","0.9130434782608695","0.9130434782608695","0.9130434782608695","0.9130434782608695","0.9130434782608695","0.9130434782608695","0.9130434782608695","0.9130434782608695","0.9130434782608695","0.9130434782608695","0.9130434782608695","0.9130434782608695","0.9130434782608695","0.9130434782608695","0.9130434782608695","0.9130434782608695","0.9130434782608695","0.9130434782608695","0.9130434782608695","0.9130434782608695","0.9130434782608695","0.9130434782608695","0.9130434782608695","0.9130434782608695","0.9130434782608695","0.9130434782608695","0.9130434782608695","0.9130434782608695","0.9130434782608695","0.9130434782608695","0.9130434782608695","0.9130434782608695","0.9130434782608695","0.9130434782608695","0.9130434782608695","0.9130434782608695","0.9130434782608695","0.9130434782608695","0.9130434782608695","0.9130434782608695","0.9130434782608695","0.9130434782608695","0.9130434782608695","0.9130434782608695","0.9130434782608695","0.9130434782608695","0.9130434782608695","0.9130434782608695","0.9130434782608695","0.9130434782608695","0.9130434782608695","0.9130434782608695","0.9130434782608695","0.9130434782608695","0.9130434782608695","0.9130434782608695","0.9130434782608695","0.9130434782608695","0.9130434782608695","0.9130434782608695","0.9130434782608695","0.9130434782608695","0.9130434782608695","0.9130434782608695","0.9130434782608695","0.9130434782608695","0.9130434782608695","0.9130434782608695","0.9130434782608695","0.9130434782608695","0.9130434782608695","0.9130434782608695","0.9130434782608695","0.9130434782608695","0.9130434782608695","0.9130434782608695","0.9130434782608695","0.9130434782608695","0.9130434782608695","0.9130434782608695","0.9130434782608695","0.9130434782608695","0.9130434782608695","0.9130434782608695","0.9130434782608695","0.9130434782608695","0.9130434782608695","0.9130434782608695","0.9130434782608695","0.9130434782608695","0.9130434782608695","0.9130434782608695","0.9130434782608695","0.9130434782608695","0.9130434782608695","0.9130434782608695","0.9130434782608695","0.9130434782608695","0.9130434782608695","0.9130434782608695","0.9130434782608695","0.9130434782608695","0.9130434782608695","0.9130434782608695","0.9130434782608695","0.9130434782608695","0.9130434782608695","0.9130434782608695","0.9130434782608695","0.9130434782608695","0.9130434782608695","0.9130434782608695","0.9130434782608695","0.9130434782608695","0.9130434782608695","0.9130434782608695","0.9130434782608695","0.9130434782608695","0.9130434782608695","0.9130434782608695","0.9130434782608695","0.9130434782608695","0.9130434782608695","0.9130434782608695","0.9130434782608695","0.9130434782608695","0.9130434782608695","0.9130434782608695","0.9130434782608695","0.9130434782608695","0.9130434782608695","0.9130434782608695","0.9130434782608695","0.9130434782608695","0.9130434782608695","0.9130434782608695","0.9130434782608695","0.9130434782608695","0.9130434782608695","0.9130434782608695","0.9130434782608695","0.9130434782608695","0.9130434782608695","0.9130434782608695","303","9123"
"WSPy-NoTypes","flutils.objutils","1591028626421136158","1708","600173662590","0.48484848484848486","9","136","0","0","0.48484848484848486","0.48484848484848486","0.48484848484848486","0.48484848484848486","0.48484848484848486","0.48484848484848486","0.48484848484848486","0.48484848484848486","0.48484848484848486","0.48484848484848486","0.48484848484848486","0.48484848484848486","0.48484848484848486","0.48484848484848486","0.48484848484848486","0.48484848484848486","0.48484848484848486","0.48484848484848486","0.48484848484848486","0.48484848484848486","0.48484848484848486","0.48484848484848486","0.48484848484848486","0.48484848484848486","0.48484848484848486","0.48484848484848486","0.48484848484848486","0.48484848484848486","0.48484848484848486","0.48484848484848486","0.48484848484848486","0.48484848484848486","0.48484848484848486","0.48484848484848486","0.48484848484848486","0.48484848484848486","0.48484848484848486","0.48484848484848486","0.48484848484848486","0.48484848484848486","0.48484848484848486","0.48484848484848486","0.48484848484848486","0.48484848484848486","0.48484848484848486","0.48484848484848486","0.48484848484848486","0.48484848484848486","0.48484848484848486","0.48484848484848486","0.48484848484848486","0.48484848484848486","0.48484848484848486","0.48484848484848486","0.48484848484848486","0.48484848484848486","0.48484848484848486","0.48484848484848486","0.48484848484848486","0.48484848484848486","0.48484848484848486","0.48484848484848486","0.48484848484848486","0.48484848484848486","0.48484848484848486","0.48484848484848486","0.48484848484848486","0.48484848484848486","0.48484848484848486","0.48484848484848486","0.48484848484848486","0.48484848484848486","0.48484848484848486","0.48484848484848486","0.48484848484848486","0.48484848484848486","0.48484848484848486","0.48484848484848486","0.48484848484848486","0.48484848484848486","0.48484848484848486","0.48484848484848486","0.48484848484848486","0.48484848484848486","0.48484848484848486","0.48484848484848486","0.48484848484848486","0.48484848484848486","0.48484848484848486","0.48484848484848486","0.48484848484848486","0.48484848484848486","0.48484848484848486","0.48484848484848486","0.48484848484848486","0.48484848484848486","0.48484848484848486","0.48484848484848486","0.48484848484848486","0.48484848484848486","0.48484848484848486","0.48484848484848486","0.48484848484848486","0.48484848484848486","0.48484848484848486","0.48484848484848486","0.48484848484848486","0.48484848484848486","0.48484848484848486","0.48484848484848486","0.48484848484848486","0.48484848484848486","0.48484848484848486","0.48484848484848486","0.48484848484848486","0.48484848484848486","0.48484848484848486","0.48484848484848486","0.48484848484848486","0.48484848484848486","0.48484848484848486","0.48484848484848486","0.48484848484848486","0.48484848484848486","0.48484848484848486","0.48484848484848486","0.48484848484848486","0.48484848484848486","0.48484848484848486","0.48484848484848486","0.48484848484848486","0.48484848484848486","0.48484848484848486","0.48484848484848486","0.48484848484848486","0.48484848484848486","0.48484848484848486","0.48484848484848486","0.48484848484848486","0.48484848484848486","0.48484848484848486","0.48484848484848486","0.48484848484848486","0.48484848484848486","0.48484848484848486","0.48484848484848486","0.48484848484848486","0.48484848484848486","0.48484848484848486","0.48484848484848486","0.48484848484848486","0.48484848484848486","0.48484848484848486","0.48484848484848486","0.48484848484848486","0.48484848484848486","0.48484848484848486","0.48484848484848486","0.48484848484848486","0.48484848484848486","0.48484848484848486","0.48484848484848486","0.48484848484848486","0.48484848484848486","0.48484848484848486","0.48484848484848486","0.48484848484848486","0.48484848484848486","0.48484848484848486","0.48484848484848486","0.48484848484848486","0.48484848484848486","0.48484848484848486","0.48484848484848486","0.48484848484848486","0.48484848484848486","0.48484848484848486","0.48484848484848486","0.48484848484848486","0.48484848484848486","0.48484848484848486","0.48484848484848486","0.48484848484848486","0.48484848484848486","0.48484848484848486","0.48484848484848486","0.48484848484848486","0.48484848484848486","0.48484848484848486","0.48484848484848486","0.48484848484848486","0.48484848484848486","0.48484848484848486","0.48484848484848486","0.48484848484848486","0.48484848484848486","0.48484848484848486","0.48484848484848486","0.48484848484848486","0.48484848484848486","0.48484848484848486","0.48484848484848486","0.48484848484848486","0.48484848484848486","0.48484848484848486","0.48484848484848486","0.48484848484848486","0.48484848484848486","0.48484848484848486","0.48484848484848486","0.48484848484848486","0.48484848484848486","0.48484848484848486","0.48484848484848486","0.48484848484848486","0.48484848484848486","0.48484848484848486","0.48484848484848486","0.48484848484848486","0.48484848484848486","0.48484848484848486","0.48484848484848486","0.48484848484848486","0.48484848484848486","0.48484848484848486","0.48484848484848486","0.48484848484848486","0.48484848484848486","0.48484848484848486","0.48484848484848486","0.48484848484848486","0.48484848484848486","0.48484848484848486","0.48484848484848486","0.48484848484848486","0.48484848484848486","0.48484848484848486","0.48484848484848486","0.48484848484848486","0.48484848484848486","0.48484848484848486","0.48484848484848486","0.48484848484848486","0.48484848484848486","0.48484848484848486","0.48484848484848486","0.48484848484848486","0.48484848484848486","0.48484848484848486","0.48484848484848486","0.48484848484848486","0.48484848484848486","0.48484848484848486","0.48484848484848486","0.48484848484848486","0.48484848484848486","0.48484848484848486","0.48484848484848486","0.48484848484848486","0.48484848484848486","0.48484848484848486","0.48484848484848486","0.48484848484848486","0.48484848484848486","0.48484848484848486","0.48484848484848486","0.48484848484848486","0.48484848484848486","0.48484848484848486","0.48484848484848486","0.48484848484848486","0.48484848484848486","0.48484848484848486","0.48484848484848486","0.48484848484848486","0.48484848484848486","0.48484848484848486","0.48484848484848486","0.48484848484848486","0.48484848484848486","0.48484848484848486","0.48484848484848486","0.48484848484848486","0.48484848484848486","0.48484848484848486","0.48484848484848486","0.48484848484848486","0.48484848484848486","0.48484848484848486","0.48484848484848486","0.48484848484848486","0.48484848484848486","0.48484848484848486","0.48484848484848486","0.48484848484848486","0.48484848484848486","0.48484848484848486","0.48484848484848486","0.48484848484848486","0.48484848484848486","0.48484848484848486","0.48484848484848486","0.48484848484848486","0.48484848484848486","0.48484848484848486","0.48484848484848486","0.48484848484848486","0.48484848484848486","0.48484848484848486","0.48484848484848486","0.48484848484848486","0.48484848484848486","0.48484848484848486","0.48484848484848486","0.48484848484848486","0.48484848484848486","0.48484848484848486","0.48484848484848486","0.48484848484848486","0.48484848484848486","0.48484848484848486","0.48484848484848486","0.48484848484848486","0.48484848484848486","0.48484848484848486","0.48484848484848486","0.48484848484848486","0.48484848484848486","0.48484848484848486","0.48484848484848486","0.48484848484848486","0.48484848484848486","0.48484848484848486","0.48484848484848486","0.48484848484848486","0.48484848484848486","0.48484848484848486","0.48484848484848486","0.48484848484848486","0.48484848484848486","0.48484848484848486","0.48484848484848486","0.48484848484848486","0.48484848484848486","0.48484848484848486","0.48484848484848486","0.48484848484848486","0.48484848484848486","0.48484848484848486","0.48484848484848486","0.48484848484848486","0.48484848484848486","0.48484848484848486","0.48484848484848486","0.48484848484848486","0.48484848484848486","0.48484848484848486","0.48484848484848486","0.48484848484848486","0.48484848484848486","0.48484848484848486","0.48484848484848486","0.48484848484848486","0.48484848484848486","0.48484848484848486","0.48484848484848486","0.48484848484848486","0.48484848484848486","0.48484848484848486","0.48484848484848486","0.48484848484848486","0.48484848484848486","0.48484848484848486","0.48484848484848486","0.48484848484848486","0.48484848484848486","0.48484848484848486","0.48484848484848486","0.48484848484848486","0.48484848484848486","0.48484848484848486","0.48484848484848486","0.48484848484848486","0.48484848484848486","0.48484848484848486","0.48484848484848486","0.48484848484848486","0.48484848484848486","0.48484848484848486","0.48484848484848486","0.48484848484848486","0.48484848484848486","0.48484848484848486","0.48484848484848486","0.48484848484848486","0.48484848484848486","0.48484848484848486","0.48484848484848486","0.48484848484848486","0.48484848484848486","0.48484848484848486","0.48484848484848486","0.48484848484848486","0.48484848484848486","0.48484848484848486","0.48484848484848486","0.48484848484848486","0.48484848484848486","0.48484848484848486","0.48484848484848486","0.48484848484848486","0.48484848484848486","0.48484848484848486","0.48484848484848486","0.48484848484848486","0.48484848484848486","0.48484848484848486","0.48484848484848486","0.48484848484848486","0.48484848484848486","0.48484848484848486","0.48484848484848486","0.48484848484848486","0.48484848484848486","0.48484848484848486","0.48484848484848486","0.48484848484848486","0.48484848484848486","0.48484848484848486","0.48484848484848486","0.48484848484848486","0.48484848484848486","0.48484848484848486","0.48484848484848486","0.48484848484848486","0.48484848484848486","0.48484848484848486","0.48484848484848486","0.48484848484848486","0.48484848484848486","0.48484848484848486","0.48484848484848486","0.48484848484848486","0.48484848484848486","0.48484848484848486","0.48484848484848486","0.48484848484848486","0.48484848484848486","0.48484848484848486","0.48484848484848486","0.48484848484848486","0.48484848484848486","0.48484848484848486","0.48484848484848486","0.48484848484848486","0.48484848484848486","0.48484848484848486","0.48484848484848486","0.48484848484848486","0.48484848484848486","0.48484848484848486","0.48484848484848486","0.48484848484848486","0.48484848484848486","0.48484848484848486","0.48484848484848486","0.48484848484848486","0.48484848484848486","0.48484848484848486","0.48484848484848486","0.48484848484848486","0.48484848484848486","0.48484848484848486","0.48484848484848486","0.48484848484848486","0.48484848484848486","0.48484848484848486","0.48484848484848486","0.48484848484848486","0.48484848484848486","0.48484848484848486","0.48484848484848486","0.48484848484848486","0.48484848484848486","0.48484848484848486","0.48484848484848486","0.48484848484848486","0.48484848484848486","0.48484848484848486","0.48484848484848486","0.48484848484848486","0.48484848484848486","0.48484848484848486","0.48484848484848486","0.48484848484848486","0.48484848484848486","0.48484848484848486","0.48484848484848486","0.48484848484848486","0.48484848484848486","0.48484848484848486","0.48484848484848486","0.48484848484848486","0.48484848484848486","0.48484848484848486","0.48484848484848486","0.48484848484848486","0.48484848484848486","0.48484848484848486","0.48484848484848486","0.48484848484848486","0.48484848484848486","0.48484848484848486","0.48484848484848486","0.48484848484848486","0.48484848484848486","0.48484848484848486","0.48484848484848486","0.48484848484848486","0.48484848484848486","0.48484848484848486","0.48484848484848486","0.48484848484848486","0.48484848484848486","0.48484848484848486","0.48484848484848486","0.48484848484848486","0.48484848484848486","0.48484848484848486","0.48484848484848486","0.48484848484848486","0.48484848484848486","0.48484848484848486","0.48484848484848486","0.48484848484848486","0.48484848484848486","0.48484848484848486","0.48484848484848486","0.48484848484848486","0.48484848484848486","0.48484848484848486","0.48484848484848486","0.48484848484848486","0.48484848484848486","0.48484848484848486","0.48484848484848486","0.48484848484848486","0.48484848484848486","0.48484848484848486","0.48484848484848486","0.48484848484848486","0.48484848484848486","0.48484848484848486","0.48484848484848486","0.48484848484848486","0.48484848484848486","0.48484848484848486","0.48484848484848486","0.48484848484848486","0.48484848484848486","0.48484848484848486","0.48484848484848486","0.48484848484848486","0.48484848484848486","0.48484848484848486","0.48484848484848486","0.48484848484848486","0.48484848484848486","0.48484848484848486","0.48484848484848486","0.48484848484848486","0.48484848484848486","0.48484848484848486","0.48484848484848486","0.48484848484848486","0.48484848484848486","0.48484848484848486","0.48484848484848486","0.48484848484848486","0.48484848484848486","0.48484848484848486","0.48484848484848486","0.48484848484848486","0.48484848484848486","0.48484848484848486","0.48484848484848486","0.48484848484848486","0.48484848484848486","0.48484848484848486","0.48484848484848486","0.48484848484848486","0.48484848484848486","0.48484848484848486","0.48484848484848486","0.48484848484848486","0.48484848484848486","0.48484848484848486","0.48484848484848486","0.48484848484848486","0.48484848484848486","9","136"
"RandooPy-NoTypes","flutils.codecs.b64","1591028131389519479","476","610023795162","0.5384615384615384","454","12823","300","8242","0.5384615384615384","0.5384615384615384","0.5384615384615384","0.5384615384615384","0.5384615384615384","0.5384615384615384","0.5384615384615384","0.5384615384615384","0.5384615384615384","0.5384615384615384","0.5384615384615384","0.5384615384615384","0.5384615384615384","0.5384615384615384","0.5384615384615384","0.5384615384615384","0.5384615384615384","0.5384615384615384","0.5384615384615384","0.5384615384615384","0.5384615384615384","0.5384615384615384","0.5384615384615384","0.5384615384615384","0.5384615384615384","0.5384615384615384","0.5384615384615384","0.5384615384615384","0.5384615384615384","0.5384615384615384","0.5384615384615384","0.5384615384615384","0.5384615384615384","0.5384615384615384","0.5384615384615384","0.5384615384615384","0.5384615384615384","0.5384615384615384","0.5384615384615384","0.5384615384615384","0.5384615384615384","0.5384615384615384","0.5384615384615384","0.5384615384615384","0.5384615384615384","0.5384615384615384","0.5384615384615384","0.5384615384615384","0.5384615384615384","0.5384615384615384","0.5384615384615384","0.5384615384615384","0.5384615384615384","0.5384615384615384","0.5384615384615384","0.5384615384615384","0.5384615384615384","0.5384615384615384","0.5384615384615384","0.5384615384615384","0.5384615384615384","0.5384615384615384","0.5384615384615384","0.5384615384615384","0.5384615384615384","0.5384615384615384","0.5384615384615384","0.5384615384615384","0.5384615384615384","0.5384615384615384","0.5384615384615384","0.5384615384615384","0.5384615384615384","0.5384615384615384","0.5384615384615384","0.5384615384615384","0.5384615384615384","0.5384615384615384","0.5384615384615384","0.5384615384615384","0.5384615384615384","0.5384615384615384","0.5384615384615384","0.5384615384615384","0.5384615384615384","0.5384615384615384","0.5384615384615384","0.5384615384615384","0.5384615384615384","0.5384615384615384","0.5384615384615384","0.5384615384615384","0.5384615384615384","0.5384615384615384","0.5384615384615384","0.5384615384615384","0.5384615384615384","0.5384615384615384","0.5384615384615384","0.5384615384615384","0.5384615384615384","0.5384615384615384","0.5384615384615384","0.5384615384615384","0.5384615384615384","0.5384615384615384","0.5384615384615384","0.5384615384615384","0.5384615384615384","0.5384615384615384","0.5384615384615384","0.5384615384615384","0.5384615384615384","0.5384615384615384","0.5384615384615384","0.5384615384615384","0.5384615384615384","0.5384615384615384","0.5384615384615384","0.5384615384615384","0.5384615384615384","0.5384615384615384","0.5384615384615384","0.5384615384615384","0.5384615384615384","0.5384615384615384","0.5384615384615384","0.5384615384615384","0.5384615384615384","0.5384615384615384","0.5384615384615384","0.5384615384615384","0.5384615384615384","0.5384615384615384","0.5384615384615384","0.5384615384615384","0.5384615384615384","0.5384615384615384","0.5384615384615384","0.5384615384615384","0.5384615384615384","0.5384615384615384","0.5384615384615384","0.5384615384615384","0.5384615384615384","0.5384615384615384","0.5384615384615384","0.5384615384615384","0.5384615384615384","0.5384615384615384","0.5384615384615384","0.5384615384615384","0.5384615384615384","0.5384615384615384","0.5384615384615384","0.5384615384615384","0.5384615384615384","0.5384615384615384","0.5384615384615384","0.5384615384615384","0.5384615384615384","0.5384615384615384","0.5384615384615384","0.5384615384615384","0.5384615384615384","0.5384615384615384","0.5384615384615384","0.5384615384615384","0.5384615384615384","0.5384615384615384","0.5384615384615384","0.5384615384615384","0.5384615384615384","0.5384615384615384","0.5384615384615384","0.5384615384615384","0.5384615384615384","0.5384615384615384","0.5384615384615384","0.5384615384615384","0.5384615384615384","0.5384615384615384","0.5384615384615384","0.5384615384615384","0.5384615384615384","0.5384615384615384","0.5384615384615384","0.5384615384615384","0.5384615384615384","0.5384615384615384","0.5384615384615384","0.5384615384615384","0.5384615384615384","0.5384615384615384","0.5384615384615384","0.5384615384615384","0.5384615384615384","0.5384615384615384","0.5384615384615384","0.5384615384615384","0.5384615384615384","0.5384615384615384","0.5384615384615384","0.5384615384615384","0.5384615384615384","0.5384615384615384","0.5384615384615384","0.5384615384615384","0.5384615384615384","0.5384615384615384","0.5384615384615384","0.5384615384615384","0.5384615384615384","0.5384615384615384","0.5384615384615384","0.5384615384615384","0.5384615384615384","0.5384615384615384","0.5384615384615384","0.5384615384615384","0.5384615384615384","0.5384615384615384","0.5384615384615384","0.5384615384615384","0.5384615384615384","0.5384615384615384","0.5384615384615384","0.5384615384615384","0.5384615384615384","0.5384615384615384","0.5384615384615384","0.5384615384615384","0.5384615384615384","0.5384615384615384","0.5384615384615384","0.5384615384615384","0.5384615384615384","0.5384615384615384","0.5384615384615384","0.5384615384615384","0.5384615384615384","0.5384615384615384","0.5384615384615384","0.5384615384615384","0.5384615384615384","0.5384615384615384","0.5384615384615384","0.5384615384615384","0.5384615384615384","0.5384615384615384","0.5384615384615384","0.5384615384615384","0.5384615384615384","0.5384615384615384","0.5384615384615384","0.5384615384615384","0.5384615384615384","0.5384615384615384","0.5384615384615384","0.5384615384615384","0.5384615384615384","0.5384615384615384","0.5384615384615384","0.5384615384615384","0.5384615384615384","0.5384615384615384","0.5384615384615384","0.5384615384615384","0.5384615384615384","0.5384615384615384","0.5384615384615384","0.5384615384615384","0.5384615384615384","0.5384615384615384","0.5384615384615384","0.5384615384615384","0.5384615384615384","0.5384615384615384","0.5384615384615384","0.5384615384615384","0.5384615384615384","0.5384615384615384","0.5384615384615384","0.5384615384615384","0.5384615384615384","0.5384615384615384","0.5384615384615384","0.5384615384615384","0.5384615384615384","0.5384615384615384","0.5384615384615384","0.5384615384615384","0.5384615384615384","0.5384615384615384","0.5384615384615384","0.5384615384615384","0.5384615384615384","0.5384615384615384","0.5384615384615384","0.5384615384615384","0.5384615384615384","0.5384615384615384","0.5384615384615384","0.5384615384615384","0.5384615384615384","0.5384615384615384","0.5384615384615384","0.5384615384615384","0.5384615384615384","0.5384615384615384","0.5384615384615384","0.5384615384615384","0.5384615384615384","0.5384615384615384","0.5384615384615384","0.5384615384615384","0.5384615384615384","0.5384615384615384","0.5384615384615384","0.5384615384615384","0.5384615384615384","0.5384615384615384","0.5384615384615384","0.5384615384615384","0.5384615384615384","0.5384615384615384","0.5384615384615384","0.5384615384615384","0.5384615384615384","0.5384615384615384","0.5384615384615384","0.5384615384615384","0.5384615384615384","0.5384615384615384","0.5384615384615384","0.5384615384615384","0.5384615384615384","0.5384615384615384","0.5384615384615384","0.5384615384615384","0.5384615384615384","0.5384615384615384","0.5384615384615384","0.5384615384615384","0.5384615384615384","0.5384615384615384","0.5384615384615384","0.5384615384615384","0.5384615384615384","0.5384615384615384","0.5384615384615384","0.5384615384615384","0.5384615384615384","0.5384615384615384","0.5384615384615384","0.5384615384615384","0.5384615384615384","0.5384615384615384","0.5384615384615384","0.5384615384615384","0.5384615384615384","0.5384615384615384","0.5384615384615384","0.5384615384615384","0.5384615384615384","0.5384615384615384","0.5384615384615384","0.5384615384615384","0.5384615384615384","0.5384615384615384","0.5384615384615384","0.5384615384615384","0.5384615384615384","0.5384615384615384","0.5384615384615384","0.5384615384615384","0.5384615384615384","0.5384615384615384","0.5384615384615384","0.5384615384615384","0.5384615384615384","0.5384615384615384","0.5384615384615384","0.5384615384615384","0.5384615384615384","0.5384615384615384","0.5384615384615384","0.5384615384615384","0.5384615384615384","0.5384615384615384","0.5384615384615384","0.5384615384615384","0.5384615384615384","0.5384615384615384","0.5384615384615384","0.5384615384615384","0.5384615384615384","0.5384615384615384","0.5384615384615384","0.5384615384615384","0.5384615384615384","0.5384615384615384","0.5384615384615384","0.5384615384615384","0.5384615384615384","0.5384615384615384","0.5384615384615384","0.5384615384615384","0.5384615384615384","0.5384615384615384","0.5384615384615384","0.5384615384615384","0.5384615384615384","0.5384615384615384","0.5384615384615384","0.5384615384615384","0.5384615384615384","0.5384615384615384","0.5384615384615384","0.5384615384615384","0.5384615384615384","0.5384615384615384","0.5384615384615384","0.5384615384615384","0.5384615384615384","0.5384615384615384","0.5384615384615384","0.5384615384615384","0.5384615384615384","0.5384615384615384","0.5384615384615384","0.5384615384615384","0.5384615384615384","0.5384615384615384","0.5384615384615384","0.5384615384615384","0.5384615384615384","0.5384615384615384","0.5384615384615384","0.5384615384615384","0.5384615384615384","0.5384615384615384","0.5384615384615384","0.5384615384615384","0.5384615384615384","0.5384615384615384","0.5384615384615384","0.5384615384615384","0.5384615384615384","0.5384615384615384","0.5384615384615384","0.5384615384615384","0.5384615384615384","0.5384615384615384","0.5384615384615384","0.5384615384615384","0.5384615384615384","0.5384615384615384","0.5384615384615384","0.5384615384615384","0.5384615384615384","0.5384615384615384","0.5384615384615384","0.5384615384615384","0.5384615384615384","0.5384615384615384","0.5384615384615384","0.5384615384615384","0.5384615384615384","0.5384615384615384","0.5384615384615384","0.5384615384615384","0.5384615384615384","0.5384615384615384","0.5384615384615384","0.5384615384615384","0.5384615384615384","0.5384615384615384","0.5384615384615384","0.5384615384615384","0.5384615384615384","0.5384615384615384","0.5384615384615384","0.5384615384615384","0.5384615384615384","0.5384615384615384","0.5384615384615384","0.5384615384615384","0.5384615384615384","0.5384615384615384","0.5384615384615384","0.5384615384615384","0.5384615384615384","0.5384615384615384","0.5384615384615384","0.5384615384615384","0.5384615384615384","0.5384615384615384","0.5384615384615384","0.5384615384615384","0.5384615384615384","0.5384615384615384","0.5384615384615384","0.5384615384615384","0.5384615384615384","0.5384615384615384","0.5384615384615384","0.5384615384615384","0.5384615384615384","0.5384615384615384","0.5384615384615384","0.5384615384615384","0.5384615384615384","0.5384615384615384","0.5384615384615384","0.5384615384615384","0.5384615384615384","0.5384615384615384","0.5384615384615384","0.5384615384615384","0.5384615384615384","0.5384615384615384","0.5384615384615384","0.5384615384615384","0.5384615384615384","0.5384615384615384","0.5384615384615384","0.5384615384615384","0.5384615384615384","0.5384615384615384","0.5384615384615384","0.5384615384615384","0.5384615384615384","0.5384615384615384","0.5384615384615384","0.5384615384615384","0.5384615384615384","0.5384615384615384","0.5384615384615384","0.5384615384615384","0.5384615384615384","0.5384615384615384","0.5384615384615384","0.5384615384615384","0.5384615384615384","0.5384615384615384","0.5384615384615384","0.5384615384615384","0.5384615384615384","0.5384615384615384","0.5384615384615384","0.5384615384615384","0.5384615384615384","0.5384615384615384","0.5384615384615384","0.5384615384615384","0.5384615384615384","0.5384615384615384","0.5384615384615384","0.5384615384615384","0.5384615384615384","0.5384615384615384","0.5384615384615384","0.5384615384615384","0.5384615384615384","0.5384615384615384","0.5384615384615384","0.5384615384615384","0.5384615384615384","0.5384615384615384","0.5384615384615384","0.5384615384615384","0.5384615384615384","0.5384615384615384","0.5384615384615384","0.5384615384615384","0.5384615384615384","0.5384615384615384","0.5384615384615384","0.5384615384615384","0.5384615384615384","0.5384615384615384","0.5384615384615384","0.5384615384615384","0.5384615384615384","0.5384615384615384","0.5384615384615384","0.5384615384615384","0.5384615384615384","0.5384615384615384","0.5384615384615384","0.5384615384615384","0.5384615384615384","0.5384615384615384","0.5384615384615384","0.5384615384615384","0.5384615384615384","0.5384615384615384","0.5384615384615384","0.5384615384615384","154","4581"
"RandooPy-NoTypes","flutils.packages","1591028081631819537","24360","603940392174","0.07142857142857142","7510","28413","7510","28413","0.07142857142857142","0.07142857142857142","0.07142857142857142","0.07142857142857142","0.07142857142857142","0.07142857142857142","0.07142857142857142","0.07142857142857142","0.07142857142857142","0.07142857142857142","0.07142857142857142","0.07142857142857142","0.07142857142857142","0.07142857142857142","0.07142857142857142","0.07142857142857142","0.07142857142857142","0.07142857142857142","0.07142857142857142","0.07142857142857142","0.07142857142857142","0.07142857142857142","0.07142857142857142","0.07142857142857142","0.07142857142857142","0.07142857142857142","0.07142857142857142","0.07142857142857142","0.07142857142857142","0.07142857142857142","0.07142857142857142","0.07142857142857142","0.07142857142857142","0.07142857142857142","0.07142857142857142","0.07142857142857142","0.07142857142857142","0.07142857142857142","0.07142857142857142","0.07142857142857142","0.07142857142857142","0.07142857142857142","0.07142857142857142","0.07142857142857142","0.07142857142857142","0.07142857142857142","0.07142857142857142","0.07142857142857142","0.07142857142857142","0.07142857142857142","0.07142857142857142","0.07142857142857142","0.07142857142857142","0.07142857142857142","0.07142857142857142","0.07142857142857142","0.07142857142857142","0.07142857142857142","0.07142857142857142","0.07142857142857142","0.07142857142857142","0.07142857142857142","0.07142857142857142","0.07142857142857142","0.07142857142857142","0.07142857142857142","0.07142857142857142","0.07142857142857142","0.07142857142857142","0.07142857142857142","0.07142857142857142","0.07142857142857142","0.07142857142857142","0.07142857142857142","0.07142857142857142","0.07142857142857142","0.07142857142857142","0.07142857142857142","0.07142857142857142","0.07142857142857142","0.07142857142857142","0.07142857142857142","0.07142857142857142","0.07142857142857142","0.07142857142857142","0.07142857142857142","0.07142857142857142","0.07142857142857142","0.07142857142857142","0.07142857142857142","0.07142857142857142","0.07142857142857142","0.07142857142857142","0.07142857142857142","0.07142857142857142","0.07142857142857142","0.07142857142857142","0.07142857142857142","0.07142857142857142","0.07142857142857142","0.07142857142857142","0.07142857142857142","0.07142857142857142","0.07142857142857142","0.07142857142857142","0.07142857142857142","0.07142857142857142","0.07142857142857142","0.07142857142857142","0.07142857142857142","0.07142857142857142","0.07142857142857142","0.07142857142857142","0.07142857142857142","0.07142857142857142","0.07142857142857142","0.07142857142857142","0.07142857142857142","0.07142857142857142","0.07142857142857142","0.07142857142857142","0.07142857142857142","0.07142857142857142","0.07142857142857142","0.07142857142857142","0.07142857142857142","0.07142857142857142","0.07142857142857142","0.07142857142857142","0.07142857142857142","0.07142857142857142","0.07142857142857142","0.07142857142857142","0.07142857142857142","0.07142857142857142","0.07142857142857142","0.07142857142857142","0.07142857142857142","0.07142857142857142","0.07142857142857142","0.07142857142857142","0.07142857142857142","0.07142857142857142","0.07142857142857142","0.07142857142857142","0.07142857142857142","0.07142857142857142","0.07142857142857142","0.07142857142857142","0.07142857142857142","0.07142857142857142","0.07142857142857142","0.07142857142857142","0.07142857142857142","0.07142857142857142","0.07142857142857142","0.07142857142857142","0.07142857142857142","0.07142857142857142","0.07142857142857142","0.07142857142857142","0.07142857142857142","0.07142857142857142","0.07142857142857142","0.07142857142857142","0.07142857142857142","0.07142857142857142","0.07142857142857142","0.07142857142857142","0.07142857142857142","0.07142857142857142","0.07142857142857142","0.07142857142857142","0.07142857142857142","0.07142857142857142","0.07142857142857142","0.07142857142857142","0.07142857142857142","0.07142857142857142","0.07142857142857142","0.07142857142857142","0.07142857142857142","0.07142857142857142","0.07142857142857142","0.07142857142857142","0.07142857142857142","0.07142857142857142","0.07142857142857142","0.07142857142857142","0.07142857142857142","0.07142857142857142","0.07142857142857142","0.07142857142857142","0.07142857142857142","0.07142857142857142","0.07142857142857142","0.07142857142857142","0.07142857142857142","0.07142857142857142","0.07142857142857142","0.07142857142857142","0.07142857142857142","0.07142857142857142","0.07142857142857142","0.07142857142857142","0.07142857142857142","0.07142857142857142","0.07142857142857142","0.07142857142857142","0.07142857142857142","0.07142857142857142","0.07142857142857142","0.07142857142857142","0.07142857142857142","0.07142857142857142","0.07142857142857142","0.07142857142857142","0.07142857142857142","0.07142857142857142","0.07142857142857142","0.07142857142857142","0.07142857142857142","0.07142857142857142","0.07142857142857142","0.07142857142857142","0.07142857142857142","0.07142857142857142","0.07142857142857142","0.07142857142857142","0.07142857142857142","0.07142857142857142","0.07142857142857142","0.07142857142857142","0.07142857142857142","0.07142857142857142","0.07142857142857142","0.07142857142857142","0.07142857142857142","0.07142857142857142","0.07142857142857142","0.07142857142857142","0.07142857142857142","0.07142857142857142","0.07142857142857142","0.07142857142857142","0.07142857142857142","0.07142857142857142","0.07142857142857142","0.07142857142857142","0.07142857142857142","0.07142857142857142","0.07142857142857142","0.07142857142857142","0.07142857142857142","0.07142857142857142","0.07142857142857142","0.07142857142857142","0.07142857142857142","0.07142857142857142","0.07142857142857142","0.07142857142857142","0.07142857142857142","0.07142857142857142","0.07142857142857142","0.07142857142857142","0.07142857142857142","0.07142857142857142","0.07142857142857142","0.07142857142857142","0.07142857142857142","0.07142857142857142","0.07142857142857142","0.07142857142857142","0.07142857142857142","0.07142857142857142","0.07142857142857142","0.07142857142857142","0.07142857142857142","0.07142857142857142","0.07142857142857142","0.07142857142857142","0.07142857142857142","0.07142857142857142","0.07142857142857142","0.07142857142857142","0.07142857142857142","0.07142857142857142","0.07142857142857142","0.07142857142857142","0.07142857142857142","0.07142857142857142","0.07142857142857142","0.07142857142857142","0.07142857142857142","0.07142857142857142","0.07142857142857142","0.07142857142857142","0.07142857142857142","0.07142857142857142","0.07142857142857142","0.07142857142857142","0.07142857142857142","0.07142857142857142","0.07142857142857142","0.07142857142857142","0.07142857142857142","0.07142857142857142","0.07142857142857142","0.07142857142857142","0.07142857142857142","0.07142857142857142","0.07142857142857142","0.07142857142857142","0.07142857142857142","0.07142857142857142","0.07142857142857142","0.07142857142857142","0.07142857142857142","0.07142857142857142","0.07142857142857142","0.07142857142857142","0.07142857142857142","0.07142857142857142","0.07142857142857142","0.07142857142857142","0.07142857142857142","0.07142857142857142","0.07142857142857142","0.07142857142857142","0.07142857142857142","0.07142857142857142","0.07142857142857142","0.07142857142857142","0.07142857142857142","0.07142857142857142","0.07142857142857142","0.07142857142857142","0.07142857142857142","0.07142857142857142","0.07142857142857142","0.07142857142857142","0.07142857142857142","0.07142857142857142","0.07142857142857142","0.07142857142857142","0.07142857142857142","0.07142857142857142","0.07142857142857142","0.07142857142857142","0.07142857142857142","0.07142857142857142","0.07142857142857142","0.07142857142857142","0.07142857142857142","0.07142857142857142","0.07142857142857142","0.07142857142857142","0.07142857142857142","0.07142857142857142","0.07142857142857142","0.07142857142857142","0.07142857142857142","0.07142857142857142","0.07142857142857142","0.07142857142857142","0.07142857142857142","0.07142857142857142","0.07142857142857142","0.07142857142857142","0.07142857142857142","0.07142857142857142","0.07142857142857142","0.07142857142857142","0.07142857142857142","0.07142857142857142","0.07142857142857142","0.07142857142857142","0.07142857142857142","0.07142857142857142","0.07142857142857142","0.07142857142857142","0.07142857142857142","0.07142857142857142","0.07142857142857142","0.07142857142857142","0.07142857142857142","0.07142857142857142","0.07142857142857142","0.07142857142857142","0.07142857142857142","0.07142857142857142","0.07142857142857142","0.07142857142857142","0.07142857142857142","0.07142857142857142","0.07142857142857142","0.07142857142857142","0.07142857142857142","0.07142857142857142","0.07142857142857142","0.07142857142857142","0.07142857142857142","0.07142857142857142","0.07142857142857142","0.07142857142857142","0.07142857142857142","0.07142857142857142","0.07142857142857142","0.07142857142857142","0.07142857142857142","0.07142857142857142","0.07142857142857142","0.07142857142857142","0.07142857142857142","0.07142857142857142","0.07142857142857142","0.07142857142857142","0.07142857142857142","0.07142857142857142","0.07142857142857142","0.07142857142857142","0.07142857142857142","0.07142857142857142","0.07142857142857142","0.07142857142857142","0.07142857142857142","0.07142857142857142","0.07142857142857142","0.07142857142857142","0.07142857142857142","0.07142857142857142","0.07142857142857142","0.07142857142857142","0.07142857142857142","0.07142857142857142","0.07142857142857142","0.07142857142857142","0.07142857142857142","0.07142857142857142","0.07142857142857142","0.07142857142857142","0.07142857142857142","0.07142857142857142","0.07142857142857142","0.07142857142857142","0.07142857142857142","0.07142857142857142","0.07142857142857142","0.07142857142857142","0.07142857142857142","0.07142857142857142","0.07142857142857142","0.07142857142857142","0.07142857142857142","0.07142857142857142","0.07142857142857142","0.07142857142857142","0.07142857142857142","0.07142857142857142","0.07142857142857142","0.07142857142857142","0.07142857142857142","0.07142857142857142","0.07142857142857142","0.07142857142857142","0.07142857142857142","0.07142857142857142","0.07142857142857142","0.07142857142857142","0.07142857142857142","0.07142857142857142","0.07142857142857142","0.07142857142857142","0.07142857142857142","0.07142857142857142","0.07142857142857142","0.07142857142857142","0.07142857142857142","0.07142857142857142","0.07142857142857142","0.07142857142857142","0.07142857142857142","0.07142857142857142","0.07142857142857142","0.07142857142857142","0.07142857142857142","0.07142857142857142","0.07142857142857142","0.07142857142857142","0.07142857142857142","0.07142857142857142","0.07142857142857142","0.07142857142857142","0.07142857142857142","0.07142857142857142","0.07142857142857142","0.07142857142857142","0.07142857142857142","0.07142857142857142","0.07142857142857142","0.07142857142857142","0.07142857142857142","0.07142857142857142","0.07142857142857142","0.07142857142857142","0.07142857142857142","0.07142857142857142","0.07142857142857142","0.07142857142857142","0.07142857142857142","0.07142857142857142","0.07142857142857142","0.07142857142857142","0.07142857142857142","0.07142857142857142","0.07142857142857142","0.07142857142857142","0.07142857142857142","0.07142857142857142","0.07142857142857142","0.07142857142857142","0.07142857142857142","0.07142857142857142","0.07142857142857142","0.07142857142857142","0.07142857142857142","0.07142857142857142","0.07142857142857142","0.07142857142857142","0.07142857142857142","0.07142857142857142","0.07142857142857142","0.07142857142857142","0.07142857142857142","0.07142857142857142","0.07142857142857142","0.07142857142857142","0.07142857142857142","0.07142857142857142","0.07142857142857142","0.07142857142857142","0.07142857142857142","0.07142857142857142","0.07142857142857142","0.07142857142857142","0.07142857142857142","0.07142857142857142","0.07142857142857142","0.07142857142857142","0.07142857142857142","0.07142857142857142","0.07142857142857142","0.07142857142857142","0.07142857142857142","0.07142857142857142","0.07142857142857142","0.07142857142857142","0.07142857142857142","0.07142857142857142","0.07142857142857142","0.07142857142857142","0.07142857142857142","0.07142857142857142","0.07142857142857142","0.07142857142857142","0.07142857142857142","0.07142857142857142","0.07142857142857142","0.07142857142857142","0.07142857142857142","0.07142857142857142","0.07142857142857142","0.07142857142857142","0.07142857142857142","0.07142857142857142","0.07142857142857142","0.07142857142857142","0.07142857142857142","0.07142857142857142","0.07142857142857142","0.07142857142857142","0.07142857142857142","0.07142857142857142","0.07142857142857142","0.07142857142857142","0.07142857142857142","0.07142857142857142","0.07142857142857142","0.07142857142857142","0.07142857142857142","0.07142857142857142","0.07142857142857142","0.07142857142857142","0.07142857142857142","0.07142857142857142","0.07142857142857142","0.07142857142857142","0.07142857142857142","0.07142857142857142","0.07142857142857142","0","0"
"RandooPy-NoTypes","flutils.txtutils","1591028086161738111","1458","620674070768","0.15789473684210525","1092","39809","980","37524","0.15789473684210525","0.15789473684210525","0.15789473684210525","0.15789473684210525","0.15789473684210525","0.15789473684210525","0.15789473684210525","0.15789473684210525","0.15789473684210525","0.15789473684210525","0.15789473684210525","0.15789473684210525","0.15789473684210525","0.15789473684210525","0.15789473684210525","0.15789473684210525","0.15789473684210525","0.15789473684210525","0.15789473684210525","0.15789473684210525","0.15789473684210525","0.15789473684210525","0.15789473684210525","0.15789473684210525","0.15789473684210525","0.15789473684210525","0.15789473684210525","0.15789473684210525","0.15789473684210525","0.15789473684210525","0.15789473684210525","0.15789473684210525","0.15789473684210525","0.15789473684210525","0.15789473684210525","0.15789473684210525","0.15789473684210525","0.15789473684210525","0.15789473684210525","0.15789473684210525","0.15789473684210525","0.15789473684210525","0.15789473684210525","0.15789473684210525","0.15789473684210525","0.15789473684210525","0.15789473684210525","0.15789473684210525","0.15789473684210525","0.15789473684210525","0.15789473684210525","0.15789473684210525","0.15789473684210525","0.15789473684210525","0.15789473684210525","0.15789473684210525","0.15789473684210525","0.15789473684210525","0.15789473684210525","0.15789473684210525","0.15789473684210525","0.15789473684210525","0.15789473684210525","0.15789473684210525","0.15789473684210525","0.15789473684210525","0.15789473684210525","0.15789473684210525","0.15789473684210525","0.15789473684210525","0.15789473684210525","0.15789473684210525","0.15789473684210525","0.15789473684210525","0.15789473684210525","0.15789473684210525","0.15789473684210525","0.15789473684210525","0.15789473684210525","0.15789473684210525","0.15789473684210525","0.15789473684210525","0.15789473684210525","0.15789473684210525","0.15789473684210525","0.15789473684210525","0.15789473684210525","0.15789473684210525","0.15789473684210525","0.15789473684210525","0.15789473684210525","0.15789473684210525","0.15789473684210525","0.15789473684210525","0.15789473684210525","0.15789473684210525","0.15789473684210525","0.15789473684210525","0.15789473684210525","0.15789473684210525","0.15789473684210525","0.15789473684210525","0.15789473684210525","0.15789473684210525","0.15789473684210525","0.15789473684210525","0.15789473684210525","0.15789473684210525","0.15789473684210525","0.15789473684210525","0.15789473684210525","0.15789473684210525","0.15789473684210525","0.15789473684210525","0.15789473684210525","0.15789473684210525","0.15789473684210525","0.15789473684210525","0.15789473684210525","0.15789473684210525","0.15789473684210525","0.15789473684210525","0.15789473684210525","0.15789473684210525","0.15789473684210525","0.15789473684210525","0.15789473684210525","0.15789473684210525","0.15789473684210525","0.15789473684210525","0.15789473684210525","0.15789473684210525","0.15789473684210525","0.15789473684210525","0.15789473684210525","0.15789473684210525","0.15789473684210525","0.15789473684210525","0.15789473684210525","0.15789473684210525","0.15789473684210525","0.15789473684210525","0.15789473684210525","0.15789473684210525","0.15789473684210525","0.15789473684210525","0.15789473684210525","0.15789473684210525","0.15789473684210525","0.15789473684210525","0.15789473684210525","0.15789473684210525","0.15789473684210525","0.15789473684210525","0.15789473684210525","0.15789473684210525","0.15789473684210525","0.15789473684210525","0.15789473684210525","0.15789473684210525","0.15789473684210525","0.15789473684210525","0.15789473684210525","0.15789473684210525","0.15789473684210525","0.15789473684210525","0.15789473684210525","0.15789473684210525","0.15789473684210525","0.15789473684210525","0.15789473684210525","0.15789473684210525","0.15789473684210525","0.15789473684210525","0.15789473684210525","0.15789473684210525","0.15789473684210525","0.15789473684210525","0.15789473684210525","0.15789473684210525","0.15789473684210525","0.15789473684210525","0.15789473684210525","0.15789473684210525","0.15789473684210525","0.15789473684210525","0.15789473684210525","0.15789473684210525","0.15789473684210525","0.15789473684210525","0.15789473684210525","0.15789473684210525","0.15789473684210525","0.15789473684210525","0.15789473684210525","0.15789473684210525","0.15789473684210525","0.15789473684210525","0.15789473684210525","0.15789473684210525","0.15789473684210525","0.15789473684210525","0.15789473684210525","0.15789473684210525","0.15789473684210525","0.15789473684210525","0.15789473684210525","0.15789473684210525","0.15789473684210525","0.15789473684210525","0.15789473684210525","0.15789473684210525","0.15789473684210525","0.15789473684210525","0.15789473684210525","0.15789473684210525","0.15789473684210525","0.15789473684210525","0.15789473684210525","0.15789473684210525","0.15789473684210525","0.15789473684210525","0.15789473684210525","0.15789473684210525","0.15789473684210525","0.15789473684210525","0.15789473684210525","0.15789473684210525","0.15789473684210525","0.15789473684210525","0.15789473684210525","0.15789473684210525","0.15789473684210525","0.15789473684210525","0.15789473684210525","0.15789473684210525","0.15789473684210525","0.15789473684210525","0.15789473684210525","0.15789473684210525","0.15789473684210525","0.15789473684210525","0.15789473684210525","0.15789473684210525","0.15789473684210525","0.15789473684210525","0.15789473684210525","0.15789473684210525","0.15789473684210525","0.15789473684210525","0.15789473684210525","0.15789473684210525","0.15789473684210525","0.15789473684210525","0.15789473684210525","0.15789473684210525","0.15789473684210525","0.15789473684210525","0.15789473684210525","0.15789473684210525","0.15789473684210525","0.15789473684210525","0.15789473684210525","0.15789473684210525","0.15789473684210525","0.15789473684210525","0.15789473684210525","0.15789473684210525","0.15789473684210525","0.15789473684210525","0.15789473684210525","0.15789473684210525","0.15789473684210525","0.15789473684210525","0.15789473684210525","0.15789473684210525","0.15789473684210525","0.15789473684210525","0.15789473684210525","0.15789473684210525","0.15789473684210525","0.15789473684210525","0.15789473684210525","0.15789473684210525","0.15789473684210525","0.15789473684210525","0.15789473684210525","0.15789473684210525","0.15789473684210525","0.15789473684210525","0.15789473684210525","0.15789473684210525","0.15789473684210525","0.15789473684210525","0.15789473684210525","0.15789473684210525","0.15789473684210525","0.15789473684210525","0.15789473684210525","0.15789473684210525","0.15789473684210525","0.15789473684210525","0.15789473684210525","0.15789473684210525","0.15789473684210525","0.15789473684210525","0.15789473684210525","0.15789473684210525","0.15789473684210525","0.15789473684210525","0.15789473684210525","0.15789473684210525","0.15789473684210525","0.15789473684210525","0.15789473684210525","0.15789473684210525","0.15789473684210525","0.15789473684210525","0.15789473684210525","0.15789473684210525","0.15789473684210525","0.15789473684210525","0.15789473684210525","0.15789473684210525","0.15789473684210525","0.15789473684210525","0.15789473684210525","0.15789473684210525","0.15789473684210525","0.15789473684210525","0.15789473684210525","0.15789473684210525","0.15789473684210525","0.15789473684210525","0.15789473684210525","0.15789473684210525","0.15789473684210525","0.15789473684210525","0.15789473684210525","0.15789473684210525","0.15789473684210525","0.15789473684210525","0.15789473684210525","0.15789473684210525","0.15789473684210525","0.15789473684210525","0.15789473684210525","0.15789473684210525","0.15789473684210525","0.15789473684210525","0.15789473684210525","0.15789473684210525","0.15789473684210525","0.15789473684210525","0.15789473684210525","0.15789473684210525","0.15789473684210525","0.15789473684210525","0.15789473684210525","0.15789473684210525","0.15789473684210525","0.15789473684210525","0.15789473684210525","0.15789473684210525","0.15789473684210525","0.15789473684210525","0.15789473684210525","0.15789473684210525","0.15789473684210525","0.15789473684210525","0.15789473684210525","0.15789473684210525","0.15789473684210525","0.15789473684210525","0.15789473684210525","0.15789473684210525","0.15789473684210525","0.15789473684210525","0.15789473684210525","0.15789473684210525","0.15789473684210525","0.15789473684210525","0.15789473684210525","0.15789473684210525","0.15789473684210525","0.15789473684210525","0.15789473684210525","0.15789473684210525","0.15789473684210525","0.15789473684210525","0.15789473684210525","0.15789473684210525","0.15789473684210525","0.15789473684210525","0.15789473684210525","0.15789473684210525","0.15789473684210525","0.15789473684210525","0.15789473684210525","0.15789473684210525","0.15789473684210525","0.15789473684210525","0.15789473684210525","0.15789473684210525","0.15789473684210525","0.15789473684210525","0.15789473684210525","0.15789473684210525","0.15789473684210525","0.15789473684210525","0.15789473684210525","0.15789473684210525","0.15789473684210525","0.15789473684210525","0.15789473684210525","0.15789473684210525","0.15789473684210525","0.15789473684210525","0.15789473684210525","0.15789473684210525","0.15789473684210525","0.15789473684210525","0.15789473684210525","0.15789473684210525","0.15789473684210525","0.15789473684210525","0.15789473684210525","0.15789473684210525","0.15789473684210525","0.15789473684210525","0.15789473684210525","0.15789473684210525","0.15789473684210525","0.15789473684210525","0.15789473684210525","0.15789473684210525","0.15789473684210525","0.15789473684210525","0.15789473684210525","0.15789473684210525","0.15789473684210525","0.15789473684210525","0.15789473684210525","0.15789473684210525","0.15789473684210525","0.15789473684210525","0.15789473684210525","0.15789473684210525","0.15789473684210525","0.15789473684210525","0.15789473684210525","0.15789473684210525","0.15789473684210525","0.15789473684210525","0.15789473684210525","0.15789473684210525","0.15789473684210525","0.15789473684210525","0.15789473684210525","0.15789473684210525","0.15789473684210525","0.15789473684210525","0.15789473684210525","0.15789473684210525","0.15789473684210525","0.15789473684210525","0.15789473684210525","0.15789473684210525","0.15789473684210525","0.15789473684210525","0.15789473684210525","0.15789473684210525","0.15789473684210525","0.15789473684210525","0.15789473684210525","0.15789473684210525","0.15789473684210525","0.15789473684210525","0.15789473684210525","0.15789473684210525","0.15789473684210525","0.15789473684210525","0.15789473684210525","0.15789473684210525","0.15789473684210525","0.15789473684210525","0.15789473684210525","0.15789473684210525","0.15789473684210525","0.15789473684210525","0.15789473684210525","0.15789473684210525","0.15789473684210525","0.15789473684210525","0.15789473684210525","0.15789473684210525","0.15789473684210525","0.15789473684210525","0.15789473684210525","0.15789473684210525","0.15789473684210525","0.15789473684210525","0.15789473684210525","0.15789473684210525","0.15789473684210525","0.15789473684210525","0.15789473684210525","0.15789473684210525","0.15789473684210525","0.15789473684210525","0.15789473684210525","0.15789473684210525","0.15789473684210525","0.15789473684210525","0.15789473684210525","0.15789473684210525","0.15789473684210525","0.15789473684210525","0.15789473684210525","0.15789473684210525","0.15789473684210525","0.15789473684210525","0.15789473684210525","0.15789473684210525","0.15789473684210525","0.15789473684210525","0.15789473684210525","0.15789473684210525","0.15789473684210525","0.15789473684210525","0.15789473684210525","0.15789473684210525","0.15789473684210525","0.15789473684210525","0.15789473684210525","0.15789473684210525","0.15789473684210525","0.15789473684210525","0.15789473684210525","0.15789473684210525","0.15789473684210525","0.15789473684210525","0.15789473684210525","0.15789473684210525","0.15789473684210525","0.15789473684210525","0.15789473684210525","0.15789473684210525","0.15789473684210525","0.15789473684210525","0.15789473684210525","0.15789473684210525","0.15789473684210525","0.15789473684210525","0.15789473684210525","0.15789473684210525","0.15789473684210525","0.15789473684210525","0.15789473684210525","0.15789473684210525","0.15789473684210525","0.15789473684210525","0.15789473684210525","0.15789473684210525","0.15789473684210525","0.15789473684210525","0.15789473684210525","0.15789473684210525","0.15789473684210525","0.15789473684210525","0.15789473684210525","0.15789473684210525","0.15789473684210525","0.15789473684210525","0.15789473684210525","0.15789473684210525","0.15789473684210525","0.15789473684210525","0.15789473684210525","0.15789473684210525","0.15789473684210525","0.15789473684210525","0.15789473684210525","0.15789473684210525","0.15789473684210525","0.15789473684210525","0.15789473684210525","0.15789473684210525","0.15789473684210525","0.15789473684210525","0.15789473684210525","0.15789473684210525","0.15789473684210525","0.15789473684210525","0.15789473684210525","0.15789473684210525","0.15789473684210525","0.15789473684210525","0.15789473684210525","0.15789473684210525","112","2285"
"WSPy-NoTypes","flutils.strutils","1591028639113392737","1213","600213602129","0.8181818181818182","5","144","5","144","0.6363636363636364","0.6363636363636364","0.6818181818181818","0.7272727272727273","0.7272727272727273","0.7523633672257453","0.7727272727272727","0.7727272727272727","0.7727272727272727","0.7727272727272727","0.7727272727272727","0.7727272727272727","0.7727272727272727","0.7727272727272727","0.7727272727272727","0.7727272727272727","0.7727272727272727","0.7727272727272727","0.7727272727272727","0.7727272727272727","0.7727272727272727","0.7727272727272727","0.7727272727272727","0.7727272727272727","0.7727272727272727","0.8075454666923529","0.8181818181818182","0.8181818181818182","0.8181818181818182","0.8181818181818182","0.8181818181818182","0.8181818181818182","0.8181818181818182","0.8181818181818182","0.8181818181818182","0.8181818181818182","0.8181818181818182","0.8181818181818182","0.8181818181818182","0.8181818181818182","0.8181818181818182","0.8181818181818182","0.8181818181818182","0.8181818181818182","0.8181818181818182","0.8181818181818182","0.8181818181818182","0.8181818181818182","0.8181818181818182","0.8181818181818182","0.8181818181818182","0.8181818181818182","0.8181818181818182","0.8181818181818182","0.8181818181818182","0.8181818181818182","0.8181818181818182","0.8181818181818182","0.8181818181818182","0.8181818181818182","0.8181818181818182","0.8181818181818182","0.8181818181818182","0.8181818181818182","0.8181818181818182","0.8181818181818182","0.8181818181818182","0.8181818181818182","0.8181818181818182","0.8181818181818182","0.8181818181818182","0.8181818181818182","0.8181818181818182","0.8181818181818182","0.8181818181818182","0.8181818181818182","0.8181818181818182","0.8181818181818182","0.8181818181818182","0.8181818181818182","0.8181818181818182","0.8181818181818182","0.8181818181818182","0.8181818181818182","0.8181818181818182","0.8181818181818182","0.8181818181818182","0.8181818181818182","0.8181818181818182","0.8181818181818182","0.8181818181818182","0.8181818181818182","0.8181818181818182","0.8181818181818182","0.8181818181818182","0.8181818181818182","0.8181818181818182","0.8181818181818182","0.8181818181818182","0.8181818181818182","0.8181818181818182","0.8181818181818182","0.8181818181818182","0.8181818181818182","0.8181818181818182","0.8181818181818182","0.8181818181818182","0.8181818181818182","0.8181818181818182","0.8181818181818182","0.8181818181818182","0.8181818181818182","0.8181818181818182","0.8181818181818182","0.8181818181818182","0.8181818181818182","0.8181818181818182","0.8181818181818182","0.8181818181818182","0.8181818181818182","0.8181818181818182","0.8181818181818182","0.8181818181818182","0.8181818181818182","0.8181818181818182","0.8181818181818182","0.8181818181818182","0.8181818181818182","0.8181818181818182","0.8181818181818182","0.8181818181818182","0.8181818181818182","0.8181818181818182","0.8181818181818182","0.8181818181818182","0.8181818181818182","0.8181818181818182","0.8181818181818182","0.8181818181818182","0.8181818181818182","0.8181818181818182","0.8181818181818182","0.8181818181818182","0.8181818181818182","0.8181818181818182","0.8181818181818182","0.8181818181818182","0.8181818181818182","0.8181818181818182","0.8181818181818182","0.8181818181818182","0.8181818181818182","0.8181818181818182","0.8181818181818182","0.8181818181818182","0.8181818181818182","0.8181818181818182","0.8181818181818182","0.8181818181818182","0.8181818181818182","0.8181818181818182","0.8181818181818182","0.8181818181818182","0.8181818181818182","0.8181818181818182","0.8181818181818182","0.8181818181818182","0.8181818181818182","0.8181818181818182","0.8181818181818182","0.8181818181818182","0.8181818181818182","0.8181818181818182","0.8181818181818182","0.8181818181818182","0.8181818181818182","0.8181818181818182","0.8181818181818182","0.8181818181818182","0.8181818181818182","0.8181818181818182","0.8181818181818182","0.8181818181818182","0.8181818181818182","0.8181818181818182","0.8181818181818182","0.8181818181818182","0.8181818181818182","0.8181818181818182","0.8181818181818182","0.8181818181818182","0.8181818181818182","0.8181818181818182","0.8181818181818182","0.8181818181818182","0.8181818181818182","0.8181818181818182","0.8181818181818182","0.8181818181818182","0.8181818181818182","0.8181818181818182","0.8181818181818182","0.8181818181818182","0.8181818181818182","0.8181818181818182","0.8181818181818182","0.8181818181818182","0.8181818181818182","0.8181818181818182","0.8181818181818182","0.8181818181818182","0.8181818181818182","0.8181818181818182","0.8181818181818182","0.8181818181818182","0.8181818181818182","0.8181818181818182","0.8181818181818182","0.8181818181818182","0.8181818181818182","0.8181818181818182","0.8181818181818182","0.8181818181818182","0.8181818181818182","0.8181818181818182","0.8181818181818182","0.8181818181818182","0.8181818181818182","0.8181818181818182","0.8181818181818182","0.8181818181818182","0.8181818181818182","0.8181818181818182","0.8181818181818182","0.8181818181818182","0.8181818181818182","0.8181818181818182","0.8181818181818182","0.8181818181818182","0.8181818181818182","0.8181818181818182","0.8181818181818182","0.8181818181818182","0.8181818181818182","0.8181818181818182","0.8181818181818182","0.8181818181818182","0.8181818181818182","0.8181818181818182","0.8181818181818182","0.8181818181818182","0.8181818181818182","0.8181818181818182","0.8181818181818182","0.8181818181818182","0.8181818181818182","0.8181818181818182","0.8181818181818182","0.8181818181818182","0.8181818181818182","0.8181818181818182","0.8181818181818182","0.8181818181818182","0.8181818181818182","0.8181818181818182","0.8181818181818182","0.8181818181818182","0.8181818181818182","0.8181818181818182","0.8181818181818182","0.8181818181818182","0.8181818181818182","0.8181818181818182","0.8181818181818182","0.8181818181818182","0.8181818181818182","0.8181818181818182","0.8181818181818182","0.8181818181818182","0.8181818181818182","0.8181818181818182","0.8181818181818182","0.8181818181818182","0.8181818181818182","0.8181818181818182","0.8181818181818182","0.8181818181818182","0.8181818181818182","0.8181818181818182","0.8181818181818182","0.8181818181818182","0.8181818181818182","0.8181818181818182","0.8181818181818182","0.8181818181818182","0.8181818181818182","0.8181818181818182","0.8181818181818182","0.8181818181818182","0.8181818181818182","0.8181818181818182","0.8181818181818182","0.8181818181818182","0.8181818181818182","0.8181818181818182","0.8181818181818182","0.8181818181818182","0.8181818181818182","0.8181818181818182","0.8181818181818182","0.8181818181818182","0.8181818181818182","0.8181818181818182","0.8181818181818182","0.8181818181818182","0.8181818181818182","0.8181818181818182","0.8181818181818182","0.8181818181818182","0.8181818181818182","0.8181818181818182","0.8181818181818182","0.8181818181818182","0.8181818181818182","0.8181818181818182","0.8181818181818182","0.8181818181818182","0.8181818181818182","0.8181818181818182","0.8181818181818182","0.8181818181818182","0.8181818181818182","0.8181818181818182","0.8181818181818182","0.8181818181818182","0.8181818181818182","0.8181818181818182","0.8181818181818182","0.8181818181818182","0.8181818181818182","0.8181818181818182","0.8181818181818182","0.8181818181818182","0.8181818181818182","0.8181818181818182","0.8181818181818182","0.8181818181818182","0.8181818181818182","0.8181818181818182","0.8181818181818182","0.8181818181818182","0.8181818181818182","0.8181818181818182","0.8181818181818182","0.8181818181818182","0.8181818181818182","0.8181818181818182","0.8181818181818182","0.8181818181818182","0.8181818181818182","0.8181818181818182","0.8181818181818182","0.8181818181818182","0.8181818181818182","0.8181818181818182","0.8181818181818182","0.8181818181818182","0.8181818181818182","0.8181818181818182","0.8181818181818182","0.8181818181818182","0.8181818181818182","0.8181818181818182","0.8181818181818182","0.8181818181818182","0.8181818181818182","0.8181818181818182","0.8181818181818182","0.8181818181818182","0.8181818181818182","0.8181818181818182","0.8181818181818182","0.8181818181818182","0.8181818181818182","0.8181818181818182","0.8181818181818182","0.8181818181818182","0.8181818181818182","0.8181818181818182","0.8181818181818182","0.8181818181818182","0.8181818181818182","0.8181818181818182","0.8181818181818182","0.8181818181818182","0.8181818181818182","0.8181818181818182","0.8181818181818182","0.8181818181818182","0.8181818181818182","0.8181818181818182","0.8181818181818182","0.8181818181818182","0.8181818181818182","0.8181818181818182","0.8181818181818182","0.8181818181818182","0.8181818181818182","0.8181818181818182","0.8181818181818182","0.8181818181818182","0.8181818181818182","0.8181818181818182","0.8181818181818182","0.8181818181818182","0.8181818181818182","0.8181818181818182","0.8181818181818182","0.8181818181818182","0.8181818181818182","0.8181818181818182","0.8181818181818182","0.8181818181818182","0.8181818181818182","0.8181818181818182","0.8181818181818182","0.8181818181818182","0.8181818181818182","0.8181818181818182","0.8181818181818182","0.8181818181818182","0.8181818181818182","0.8181818181818182","0.8181818181818182","0.8181818181818182","0.8181818181818182","0.8181818181818182","0.8181818181818182","0.8181818181818182","0.8181818181818182","0.8181818181818182","0.8181818181818182","0.8181818181818182","0.8181818181818182","0.8181818181818182","0.8181818181818182","0.8181818181818182","0.8181818181818182","0.8181818181818182","0.8181818181818182","0.8181818181818182","0.8181818181818182","0.8181818181818182","0.8181818181818182","0.8181818181818182","0.8181818181818182","0.8181818181818182","0.8181818181818182","0.8181818181818182","0.8181818181818182","0.8181818181818182","0.8181818181818182","0.8181818181818182","0.8181818181818182","0.8181818181818182","0.8181818181818182","0.8181818181818182","0.8181818181818182","0.8181818181818182","0.8181818181818182","0.8181818181818182","0.8181818181818182","0.8181818181818182","0.8181818181818182","0.8181818181818182","0.8181818181818182","0.8181818181818182","0.8181818181818182","0.8181818181818182","0.8181818181818182","0.8181818181818182","0.8181818181818182","0.8181818181818182","0.8181818181818182","0.8181818181818182","0.8181818181818182","0.8181818181818182","0.8181818181818182","0.8181818181818182","0.8181818181818182","0.8181818181818182","0.8181818181818182","0.8181818181818182","0.8181818181818182","0.8181818181818182","0.8181818181818182","0.8181818181818182","0.8181818181818182","0.8181818181818182","0.8181818181818182","0.8181818181818182","0.8181818181818182","0.8181818181818182","0.8181818181818182","0.8181818181818182","0.8181818181818182","0.8181818181818182","0.8181818181818182","0.8181818181818182","0.8181818181818182","0.8181818181818182","0.8181818181818182","0.8181818181818182","0.8181818181818182","0.8181818181818182","0.8181818181818182","0.8181818181818182","0.8181818181818182","0.8181818181818182","0.8181818181818182","0.8181818181818182","0.8181818181818182","0.8181818181818182","0.8181818181818182","0.8181818181818182","0.8181818181818182","0.8181818181818182","0.8181818181818182","0.8181818181818182","0.8181818181818182","0.8181818181818182","0.8181818181818182","0.8181818181818182","0.8181818181818182","0.8181818181818182","0.8181818181818182","0.8181818181818182","0.8181818181818182","0.8181818181818182","0.8181818181818182","0.8181818181818182","0.8181818181818182","0.8181818181818182","0.8181818181818182","0.8181818181818182","0.8181818181818182","0.8181818181818182","0.8181818181818182","0.8181818181818182","0.8181818181818182","0.8181818181818182","0.8181818181818182","0.8181818181818182","0.8181818181818182","0.8181818181818182","0.8181818181818182","0.8181818181818182","0.8181818181818182","0.8181818181818182","0.8181818181818182","0.8181818181818182","0.8181818181818182","0.8181818181818182","0.8181818181818182","0.8181818181818182","0.8181818181818182","0.8181818181818182","0.8181818181818182","0.8181818181818182","0.8181818181818182","0.8181818181818182","0.8181818181818182","0.8181818181818182","0.8181818181818182","0.8181818181818182","0.8181818181818182","0.8181818181818182","0.8181818181818182","0.8181818181818182","0.8181818181818182","0.8181818181818182","0.8181818181818182","0.8181818181818182","0.8181818181818182","0.8181818181818182","0.8181818181818182","0.8181818181818182","0.8181818181818182","0.8181818181818182","0.8181818181818182","0.8181818181818182","0.8181818181818182","0.8181818181818182","0.8181818181818182","0.8181818181818182","0.8181818181818182","0.8181818181818182","0.8181818181818182","0.8181818181818182","0.8181818181818182","0","0"
"RandooPy-TypeHintsInference","flutils.objutils","1591027658383762796","337","608889062017","0.48484848484848486","330","7823","0","0","0.48484848484848486","0.48484848484848486","0.48484848484848486","0.48484848484848486","0.48484848484848486","0.48484848484848486","0.48484848484848486","0.48484848484848486","0.48484848484848486","0.48484848484848486","0.48484848484848486","0.48484848484848486","0.48484848484848486","0.48484848484848486","0.48484848484848486","0.48484848484848486","0.48484848484848486","0.48484848484848486","0.48484848484848486","0.48484848484848486","0.48484848484848486","0.48484848484848486","0.48484848484848486","0.48484848484848486","0.48484848484848486","0.48484848484848486","0.48484848484848486","0.48484848484848486","0.48484848484848486","0.48484848484848486","0.48484848484848486","0.48484848484848486","0.48484848484848486","0.48484848484848486","0.48484848484848486","0.48484848484848486","0.48484848484848486","0.48484848484848486","0.48484848484848486","0.48484848484848486","0.48484848484848486","0.48484848484848486","0.48484848484848486","0.48484848484848486","0.48484848484848486","0.48484848484848486","0.48484848484848486","0.48484848484848486","0.48484848484848486","0.48484848484848486","0.48484848484848486","0.48484848484848486","0.48484848484848486","0.48484848484848486","0.48484848484848486","0.48484848484848486","0.48484848484848486","0.48484848484848486","0.48484848484848486","0.48484848484848486","0.48484848484848486","0.48484848484848486","0.48484848484848486","0.48484848484848486","0.48484848484848486","0.48484848484848486","0.48484848484848486","0.48484848484848486","0.48484848484848486","0.48484848484848486","0.48484848484848486","0.48484848484848486","0.48484848484848486","0.48484848484848486","0.48484848484848486","0.48484848484848486","0.48484848484848486","0.48484848484848486","0.48484848484848486","0.48484848484848486","0.48484848484848486","0.48484848484848486","0.48484848484848486","0.48484848484848486","0.48484848484848486","0.48484848484848486","0.48484848484848486","0.48484848484848486","0.48484848484848486","0.48484848484848486","0.48484848484848486","0.48484848484848486","0.48484848484848486","0.48484848484848486","0.48484848484848486","0.48484848484848486","0.48484848484848486","0.48484848484848486","0.48484848484848486","0.48484848484848486","0.48484848484848486","0.48484848484848486","0.48484848484848486","0.48484848484848486","0.48484848484848486","0.48484848484848486","0.48484848484848486","0.48484848484848486","0.48484848484848486","0.48484848484848486","0.48484848484848486","0.48484848484848486","0.48484848484848486","0.48484848484848486","0.48484848484848486","0.48484848484848486","0.48484848484848486","0.48484848484848486","0.48484848484848486","0.48484848484848486","0.48484848484848486","0.48484848484848486","0.48484848484848486","0.48484848484848486","0.48484848484848486","0.48484848484848486","0.48484848484848486","0.48484848484848486","0.48484848484848486","0.48484848484848486","0.48484848484848486","0.48484848484848486","0.48484848484848486","0.48484848484848486","0.48484848484848486","0.48484848484848486","0.48484848484848486","0.48484848484848486","0.48484848484848486","0.48484848484848486","0.48484848484848486","0.48484848484848486","0.48484848484848486","0.48484848484848486","0.48484848484848486","0.48484848484848486","0.48484848484848486","0.48484848484848486","0.48484848484848486","0.48484848484848486","0.48484848484848486","0.48484848484848486","0.48484848484848486","0.48484848484848486","0.48484848484848486","0.48484848484848486","0.48484848484848486","0.48484848484848486","0.48484848484848486","0.48484848484848486","0.48484848484848486","0.48484848484848486","0.48484848484848486","0.48484848484848486","0.48484848484848486","0.48484848484848486","0.48484848484848486","0.48484848484848486","0.48484848484848486","0.48484848484848486","0.48484848484848486","0.48484848484848486","0.48484848484848486","0.48484848484848486","0.48484848484848486","0.48484848484848486","0.48484848484848486","0.48484848484848486","0.48484848484848486","0.48484848484848486","0.48484848484848486","0.48484848484848486","0.48484848484848486","0.48484848484848486","0.48484848484848486","0.48484848484848486","0.48484848484848486","0.48484848484848486","0.48484848484848486","0.48484848484848486","0.48484848484848486","0.48484848484848486","0.48484848484848486","0.48484848484848486","0.48484848484848486","0.48484848484848486","0.48484848484848486","0.48484848484848486","0.48484848484848486","0.48484848484848486","0.48484848484848486","0.48484848484848486","0.48484848484848486","0.48484848484848486","0.48484848484848486","0.48484848484848486","0.48484848484848486","0.48484848484848486","0.48484848484848486","0.48484848484848486","0.48484848484848486","0.48484848484848486","0.48484848484848486","0.48484848484848486","0.48484848484848486","0.48484848484848486","0.48484848484848486","0.48484848484848486","0.48484848484848486","0.48484848484848486","0.48484848484848486","0.48484848484848486","0.48484848484848486","0.48484848484848486","0.48484848484848486","0.48484848484848486","0.48484848484848486","0.48484848484848486","0.48484848484848486","0.48484848484848486","0.48484848484848486","0.48484848484848486","0.48484848484848486","0.48484848484848486","0.48484848484848486","0.48484848484848486","0.48484848484848486","0.48484848484848486","0.48484848484848486","0.48484848484848486","0.48484848484848486","0.48484848484848486","0.48484848484848486","0.48484848484848486","0.48484848484848486","0.48484848484848486","0.48484848484848486","0.48484848484848486","0.48484848484848486","0.48484848484848486","0.48484848484848486","0.48484848484848486","0.48484848484848486","0.48484848484848486","0.48484848484848486","0.48484848484848486","0.48484848484848486","0.48484848484848486","0.48484848484848486","0.48484848484848486","0.48484848484848486","0.48484848484848486","0.48484848484848486","0.48484848484848486","0.48484848484848486","0.48484848484848486","0.48484848484848486","0.48484848484848486","0.48484848484848486","0.48484848484848486","0.48484848484848486","0.48484848484848486","0.48484848484848486","0.48484848484848486","0.48484848484848486","0.48484848484848486","0.48484848484848486","0.48484848484848486","0.48484848484848486","0.48484848484848486","0.48484848484848486","0.48484848484848486","0.48484848484848486","0.48484848484848486","0.48484848484848486","0.48484848484848486","0.48484848484848486","0.48484848484848486","0.48484848484848486","0.48484848484848486","0.48484848484848486","0.48484848484848486","0.48484848484848486","0.48484848484848486","0.48484848484848486","0.48484848484848486","0.48484848484848486","0.48484848484848486","0.48484848484848486","0.48484848484848486","0.48484848484848486","0.48484848484848486","0.48484848484848486","0.48484848484848486","0.48484848484848486","0.48484848484848486","0.48484848484848486","0.48484848484848486","0.48484848484848486","0.48484848484848486","0.48484848484848486","0.48484848484848486","0.48484848484848486","0.48484848484848486","0.48484848484848486","0.48484848484848486","0.48484848484848486","0.48484848484848486","0.48484848484848486","0.48484848484848486","0.48484848484848486","0.48484848484848486","0.48484848484848486","0.48484848484848486","0.48484848484848486","0.48484848484848486","0.48484848484848486","0.48484848484848486","0.48484848484848486","0.48484848484848486","0.48484848484848486","0.48484848484848486","0.48484848484848486","0.48484848484848486","0.48484848484848486","0.48484848484848486","0.48484848484848486","0.48484848484848486","0.48484848484848486","0.48484848484848486","0.48484848484848486","0.48484848484848486","0.48484848484848486","0.48484848484848486","0.48484848484848486","0.48484848484848486","0.48484848484848486","0.48484848484848486","0.48484848484848486","0.48484848484848486","0.48484848484848486","0.48484848484848486","0.48484848484848486","0.48484848484848486","0.48484848484848486","0.48484848484848486","0.48484848484848486","0.48484848484848486","0.48484848484848486","0.48484848484848486","0.48484848484848486","0.48484848484848486","0.48484848484848486","0.48484848484848486","0.48484848484848486","0.48484848484848486","0.48484848484848486","0.48484848484848486","0.48484848484848486","0.48484848484848486","0.48484848484848486","0.48484848484848486","0.48484848484848486","0.48484848484848486","0.48484848484848486","0.48484848484848486","0.48484848484848486","0.48484848484848486","0.48484848484848486","0.48484848484848486","0.48484848484848486","0.48484848484848486","0.48484848484848486","0.48484848484848486","0.48484848484848486","0.48484848484848486","0.48484848484848486","0.48484848484848486","0.48484848484848486","0.48484848484848486","0.48484848484848486","0.48484848484848486","0.48484848484848486","0.48484848484848486","0.48484848484848486","0.48484848484848486","0.48484848484848486","0.48484848484848486","0.48484848484848486","0.48484848484848486","0.48484848484848486","0.48484848484848486","0.48484848484848486","0.48484848484848486","0.48484848484848486","0.48484848484848486","0.48484848484848486","0.48484848484848486","0.48484848484848486","0.48484848484848486","0.48484848484848486","0.48484848484848486","0.48484848484848486","0.48484848484848486","0.48484848484848486","0.48484848484848486","0.48484848484848486","0.48484848484848486","0.48484848484848486","0.48484848484848486","0.48484848484848486","0.48484848484848486","0.48484848484848486","0.48484848484848486","0.48484848484848486","0.48484848484848486","0.48484848484848486","0.48484848484848486","0.48484848484848486","0.48484848484848486","0.48484848484848486","0.48484848484848486","0.48484848484848486","0.48484848484848486","0.48484848484848486","0.48484848484848486","0.48484848484848486","0.48484848484848486","0.48484848484848486","0.48484848484848486","0.48484848484848486","0.48484848484848486","0.48484848484848486","0.48484848484848486","0.48484848484848486","0.48484848484848486","0.48484848484848486","0.48484848484848486","0.48484848484848486","0.48484848484848486","0.48484848484848486","0.48484848484848486","0.48484848484848486","0.48484848484848486","0.48484848484848486","0.48484848484848486","0.48484848484848486","0.48484848484848486","0.48484848484848486","0.48484848484848486","0.48484848484848486","0.48484848484848486","0.48484848484848486","0.48484848484848486","0.48484848484848486","0.48484848484848486","0.48484848484848486","0.48484848484848486","0.48484848484848486","0.48484848484848486","0.48484848484848486","0.48484848484848486","0.48484848484848486","0.48484848484848486","0.48484848484848486","0.48484848484848486","0.48484848484848486","0.48484848484848486","0.48484848484848486","0.48484848484848486","0.48484848484848486","0.48484848484848486","0.48484848484848486","0.48484848484848486","0.48484848484848486","0.48484848484848486","0.48484848484848486","0.48484848484848486","0.48484848484848486","0.48484848484848486","0.48484848484848486","0.48484848484848486","0.48484848484848486","0.48484848484848486","0.48484848484848486","0.48484848484848486","0.48484848484848486","0.48484848484848486","0.48484848484848486","0.48484848484848486","0.48484848484848486","0.48484848484848486","0.48484848484848486","0.48484848484848486","0.48484848484848486","0.48484848484848486","0.48484848484848486","0.48484848484848486","0.48484848484848486","0.48484848484848486","0.48484848484848486","0.48484848484848486","0.48484848484848486","0.48484848484848486","0.48484848484848486","0.48484848484848486","0.48484848484848486","0.48484848484848486","0.48484848484848486","0.48484848484848486","0.48484848484848486","0.48484848484848486","0.48484848484848486","0.48484848484848486","0.48484848484848486","0.48484848484848486","0.48484848484848486","0.48484848484848486","0.48484848484848486","0.48484848484848486","0.48484848484848486","0.48484848484848486","0.48484848484848486","0.48484848484848486","0.48484848484848486","0.48484848484848486","0.48484848484848486","0.48484848484848486","0.48484848484848486","0.48484848484848486","0.48484848484848486","0.48484848484848486","0.48484848484848486","0.48484848484848486","0.48484848484848486","0.48484848484848486","0.48484848484848486","0.48484848484848486","0.48484848484848486","0.48484848484848486","0.48484848484848486","0.48484848484848486","0.48484848484848486","0.48484848484848486","0.48484848484848486","0.48484848484848486","0.48484848484848486","0.48484848484848486","0.48484848484848486","0.48484848484848486","0.48484848484848486","0.48484848484848486","0.48484848484848486","0.48484848484848486","0.48484848484848486","0.48484848484848486","0.48484848484848486","0.48484848484848486","0.48484848484848486","0.48484848484848486","0.48484848484848486","0.48484848484848486","0.48484848484848486","0.48484848484848486","0.48484848484848486","0.48484848484848486","0.48484848484848486","0.48484848484848486","0.48484848484848486","0.48484848484848486","0.48484848484848486","0.48484848484848486","0.48484848484848486","0.48484848484848486","0.48484848484848486","0.48484848484848486","0.48484848484848486","0.48484848484848486","0.48484848484848486","0.48484848484848486","0.48484848484848486","0.48484848484848486","0.48484848484848486","0.48484848484848486","0.48484848484848486","0.48484848484848486","0.48484848484848486","0.48484848484848486","0.48484848484848486","0.48484848484848486","330","7823"
"WSPy-TypeHintsInference","flutils.validators","1591027805299645901","11","7143294580","1.0","9","170","9","170","0.9130434782608695","0.9130434782608695","0.9130434782608695","0.9565217391304348","0.9565217391304348","0.9565217391304348","0.9955666005384786","1.0","1.0","1.0","1.0","1.0","1.0","1.0","1.0","1.0","1.0","1.0","1.0","1.0","1.0","1.0","1.0","1.0","1.0","1.0","1.0","1.0","1.0","1.0","1.0","1.0","1.0","1.0","1.0","1.0","1.0","1.0","1.0","1.0","1.0","1.0","1.0","1.0","1.0","1.0","1.0","1.0","1.0","1.0","1.0","1.0","1.0","1.0","1.0","1.0","1.0","1.0","1.0","1.0","1.0","1.0","1.0","1.0","1.0","1.0","1.0","1.0","1.0","1.0","1.0","1.0","1.0","1.0","1.0","1.0","1.0","1.0","1.0","1.0","1.0","1.0","1.0","1.0","1.0","1.0","1.0","1.0","1.0","1.0","1.0","1.0","1.0","1.0","1.0","1.0","1.0","1.0","1.0","1.0","1.0","1.0","1.0","1.0","1.0","1.0","1.0","1.0","1.0","1.0","1.0","1.0","1.0","1.0","1.0","1.0","1.0","1.0","1.0","1.0","1.0","1.0","1.0","1.0","1.0","1.0","1.0","1.0","1.0","1.0","1.0","1.0","1.0","1.0","1.0","1.0","1.0","1.0","1.0","1.0","1.0","1.0","1.0","1.0","1.0","1.0","1.0","1.0","1.0","1.0","1.0","1.0","1.0","1.0","1.0","1.0","1.0","1.0","1.0","1.0","1.0","1.0","1.0","1.0","1.0","1.0","1.0","1.0","1.0","1.0","1.0","1.0","1.0","1.0","1.0","1.0","1.0","1.0","1.0","1.0","1.0","1.0","1.0","1.0","1.0","1.0","1.0","1.0","1.0","1.0","1.0","1.0","1.0","1.0","1.0","1.0","1.0","1.0","1.0","1.0","1.0","1.0","1.0","1.0","1.0","1.0","1.0","1.0","1.0","1.0","1.0","1.0","1.0","1.0","1.0","1.0","1.0","1.0","1.0","1.0","1.0","1.0","1.0","1.0","1.0","1.0","1.0","1.0","1.0","1.0","1.0","1.0","1.0","1.0","1.0","1.0","1.0","1.0","1.0","1.0","1.0","1.0","1.0","1.0","1.0","1.0","1.0","1.0","1.0","1.0","1.0","1.0","1.0","1.0","1.0","1.0","1.0","1.0","1.0","1.0","1.0","1.0","1.0","1.0","1.0","1.0","1.0","1.0","1.0","1.0","1.0","1.0","1.0","1.0","1.0","1.0","1.0","1.0","1.0","1.0","1.0","1.0","1.0","1.0","1.0","1.0","1.0","1.0","1.0","1.0","1.0","1.0","1.0","1.0","1.0","1.0","1.0","1.0","1.0","1.0","1.0","1.0","1.0","1.0","1.0","1.0","1.0","1.0","1.0","1.0","1.0","1.0","1.0","1.0","1.0","1.0","1.0","1.0","1.0","1.0","1.0","1.0","1.0","1.0","1.0","1.0","1.0","1.0","1.0","1.0","1.0","1.0","1.0","1.0","1.0","1.0","1.0","1.0","1.0","1.0","1.0","1.0","1.0","1.0","1.0","1.0","1.0","1.0","1.0","1.0","1.0","1.0","1.0","1.0","1.0","1.0","1.0","1.0","1.0","1.0","1.0","1.0","1.0","1.0","1.0","1.0","1.0","1.0","1.0","1.0","1.0","1.0","1.0","1.0","1.0","1.0","1.0","1.0","1.0","1.0","1.0","1.0","1.0","1.0","1.0","1.0","1.0","1.0","1.0","1.0","1.0","1.0","1.0","1.0","1.0","1.0","1.0","1.0","1.0","1.0","1.0","1.0","1.0","1.0","1.0","1.0","1.0","1.0","1.0","1.0","1.0","1.0","1.0","1.0","1.0","1.0","1.0","1.0","1.0","1.0","1.0","1.0","1.0","1.0","1.0","1.0","1.0","1.0","1.0","1.0","1.0","1.0","1.0","1.0","1.0","1.0","1.0","1.0","1.0","1.0","1.0","1.0","1.0","1.0","1.0","1.0","1.0","1.0","1.0","1.0","1.0","1.0","1.0","1.0","1.0","1.0","1.0","1.0","1.0","1.0","1.0","1.0","1.0","1.0","1.0","1.0","1.0","1.0","1.0","1.0","1.0","1.0","1.0","1.0","1.0","1.0","1.0","1.0","1.0","1.0","1.0","1.0","1.0","1.0","1.0","1.0","1.0","1.0","1.0","1.0","1.0","1.0","1.0","1.0","1.0","1.0","1.0","1.0","1.0","1.0","1.0","1.0","1.0","1.0","1.0","1.0","1.0","1.0","1.0","1.0","1.0","1.0","1.0","1.0","1.0","1.0","1.0","1.0","1.0","1.0","1.0","1.0","1.0","1.0","1.0","1.0","1.0","1.0","1.0","1.0","1.0","1.0","1.0","1.0","1.0","1.0","1.0","1.0","1.0","1.0","1.0","1.0","1.0","1.0","1.0","1.0","1.0","1.0","1.0","1.0","1.0","1.0","1.0","1.0","1.0","1.0","1.0","1.0","1.0","1.0","1.0","1.0","1.0","1.0","1.0","1.0","1.0","1.0","1.0","1.0","1.0","1.0","1.0","1.0","1.0","1.0","1.0","1.0","1.0","1.0","1.0","1.0","1.0","1.0","1.0","1.0","1.0","1.0","1.0","1.0","1.0","1.0","1.0","1.0","1.0","1.0","1.0","1.0","1.0","1.0","0","0"
"WSPy-TypeHintsInference","flutils.strutils","1591027805087712863","909","600673681408","0.9545454545454546","7","141","4","80","0.8636363636363636","0.8636363636363636","0.8636363636363636","0.8636363636363636","0.8636363636363636","0.8636363636363636","0.8636363636363636","0.8636363636363636","0.8636363636363636","0.9090909090909091","0.9090909090909091","0.9090909090909091","0.9378999544776206","0.9545454545454546","0.9545454545454546","0.9545454545454546","0.9545454545454546","0.9545454545454546","0.9545454545454546","0.9545454545454546","0.9545454545454546","0.9545454545454546","0.9545454545454546","0.9545454545454546","0.9545454545454546","0.9545454545454546","0.9545454545454546","0.9545454545454546","0.9545454545454546","0.9545454545454546","0.9545454545454546","0.9545454545454546","0.9545454545454546","0.9545454545454546","0.9545454545454546","0.9545454545454546","0.9545454545454546","0.9545454545454546","0.9545454545454546","0.9545454545454546","0.9545454545454546","0.9545454545454546","0.9545454545454546","0.9545454545454546","0.9545454545454546","0.9545454545454546","0.9545454545454546","0.9545454545454546","0.9545454545454546","0.9545454545454546","0.9545454545454546","0.9545454545454546","0.9545454545454546","0.9545454545454546","0.9545454545454546","0.9545454545454546","0.9545454545454546","0.9545454545454546","0.9545454545454546","0.9545454545454546","0.9545454545454546","0.9545454545454546","0.9545454545454546","0.9545454545454546","0.9545454545454546","0.9545454545454546","0.9545454545454546","0.9545454545454546","0.9545454545454546","0.9545454545454546","0.9545454545454546","0.9545454545454546","0.9545454545454546","0.9545454545454546","0.9545454545454546","0.9545454545454546","0.9545454545454546","0.9545454545454546","0.9545454545454546","0.9545454545454546","0.9545454545454546","0.9545454545454546","0.9545454545454546","0.9545454545454546","0.9545454545454546","0.9545454545454546","0.9545454545454546","0.9545454545454546","0.9545454545454546","0.9545454545454546","0.9545454545454546","0.9545454545454546","0.9545454545454546","0.9545454545454546","0.9545454545454546","0.9545454545454546","0.9545454545454546","0.9545454545454546","0.9545454545454546","0.9545454545454546","0.9545454545454546","0.9545454545454546","0.9545454545454546","0.9545454545454546","0.9545454545454546","0.9545454545454546","0.9545454545454546","0.9545454545454546","0.9545454545454546","0.9545454545454546","0.9545454545454546","0.9545454545454546","0.9545454545454546","0.9545454545454546","0.9545454545454546","0.9545454545454546","0.9545454545454546","0.9545454545454546","0.9545454545454546","0.9545454545454546","0.9545454545454546","0.9545454545454546","0.9545454545454546","0.9545454545454546","0.9545454545454546","0.9545454545454546","0.9545454545454546","0.9545454545454546","0.9545454545454546","0.9545454545454546","0.9545454545454546","0.9545454545454546","0.9545454545454546","0.9545454545454546","0.9545454545454546","0.9545454545454546","0.9545454545454546","0.9545454545454546","0.9545454545454546","0.9545454545454546","0.9545454545454546","0.9545454545454546","0.9545454545454546","0.9545454545454546","0.9545454545454546","0.9545454545454546","0.9545454545454546","0.9545454545454546","0.9545454545454546","0.9545454545454546","0.9545454545454546","0.9545454545454546","0.9545454545454546","0.9545454545454546","0.9545454545454546","0.9545454545454546","0.9545454545454546","0.9545454545454546","0.9545454545454546","0.9545454545454546","0.9545454545454546","0.9545454545454546","0.9545454545454546","0.9545454545454546","0.9545454545454546","0.9545454545454546","0.9545454545454546","0.9545454545454546","0.9545454545454546","0.9545454545454546","0.9545454545454546","0.9545454545454546","0.9545454545454546","0.9545454545454546","0.9545454545454546","0.9545454545454546","0.9545454545454546","0.9545454545454546","0.9545454545454546","0.9545454545454546","0.9545454545454546","0.9545454545454546","0.9545454545454546","0.9545454545454546","0.9545454545454546","0.9545454545454546","0.9545454545454546","0.9545454545454546","0.9545454545454546","0.9545454545454546","0.9545454545454546","0.9545454545454546","0.9545454545454546","0.9545454545454546","0.9545454545454546","0.9545454545454546","0.9545454545454546","0.9545454545454546","0.9545454545454546","0.9545454545454546","0.9545454545454546","0.9545454545454546","0.9545454545454546","0.9545454545454546","0.9545454545454546","0.9545454545454546","0.9545454545454546","0.9545454545454546","0.9545454545454546","0.9545454545454546","0.9545454545454546","0.9545454545454546","0.9545454545454546","0.9545454545454546","0.9545454545454546","0.9545454545454546","0.9545454545454546","0.9545454545454546","0.9545454545454546","0.9545454545454546","0.9545454545454546","0.9545454545454546","0.9545454545454546","0.9545454545454546","0.9545454545454546","0.9545454545454546","0.9545454545454546","0.9545454545454546","0.9545454545454546","0.9545454545454546","0.9545454545454546","0.9545454545454546","0.9545454545454546","0.9545454545454546","0.9545454545454546","0.9545454545454546","0.9545454545454546","0.9545454545454546","0.9545454545454546","0.9545454545454546","0.9545454545454546","0.9545454545454546","0.9545454545454546","0.9545454545454546","0.9545454545454546","0.9545454545454546","0.9545454545454546","0.9545454545454546","0.9545454545454546","0.9545454545454546","0.9545454545454546","0.9545454545454546","0.9545454545454546","0.9545454545454546","0.9545454545454546","0.9545454545454546","0.9545454545454546","0.9545454545454546","0.9545454545454546","0.9545454545454546","0.9545454545454546","0.9545454545454546","0.9545454545454546","0.9545454545454546","0.9545454545454546","0.9545454545454546","0.9545454545454546","0.9545454545454546","0.9545454545454546","0.9545454545454546","0.9545454545454546","0.9545454545454546","0.9545454545454546","0.9545454545454546","0.9545454545454546","0.9545454545454546","0.9545454545454546","0.9545454545454546","0.9545454545454546","0.9545454545454546","0.9545454545454546","0.9545454545454546","0.9545454545454546","0.9545454545454546","0.9545454545454546","0.9545454545454546","0.9545454545454546","0.9545454545454546","0.9545454545454546","0.9545454545454546","0.9545454545454546","0.9545454545454546","0.9545454545454546","0.9545454545454546","0.9545454545454546","0.9545454545454546","0.9545454545454546","0.9545454545454546","0.9545454545454546","0.9545454545454546","0.9545454545454546","0.9545454545454546","0.9545454545454546","0.9545454545454546","0.9545454545454546","0.9545454545454546","0.9545454545454546","0.9545454545454546","0.9545454545454546","0.9545454545454546","0.9545454545454546","0.9545454545454546","0.9545454545454546","0.9545454545454546","0.9545454545454546","0.9545454545454546","0.9545454545454546","0.9545454545454546","0.9545454545454546","0.9545454545454546","0.9545454545454546","0.9545454545454546","0.9545454545454546","0.9545454545454546","0.9545454545454546","0.9545454545454546","0.9545454545454546","0.9545454545454546","0.9545454545454546","0.9545454545454546","0.9545454545454546","0.9545454545454546","0.9545454545454546","0.9545454545454546","0.9545454545454546","0.9545454545454546","0.9545454545454546","0.9545454545454546","0.9545454545454546","0.9545454545454546","0.9545454545454546","0.9545454545454546","0.9545454545454546","0.9545454545454546","0.9545454545454546","0.9545454545454546","0.9545454545454546","0.9545454545454546","0.9545454545454546","0.9545454545454546","0.9545454545454546","0.9545454545454546","0.9545454545454546","0.9545454545454546","0.9545454545454546","0.9545454545454546","0.9545454545454546","0.9545454545454546","0.9545454545454546","0.9545454545454546","0.9545454545454546","0.9545454545454546","0.9545454545454546","0.9545454545454546","0.9545454545454546","0.9545454545454546","0.9545454545454546","0.9545454545454546","0.9545454545454546","0.9545454545454546","0.9545454545454546","0.9545454545454546","0.9545454545454546","0.9545454545454546","0.9545454545454546","0.9545454545454546","0.9545454545454546","0.9545454545454546","0.9545454545454546","0.9545454545454546","0.9545454545454546","0.9545454545454546","0.9545454545454546","0.9545454545454546","0.9545454545454546","0.9545454545454546","0.9545454545454546","0.9545454545454546","0.9545454545454546","0.9545454545454546","0.9545454545454546","0.9545454545454546","0.9545454545454546","0.9545454545454546","0.9545454545454546","0.9545454545454546","0.9545454545454546","0.9545454545454546","0.9545454545454546","0.9545454545454546","0.9545454545454546","0.9545454545454546","0.9545454545454546","0.9545454545454546","0.9545454545454546","0.9545454545454546","0.9545454545454546","0.9545454545454546","0.9545454545454546","0.9545454545454546","0.9545454545454546","0.9545454545454546","0.9545454545454546","0.9545454545454546","0.9545454545454546","0.9545454545454546","0.9545454545454546","0.9545454545454546","0.9545454545454546","0.9545454545454546","0.9545454545454546","0.9545454545454546","0.9545454545454546","0.9545454545454546","0.9545454545454546","0.9545454545454546","0.9545454545454546","0.9545454545454546","0.9545454545454546","0.9545454545454546","0.9545454545454546","0.9545454545454546","0.9545454545454546","0.9545454545454546","0.9545454545454546","0.9545454545454546","0.9545454545454546","0.9545454545454546","0.9545454545454546","0.9545454545454546","0.9545454545454546","0.9545454545454546","0.9545454545454546","0.9545454545454546","0.9545454545454546","0.9545454545454546","0.9545454545454546","0.9545454545454546","0.9545454545454546","0.9545454545454546","0.9545454545454546","0.9545454545454546","0.9545454545454546","0.9545454545454546","0.9545454545454546","0.9545454545454546","0.9545454545454546","0.9545454545454546","0.9545454545454546","0.9545454545454546","0.9545454545454546","0.9545454545454546","0.9545454545454546","0.9545454545454546","0.9545454545454546","0.9545454545454546","0.9545454545454546","0.9545454545454546","0.9545454545454546","0.9545454545454546","0.9545454545454546","0.9545454545454546","0.9545454545454546","0.9545454545454546","0.9545454545454546","0.9545454545454546","0.9545454545454546","0.9545454545454546","0.9545454545454546","0.9545454545454546","0.9545454545454546","0.9545454545454546","0.9545454545454546","0.9545454545454546","0.9545454545454546","0.9545454545454546","0.9545454545454546","0.9545454545454546","0.9545454545454546","0.9545454545454546","0.9545454545454546","0.9545454545454546","0.9545454545454546","0.9545454545454546","0.9545454545454546","0.9545454545454546","0.9545454545454546","0.9545454545454546","0.9545454545454546","0.9545454545454546","0.9545454545454546","0.9545454545454546","0.9545454545454546","0.9545454545454546","0.9545454545454546","0.9545454545454546","0.9545454545454546","0.9545454545454546","0.9545454545454546","0.9545454545454546","0.9545454545454546","0.9545454545454546","0.9545454545454546","0.9545454545454546","0.9545454545454546","0.9545454545454546","0.9545454545454546","0.9545454545454546","0.9545454545454546","0.9545454545454546","0.9545454545454546","0.9545454545454546","0.9545454545454546","0.9545454545454546","0.9545454545454546","0.9545454545454546","0.9545454545454546","0.9545454545454546","0.9545454545454546","0.9545454545454546","0.9545454545454546","0.9545454545454546","0.9545454545454546","0.9545454545454546","0.9545454545454546","0.9545454545454546","0.9545454545454546","0.9545454545454546","0.9545454545454546","0.9545454545454546","0.9545454545454546","0.9545454545454546","0.9545454545454546","0.9545454545454546","0.9545454545454546","0.9545454545454546","0.9545454545454546","0.9545454545454546","0.9545454545454546","0.9545454545454546","0.9545454545454546","0.9545454545454546","0.9545454545454546","0.9545454545454546","0.9545454545454546","0.9545454545454546","0.9545454545454546","0.9545454545454546","0.9545454545454546","0.9545454545454546","0.9545454545454546","0.9545454545454546","0.9545454545454546","0.9545454545454546","0.9545454545454546","0.9545454545454546","0.9545454545454546","0.9545454545454546","0.9545454545454546","0.9545454545454546","0.9545454545454546","0.9545454545454546","0.9545454545454546","0.9545454545454546","0.9545454545454546","0.9545454545454546","0.9545454545454546","0.9545454545454546","0.9545454545454546","0.9545454545454546","0.9545454545454546","0.9545454545454546","0.9545454545454546","0.9545454545454546","0.9545454545454546","0.9545454545454546","0.9545454545454546","0.9545454545454546","0.9545454545454546","0.9545454545454546","0.9545454545454546","0.9545454545454546","0.9545454545454546","0.9545454545454546","0.9545454545454546","0.9545454545454546","0.9545454545454546","0.9545454545454546","0.9545454545454546","0.9545454545454546","3","61"
"RandooPy-TypeHintsInference","flutils.strutils","1591027665269546083","292","610569237635","0.7272727272727273","290","6684","14","345","0.6818181818181818","0.6818181818181818","0.7272727272727273","0.7272727272727273","0.7272727272727273","0.7272727272727273","0.7272727272727273","0.7272727272727273","0.7272727272727273","0.7272727272727273","0.7272727272727273","0.7272727272727273","0.7272727272727273","0.7272727272727273","0.7272727272727273","0.7272727272727273","0.7272727272727273","0.7272727272727273","0.7272727272727273","0.7272727272727273","0.7272727272727273","0.7272727272727273","0.7272727272727273","0.7272727272727273","0.7272727272727273","0.7272727272727273","0.7272727272727273","0.7272727272727273","0.7272727272727273","0.7272727272727273","0.7272727272727273","0.7272727272727273","0.7272727272727273","0.7272727272727273","0.7272727272727273","0.7272727272727273","0.7272727272727273","0.7272727272727273","0.7272727272727273","0.7272727272727273","0.7272727272727273","0.7272727272727273","0.7272727272727273","0.7272727272727273","0.7272727272727273","0.7272727272727273","0.7272727272727273","0.7272727272727273","0.7272727272727273","0.7272727272727273","0.7272727272727273","0.7272727272727273","0.7272727272727273","0.7272727272727273","0.7272727272727273","0.7272727272727273","0.7272727272727273","0.7272727272727273","0.7272727272727273","0.7272727272727273","0.7272727272727273","0.7272727272727273","0.7272727272727273","0.7272727272727273","0.7272727272727273","0.7272727272727273","0.7272727272727273","0.7272727272727273","0.7272727272727273","0.7272727272727273","0.7272727272727273","0.7272727272727273","0.7272727272727273","0.7272727272727273","0.7272727272727273","0.7272727272727273","0.7272727272727273","0.7272727272727273","0.7272727272727273","0.7272727272727273","0.7272727272727273","0.7272727272727273","0.7272727272727273","0.7272727272727273","0.7272727272727273","0.7272727272727273","0.7272727272727273","0.7272727272727273","0.7272727272727273","0.7272727272727273","0.7272727272727273","0.7272727272727273","0.7272727272727273","0.7272727272727273","0.7272727272727273","0.7272727272727273","0.7272727272727273","0.7272727272727273","0.7272727272727273","0.7272727272727273","0.7272727272727273","0.7272727272727273","0.7272727272727273","0.7272727272727273","0.7272727272727273","0.7272727272727273","0.7272727272727273","0.7272727272727273","0.7272727272727273","0.7272727272727273","0.7272727272727273","0.7272727272727273","0.7272727272727273","0.7272727272727273","0.7272727272727273","0.7272727272727273","0.7272727272727273","0.7272727272727273","0.7272727272727273","0.7272727272727273","0.7272727272727273","0.7272727272727273","0.7272727272727273","0.7272727272727273","0.7272727272727273","0.7272727272727273","0.7272727272727273","0.7272727272727273","0.7272727272727273","0.7272727272727273","0.7272727272727273","0.7272727272727273","0.7272727272727273","0.7272727272727273","0.7272727272727273","0.7272727272727273","0.7272727272727273","0.7272727272727273","0.7272727272727273","0.7272727272727273","0.7272727272727273","0.7272727272727273","0.7272727272727273","0.7272727272727273","0.7272727272727273","0.7272727272727273","0.7272727272727273","0.7272727272727273","0.7272727272727273","0.7272727272727273","0.7272727272727273","0.7272727272727273","0.7272727272727273","0.7272727272727273","0.7272727272727273","0.7272727272727273","0.7272727272727273","0.7272727272727273","0.7272727272727273","0.7272727272727273","0.7272727272727273","0.7272727272727273","0.7272727272727273","0.7272727272727273","0.7272727272727273","0.7272727272727273","0.7272727272727273","0.7272727272727273","0.7272727272727273","0.7272727272727273","0.7272727272727273","0.7272727272727273","0.7272727272727273","0.7272727272727273","0.7272727272727273","0.7272727272727273","0.7272727272727273","0.7272727272727273","0.7272727272727273","0.7272727272727273","0.7272727272727273","0.7272727272727273","0.7272727272727273","0.7272727272727273","0.7272727272727273","0.7272727272727273","0.7272727272727273","0.7272727272727273","0.7272727272727273","0.7272727272727273","0.7272727272727273","0.7272727272727273","0.7272727272727273","0.7272727272727273","0.7272727272727273","0.7272727272727273","0.7272727272727273","0.7272727272727273","0.7272727272727273","0.7272727272727273","0.7272727272727273","0.7272727272727273","0.7272727272727273","0.7272727272727273","0.7272727272727273","0.7272727272727273","0.7272727272727273","0.7272727272727273","0.7272727272727273","0.7272727272727273","0.7272727272727273","0.7272727272727273","0.7272727272727273","0.7272727272727273","0.7272727272727273","0.7272727272727273","0.7272727272727273","0.7272727272727273","0.7272727272727273","0.7272727272727273","0.7272727272727273","0.7272727272727273","0.7272727272727273","0.7272727272727273","0.7272727272727273","0.7272727272727273","0.7272727272727273","0.7272727272727273","0.7272727272727273","0.7272727272727273","0.7272727272727273","0.7272727272727273","0.7272727272727273","0.7272727272727273","0.7272727272727273","0.7272727272727273","0.7272727272727273","0.7272727272727273","0.7272727272727273","0.7272727272727273","0.7272727272727273","0.7272727272727273","0.7272727272727273","0.7272727272727273","0.7272727272727273","0.7272727272727273","0.7272727272727273","0.7272727272727273","0.7272727272727273","0.7272727272727273","0.7272727272727273","0.7272727272727273","0.7272727272727273","0.7272727272727273","0.7272727272727273","0.7272727272727273","0.7272727272727273","0.7272727272727273","0.7272727272727273","0.7272727272727273","0.7272727272727273","0.7272727272727273","0.7272727272727273","0.7272727272727273","0.7272727272727273","0.7272727272727273","0.7272727272727273","0.7272727272727273","0.7272727272727273","0.7272727272727273","0.7272727272727273","0.7272727272727273","0.7272727272727273","0.7272727272727273","0.7272727272727273","0.7272727272727273","0.7272727272727273","0.7272727272727273","0.7272727272727273","0.7272727272727273","0.7272727272727273","0.7272727272727273","0.7272727272727273","0.7272727272727273","0.7272727272727273","0.7272727272727273","0.7272727272727273","0.7272727272727273","0.7272727272727273","0.7272727272727273","0.7272727272727273","0.7272727272727273","0.7272727272727273","0.7272727272727273","0.7272727272727273","0.7272727272727273","0.7272727272727273","0.7272727272727273","0.7272727272727273","0.7272727272727273","0.7272727272727273","0.7272727272727273","0.7272727272727273","0.7272727272727273","0.7272727272727273","0.7272727272727273","0.7272727272727273","0.7272727272727273","0.7272727272727273","0.7272727272727273","0.7272727272727273","0.7272727272727273","0.7272727272727273","0.7272727272727273","0.7272727272727273","0.7272727272727273","0.7272727272727273","0.7272727272727273","0.7272727272727273","0.7272727272727273","0.7272727272727273","0.7272727272727273","0.7272727272727273","0.7272727272727273","0.7272727272727273","0.7272727272727273","0.7272727272727273","0.7272727272727273","0.7272727272727273","0.7272727272727273","0.7272727272727273","0.7272727272727273","0.7272727272727273","0.7272727272727273","0.7272727272727273","0.7272727272727273","0.7272727272727273","0.7272727272727273","0.7272727272727273","0.7272727272727273","0.7272727272727273","0.7272727272727273","0.7272727272727273","0.7272727272727273","0.7272727272727273","0.7272727272727273","0.7272727272727273","0.7272727272727273","0.7272727272727273","0.7272727272727273","0.7272727272727273","0.7272727272727273","0.7272727272727273","0.7272727272727273","0.7272727272727273","0.7272727272727273","0.7272727272727273","0.7272727272727273","0.7272727272727273","0.7272727272727273","0.7272727272727273","0.7272727272727273","0.7272727272727273","0.7272727272727273","0.7272727272727273","0.7272727272727273","0.7272727272727273","0.7272727272727273","0.7272727272727273","0.7272727272727273","0.7272727272727273","0.7272727272727273","0.7272727272727273","0.7272727272727273","0.7272727272727273","0.7272727272727273","0.7272727272727273","0.7272727272727273","0.7272727272727273","0.7272727272727273","0.7272727272727273","0.7272727272727273","0.7272727272727273","0.7272727272727273","0.7272727272727273","0.7272727272727273","0.7272727272727273","0.7272727272727273","0.7272727272727273","0.7272727272727273","0.7272727272727273","0.7272727272727273","0.7272727272727273","0.7272727272727273","0.7272727272727273","0.7272727272727273","0.7272727272727273","0.7272727272727273","0.7272727272727273","0.7272727272727273","0.7272727272727273","0.7272727272727273","0.7272727272727273","0.7272727272727273","0.7272727272727273","0.7272727272727273","0.7272727272727273","0.7272727272727273","0.7272727272727273","0.7272727272727273","0.7272727272727273","0.7272727272727273","0.7272727272727273","0.7272727272727273","0.7272727272727273","0.7272727272727273","0.7272727272727273","0.7272727272727273","0.7272727272727273","0.7272727272727273","0.7272727272727273","0.7272727272727273","0.7272727272727273","0.7272727272727273","0.7272727272727273","0.7272727272727273","0.7272727272727273","0.7272727272727273","0.7272727272727273","0.7272727272727273","0.7272727272727273","0.7272727272727273","0.7272727272727273","0.7272727272727273","0.7272727272727273","0.7272727272727273","0.7272727272727273","0.7272727272727273","0.7272727272727273","0.7272727272727273","0.7272727272727273","0.7272727272727273","0.7272727272727273","0.7272727272727273","0.7272727272727273","0.7272727272727273","0.7272727272727273","0.7272727272727273","0.7272727272727273","0.7272727272727273","0.7272727272727273","0.7272727272727273","0.7272727272727273","0.7272727272727273","0.7272727272727273","0.7272727272727273","0.7272727272727273","0.7272727272727273","0.7272727272727273","0.7272727272727273","0.7272727272727273","0.7272727272727273","0.7272727272727273","0.7272727272727273","0.7272727272727273","0.7272727272727273","0.7272727272727273","0.7272727272727273","0.7272727272727273","0.7272727272727273","0.7272727272727273","0.7272727272727273","0.7272727272727273","0.7272727272727273","0.7272727272727273","0.7272727272727273","0.7272727272727273","0.7272727272727273","0.7272727272727273","0.7272727272727273","0.7272727272727273","0.7272727272727273","0.7272727272727273","0.7272727272727273","0.7272727272727273","0.7272727272727273","0.7272727272727273","0.7272727272727273","0.7272727272727273","0.7272727272727273","0.7272727272727273","0.7272727272727273","0.7272727272727273","0.7272727272727273","0.7272727272727273","0.7272727272727273","0.7272727272727273","0.7272727272727273","0.7272727272727273","0.7272727272727273","0.7272727272727273","0.7272727272727273","0.7272727272727273","0.7272727272727273","0.7272727272727273","0.7272727272727273","0.7272727272727273","0.7272727272727273","0.7272727272727273","0.7272727272727273","0.7272727272727273","0.7272727272727273","0.7272727272727273","0.7272727272727273","0.7272727272727273","0.7272727272727273","0.7272727272727273","0.7272727272727273","0.7272727272727273","0.7272727272727273","0.7272727272727273","0.7272727272727273","0.7272727272727273","0.7272727272727273","0.7272727272727273","0.7272727272727273","0.7272727272727273","0.7272727272727273","0.7272727272727273","0.7272727272727273","0.7272727272727273","0.7272727272727273","0.7272727272727273","0.7272727272727273","0.7272727272727273","0.7272727272727273","0.7272727272727273","0.7272727272727273","0.7272727272727273","0.7272727272727273","0.7272727272727273","0.7272727272727273","0.7272727272727273","0.7272727272727273","0.7272727272727273","0.7272727272727273","0.7272727272727273","0.7272727272727273","0.7272727272727273","0.7272727272727273","0.7272727272727273","0.7272727272727273","0.7272727272727273","0.7272727272727273","0.7272727272727273","0.7272727272727273","0.7272727272727273","0.7272727272727273","0.7272727272727273","0.7272727272727273","0.7272727272727273","0.7272727272727273","0.7272727272727273","0.7272727272727273","0.7272727272727273","0.7272727272727273","0.7272727272727273","0.7272727272727273","0.7272727272727273","0.7272727272727273","0.7272727272727273","0.7272727272727273","0.7272727272727273","0.7272727272727273","0.7272727272727273","0.7272727272727273","0.7272727272727273","0.7272727272727273","0.7272727272727273","0.7272727272727273","0.7272727272727273","0.7272727272727273","0.7272727272727273","0.7272727272727273","0.7272727272727273","0.7272727272727273","0.7272727272727273","0.7272727272727273","0.7272727272727273","0.7272727272727273","0.7272727272727273","0.7272727272727273","0.7272727272727273","0.7272727272727273","0.7272727272727273","0.7272727272727273","0.7272727272727273","0.7272727272727273","0.7272727272727273","0.7272727272727273","276","6339"
"WSPy-NoTypes","flutils.moduleutils","1591028650168193868","1256","739475271353","0.25735294117647056","11","179","11","179","0.19852941176470587","0.19852941176470587","0.216280061006946","0.22058823529411764","0.21323529411764705","0.22058823529411764","0.22794117647058823","0.22794117647058823","0.22794117647058823","0.23529411764705882","0.23529411764705882","0.23529411764705882","0.23529411764705882","0.2426470588235294","0.2426470588235294","0.2464074769921714","0.25","0.25","0.25","0.25","0.25","0.25","0.25","0.25","0.25","0.25","0.25","0.25","0.25","0.25","0.25","0.25","0.25","0.25422957741022034","0.25735294117647056","0.25735294117647056","0.25735294117647056","0.25735294117647056","0.25735294117647056","0.25735294117647056","0.25735294117647056","0.25735294117647056","0.25735294117647056","0.25735294117647056","0.25735294117647056","0.25735294117647056","0.25735294117647056","0.25735294117647056","0.25735294117647056","0.25735294117647056","0.25735294117647056","0.25735294117647056","0.25735294117647056","0.25735294117647056","0.25735294117647056","0.25735294117647056","0.25735294117647056","0.25735294117647056","0.25735294117647056","0.25735294117647056","0.25735294117647056","0.25735294117647056","0.25735294117647056","0.25735294117647056","0.25735294117647056","0.25735294117647056","0.25735294117647056","0.25735294117647056","0.25735294117647056","0.25735294117647056","0.25735294117647056","0.25735294117647056","0.25735294117647056","0.25735294117647056","0.25735294117647056","0.25735294117647056","0.25735294117647056","0.25735294117647056","0.25735294117647056","0.25735294117647056","0.25735294117647056","0.25735294117647056","0.25735294117647056","0.25735294117647056","0.25735294117647056","0.25735294117647056","0.25735294117647056","0.25735294117647056","0.25735294117647056","0.25735294117647056","0.25735294117647056","0.25735294117647056","0.25735294117647056","0.25735294117647056","0.25735294117647056","0.25735294117647056","0.25735294117647056","0.25735294117647056","0.25735294117647056","0.25735294117647056","0.25735294117647056","0.25735294117647056","0.25735294117647056","0.25735294117647056","0.25735294117647056","0.25735294117647056","0.25735294117647056","0.25735294117647056","0.25735294117647056","0.25735294117647056","0.25735294117647056","0.25735294117647056","0.25735294117647056","0.25735294117647056","0.25735294117647056","0.25735294117647056","0.25735294117647056","0.25735294117647056","0.25735294117647056","0.25735294117647056","0.25735294117647056","0.25735294117647056","0.25735294117647056","0.25735294117647056","0.25735294117647056","0.25735294117647056","0.25735294117647056","0.25735294117647056","0.25735294117647056","0.25735294117647056","0.25735294117647056","0.25735294117647056","0.25735294117647056","0.25735294117647056","0.25735294117647056","0.25735294117647056","0.25735294117647056","0.25735294117647056","0.25735294117647056","0.25735294117647056","0.25735294117647056","0.25735294117647056","0.25735294117647056","0.25735294117647056","0.25735294117647056","0.25735294117647056","0.25735294117647056","0.25735294117647056","0.25735294117647056","0.25735294117647056","0.25735294117647056","0.25735294117647056","0.25735294117647056","0.25735294117647056","0.25735294117647056","0.25735294117647056","0.25735294117647056","0.25735294117647056","0.25735294117647056","0.25735294117647056","0.25735294117647056","0.25735294117647056","0.25735294117647056","0.25735294117647056","0.25735294117647056","0.25735294117647056","0.25735294117647056","0.25735294117647056","0.25735294117647056","0.25735294117647056","0.25735294117647056","0.25735294117647056","0.25735294117647056","0.25735294117647056","0.25735294117647056","0.25735294117647056","0.25735294117647056","0.25735294117647056","0.25735294117647056","0.25735294117647056","0.25735294117647056","0.25735294117647056","0.25735294117647056","0.25735294117647056","0.25735294117647056","0.25735294117647056","0.25735294117647056","0.25735294117647056","0.25735294117647056","0.25735294117647056","0.25735294117647056","0.25735294117647056","0.25735294117647056","0.25735294117647056","0.25735294117647056","0.25735294117647056","0.25735294117647056","0.25735294117647056","0.25735294117647056","0.25735294117647056","0.25735294117647056","0.25735294117647056","0.25735294117647056","0.25735294117647056","0.25735294117647056","0.25735294117647056","0.25735294117647056","0.25735294117647056","0.25735294117647056","0.25735294117647056","0.25735294117647056","0.25735294117647056","0.25735294117647056","0.25735294117647056","0.25735294117647056","0.25735294117647056","0.25735294117647056","0.25735294117647056","0.25735294117647056","0.25735294117647056","0.25735294117647056","0.25735294117647056","0.25735294117647056","0.25735294117647056","0.25735294117647056","0.25735294117647056","0.25735294117647056","0.25735294117647056","0.25735294117647056","0.25735294117647056","0.25735294117647056","0.25735294117647056","0.25735294117647056","0.25735294117647056","0.25735294117647056","0.25735294117647056","0.25735294117647056","0.25735294117647056","0.25735294117647056","0.25735294117647056","0.25735294117647056","0.25735294117647056","0.25735294117647056","0.25735294117647056","0.25735294117647056","0.25735294117647056","0.25735294117647056","0.25735294117647056","0.25735294117647056","0.25735294117647056","0.25735294117647056","0.25735294117647056","0.25735294117647056","0.25735294117647056","0.25735294117647056","0.25735294117647056","0.25735294117647056","0.25735294117647056","0.25735294117647056","0.25735294117647056","0.25735294117647056","0.25735294117647056","0.25735294117647056","0.25735294117647056","0.25735294117647056","0.25735294117647056","0.25735294117647056","0.25735294117647056","0.25735294117647056","0.25735294117647056","0.25735294117647056","0.25735294117647056","0.25735294117647056","0.25735294117647056","0.25735294117647056","0.25735294117647056","0.25735294117647056","0.25735294117647056","0.25735294117647056","0.25735294117647056","0.25735294117647056","0.25735294117647056","0.25735294117647056","0.25735294117647056","0.25735294117647056","0.25735294117647056","0.25735294117647056","0.25735294117647056","0.25735294117647056","0.25735294117647056","0.25735294117647056","0.25735294117647056","0.25735294117647056","0.25735294117647056","0.25735294117647056","0.25735294117647056","0.25735294117647056","0.25735294117647056","0.25735294117647056","0.25735294117647056","0.25735294117647056","0.25735294117647056","0.25735294117647056","0.25735294117647056","0.25735294117647056","0.25735294117647056","0.25735294117647056","0.25735294117647056","0.25735294117647056","0.25735294117647056","0.25735294117647056","0.25735294117647056","0.25735294117647056","0.25735294117647056","0.25735294117647056","0.25735294117647056","0.25735294117647056","0.25735294117647056","0.25735294117647056","0.25735294117647056","0.25735294117647056","0.25735294117647056","0.25735294117647056","0.25735294117647056","0.25735294117647056","0.25735294117647056","0.25735294117647056","0.25735294117647056","0.25735294117647056","0.25735294117647056","0.25735294117647056","0.25735294117647056","0.25735294117647056","0.25735294117647056","0.25735294117647056","0.25735294117647056","0.25735294117647056","0.25735294117647056","0.25735294117647056","0.25735294117647056","0.25735294117647056","0.25735294117647056","0.25735294117647056","0.25735294117647056","0.25735294117647056","0.25735294117647056","0.25735294117647056","0.25735294117647056","0.25735294117647056","0.25735294117647056","0.25735294117647056","0.25735294117647056","0.25735294117647056","0.25735294117647056","0.25735294117647056","0.25735294117647056","0.25735294117647056","0.25735294117647056","0.25735294117647056","0.25735294117647056","0.25735294117647056","0.25735294117647056","0.25735294117647056","0.25735294117647056","0.25735294117647056","0.25735294117647056","0.25735294117647056","0.25735294117647056","0.25735294117647056","0.25735294117647056","0.25735294117647056","0.25735294117647056","0.25735294117647056","0.25735294117647056","0.25735294117647056","0.25735294117647056","0.25735294117647056","0.25735294117647056","0.25735294117647056","0.25735294117647056","0.25735294117647056","0.25735294117647056","0.25735294117647056","0.25735294117647056","0.25735294117647056","0.25735294117647056","0.25735294117647056","0.25735294117647056","0.25735294117647056","0.25735294117647056","0.25735294117647056","0.25735294117647056","0.25735294117647056","0.25735294117647056","0.25735294117647056","0.25735294117647056","0.25735294117647056","0.25735294117647056","0.25735294117647056","0.25735294117647056","0.25735294117647056","0.25735294117647056","0.25735294117647056","0.25735294117647056","0.25735294117647056","0.25735294117647056","0.25735294117647056","0.25735294117647056","0.25735294117647056","0.25735294117647056","0.25735294117647056","0.25735294117647056","0.25735294117647056","0.25735294117647056","0.25735294117647056","0.25735294117647056","0.25735294117647056","0.25735294117647056","0.25735294117647056","0.25735294117647056","0.25735294117647056","0.25735294117647056","0.25735294117647056","0.25735294117647056","0.25735294117647056","0.25735294117647056","0.25735294117647056","0.25735294117647056","0.25735294117647056","0.25735294117647056","0.25735294117647056","0.25735294117647056","0.25735294117647056","0.25735294117647056","0.25735294117647056","0.25735294117647056","0.25735294117647056","0.25735294117647056","0.25735294117647056","0.25735294117647056","0.25735294117647056","0.25735294117647056","0.25735294117647056","0.25735294117647056","0.25735294117647056","0.25735294117647056","0.25735294117647056","0.25735294117647056","0.25735294117647056","0.25735294117647056","0.25735294117647056","0.25735294117647056","0.25735294117647056","0.25735294117647056","0.25735294117647056","0.25735294117647056","0.25735294117647056","0.25735294117647056","0.25735294117647056","0.25735294117647056","0.25735294117647056","0.25735294117647056","0.25735294117647056","0.25735294117647056","0.25735294117647056","0.25735294117647056","0.25735294117647056","0.25735294117647056","0.25735294117647056","0.25735294117647056","0.25735294117647056","0.25735294117647056","0.25735294117647056","0.25735294117647056","0.25735294117647056","0.25735294117647056","0.25735294117647056","0.25735294117647056","0.25735294117647056","0.25735294117647056","0.25735294117647056","0.25735294117647056","0.25735294117647056","0.25735294117647056","0.25735294117647056","0.25735294117647056","0.25735294117647056","0.25735294117647056","0.25735294117647056","0.25735294117647056","0.25735294117647056","0.25735294117647056","0.25735294117647056","0.25735294117647056","0.25735294117647056","0.25735294117647056","0.25735294117647056","0.25735294117647056","0.25735294117647056","0.25735294117647056","0.25735294117647056","0.25735294117647056","0.25735294117647056","0.25735294117647056","0.25735294117647056","0.25735294117647056","0.25735294117647056","0.25735294117647056","0.25735294117647056","0.25735294117647056","0.25735294117647056","0.25735294117647056","0.25735294117647056","0.25735294117647056","0.25735294117647056","0.25735294117647056","0.25735294117647056","0.25735294117647056","0.25735294117647056","0.25735294117647056","0.25735294117647056","0.25735294117647056","0.25735294117647056","0.25735294117647056","0.25735294117647056","0.25735294117647056","0.25735294117647056","0.25735294117647056","0.25735294117647056","0.25735294117647056","0.25735294117647056","0.25735294117647056","0.25735294117647056","0.25735294117647056","0.25735294117647056","0.25735294117647056","0.25735294117647056","0.25735294117647056","0.25735294117647056","0.25735294117647056","0.25735294117647056","0.25735294117647056","0.25735294117647056","0.25735294117647056","0.25735294117647056","0.25735294117647056","0.25735294117647056","0.25735294117647056","0.25735294117647056","0.25735294117647056","0.25735294117647056","0.25735294117647056","0.25735294117647056","0.25735294117647056","0.25735294117647056","0.25735294117647056","0.25735294117647056","0.25735294117647056","0.25735294117647056","0.25735294117647056","0.25735294117647056","0.25735294117647056","0.25735294117647056","0.25735294117647056","0.25735294117647056","0.25735294117647056","0.25735294117647056","0.25735294117647056","0.25735294117647056","0.25735294117647056","0.25735294117647056","0.25735294117647056","0.25735294117647056","0.25735294117647056","0.25735294117647056","0.25735294117647056","0.25735294117647056","0.25735294117647056","0.25735294117647056","0.25735294117647056","0.25735294117647056","0.25735294117647056","0.25735294117647056","0.25735294117647056","0.25735294117647056","0.25735294117647056","0.25735294117647056","0.25735294117647056","0.25735294117647056","0.25735294117647056","0.25735294117647056","0.25735294117647056","0.25735294117647056","0.25735294117647056","0.25735294117647056","0.25735294117647056","0.25735294117647056","0.25735294117647056","0.25735294117647056","0.25735294117647056","0","0"
"RandooPy-TypeHintsInference","flutils.namedtupleutils","1591027664978088484","253","611227294718","0.34210526315789475","215","6707","27","464","0.2631578947368421","0.2631578947368421","0.2631578947368421","0.2631578947368421","0.2631578947368421","0.2631578947368421","0.2631578947368421","0.2631578947368421","0.2631578947368421","0.2631578947368421","0.2631578947368421","0.3207665992111666","0.34210526315789475","0.34210526315789475","0.34210526315789475","0.34210526315789475","0.34210526315789475","0.34210526315789475","0.34210526315789475","0.34210526315789475","0.34210526315789475","0.34210526315789475","0.34210526315789475","0.34210526315789475","0.34210526315789475","0.34210526315789475","0.34210526315789475","0.34210526315789475","0.34210526315789475","0.34210526315789475","0.34210526315789475","0.34210526315789475","0.34210526315789475","0.34210526315789475","0.34210526315789475","0.34210526315789475","0.34210526315789475","0.34210526315789475","0.34210526315789475","0.34210526315789475","0.34210526315789475","0.34210526315789475","0.34210526315789475","0.34210526315789475","0.34210526315789475","0.34210526315789475","0.34210526315789475","0.34210526315789475","0.34210526315789475","0.34210526315789475","0.34210526315789475","0.34210526315789475","0.34210526315789475","0.34210526315789475","0.34210526315789475","0.34210526315789475","0.34210526315789475","0.34210526315789475","0.34210526315789475","0.34210526315789475","0.34210526315789475","0.34210526315789475","0.34210526315789475","0.34210526315789475","0.34210526315789475","0.34210526315789475","0.34210526315789475","0.34210526315789475","0.34210526315789475","0.34210526315789475","0.34210526315789475","0.34210526315789475","0.34210526315789475","0.34210526315789475","0.34210526315789475","0.34210526315789475","0.34210526315789475","0.34210526315789475","0.34210526315789475","0.34210526315789475","0.34210526315789475","0.34210526315789475","0.34210526315789475","0.34210526315789475","0.34210526315789475","0.34210526315789475","0.34210526315789475","0.34210526315789475","0.34210526315789475","0.34210526315789475","0.34210526315789475","0.34210526315789475","0.34210526315789475","0.34210526315789475","0.34210526315789475","0.34210526315789475","0.34210526315789475","0.34210526315789475","0.34210526315789475","0.34210526315789475","0.34210526315789475","0.34210526315789475","0.34210526315789475","0.34210526315789475","0.34210526315789475","0.34210526315789475","0.34210526315789475","0.34210526315789475","0.34210526315789475","0.34210526315789475","0.34210526315789475","0.34210526315789475","0.34210526315789475","0.34210526315789475","0.34210526315789475","0.34210526315789475","0.34210526315789475","0.34210526315789475","0.34210526315789475","0.34210526315789475","0.34210526315789475","0.34210526315789475","0.34210526315789475","0.34210526315789475","0.34210526315789475","0.34210526315789475","0.34210526315789475","0.34210526315789475","0.34210526315789475","0.34210526315789475","0.34210526315789475","0.34210526315789475","0.34210526315789475","0.34210526315789475","0.34210526315789475","0.34210526315789475","0.34210526315789475","0.34210526315789475","0.34210526315789475","0.34210526315789475","0.34210526315789475","0.34210526315789475","0.34210526315789475","0.34210526315789475","0.34210526315789475","0.34210526315789475","0.34210526315789475","0.34210526315789475","0.34210526315789475","0.34210526315789475","0.34210526315789475","0.34210526315789475","0.34210526315789475","0.34210526315789475","0.34210526315789475","0.34210526315789475","0.34210526315789475","0.34210526315789475","0.34210526315789475","0.34210526315789475","0.34210526315789475","0.34210526315789475","0.34210526315789475","0.34210526315789475","0.34210526315789475","0.34210526315789475","0.34210526315789475","0.34210526315789475","0.34210526315789475","0.34210526315789475","0.34210526315789475","0.34210526315789475","0.34210526315789475","0.34210526315789475","0.34210526315789475","0.34210526315789475","0.34210526315789475","0.34210526315789475","0.34210526315789475","0.34210526315789475","0.34210526315789475","0.34210526315789475","0.34210526315789475","0.34210526315789475","0.34210526315789475","0.34210526315789475","0.34210526315789475","0.34210526315789475","0.34210526315789475","0.34210526315789475","0.34210526315789475","0.34210526315789475","0.34210526315789475","0.34210526315789475","0.34210526315789475","0.34210526315789475","0.34210526315789475","0.34210526315789475","0.34210526315789475","0.34210526315789475","0.34210526315789475","0.34210526315789475","0.34210526315789475","0.34210526315789475","0.34210526315789475","0.34210526315789475","0.34210526315789475","0.34210526315789475","0.34210526315789475","0.34210526315789475","0.34210526315789475","0.34210526315789475","0.34210526315789475","0.34210526315789475","0.34210526315789475","0.34210526315789475","0.34210526315789475","0.34210526315789475","0.34210526315789475","0.34210526315789475","0.34210526315789475","0.34210526315789475","0.34210526315789475","0.34210526315789475","0.34210526315789475","0.34210526315789475","0.34210526315789475","0.34210526315789475","0.34210526315789475","0.34210526315789475","0.34210526315789475","0.34210526315789475","0.34210526315789475","0.34210526315789475","0.34210526315789475","0.34210526315789475","0.34210526315789475","0.34210526315789475","0.34210526315789475","0.34210526315789475","0.34210526315789475","0.34210526315789475","0.34210526315789475","0.34210526315789475","0.34210526315789475","0.34210526315789475","0.34210526315789475","0.34210526315789475","0.34210526315789475","0.34210526315789475","0.34210526315789475","0.34210526315789475","0.34210526315789475","0.34210526315789475","0.34210526315789475","0.34210526315789475","0.34210526315789475","0.34210526315789475","0.34210526315789475","0.34210526315789475","0.34210526315789475","0.34210526315789475","0.34210526315789475","0.34210526315789475","0.34210526315789475","0.34210526315789475","0.34210526315789475","0.34210526315789475","0.34210526315789475","0.34210526315789475","0.34210526315789475","0.34210526315789475","0.34210526315789475","0.34210526315789475","0.34210526315789475","0.34210526315789475","0.34210526315789475","0.34210526315789475","0.34210526315789475","0.34210526315789475","0.34210526315789475","0.34210526315789475","0.34210526315789475","0.34210526315789475","0.34210526315789475","0.34210526315789475","0.34210526315789475","0.34210526315789475","0.34210526315789475","0.34210526315789475","0.34210526315789475","0.34210526315789475","0.34210526315789475","0.34210526315789475","0.34210526315789475","0.34210526315789475","0.34210526315789475","0.34210526315789475","0.34210526315789475","0.34210526315789475","0.34210526315789475","0.34210526315789475","0.34210526315789475","0.34210526315789475","0.34210526315789475","0.34210526315789475","0.34210526315789475","0.34210526315789475","0.34210526315789475","0.34210526315789475","0.34210526315789475","0.34210526315789475","0.34210526315789475","0.34210526315789475","0.34210526315789475","0.34210526315789475","0.34210526315789475","0.34210526315789475","0.34210526315789475","0.34210526315789475","0.34210526315789475","0.34210526315789475","0.34210526315789475","0.34210526315789475","0.34210526315789475","0.34210526315789475","0.34210526315789475","0.34210526315789475","0.34210526315789475","0.34210526315789475","0.34210526315789475","0.34210526315789475","0.34210526315789475","0.34210526315789475","0.34210526315789475","0.34210526315789475","0.34210526315789475","0.34210526315789475","0.34210526315789475","0.34210526315789475","0.34210526315789475","0.34210526315789475","0.34210526315789475","0.34210526315789475","0.34210526315789475","0.34210526315789475","0.34210526315789475","0.34210526315789475","0.34210526315789475","0.34210526315789475","0.34210526315789475","0.34210526315789475","0.34210526315789475","0.34210526315789475","0.34210526315789475","0.34210526315789475","0.34210526315789475","0.34210526315789475","0.34210526315789475","0.34210526315789475","0.34210526315789475","0.34210526315789475","0.34210526315789475","0.34210526315789475","0.34210526315789475","0.34210526315789475","0.34210526315789475","0.34210526315789475","0.34210526315789475","0.34210526315789475","0.34210526315789475","0.34210526315789475","0.34210526315789475","0.34210526315789475","0.34210526315789475","0.34210526315789475","0.34210526315789475","0.34210526315789475","0.34210526315789475","0.34210526315789475","0.34210526315789475","0.34210526315789475","0.34210526315789475","0.34210526315789475","0.34210526315789475","0.34210526315789475","0.34210526315789475","0.34210526315789475","0.34210526315789475","0.34210526315789475","0.34210526315789475","0.34210526315789475","0.34210526315789475","0.34210526315789475","0.34210526315789475","0.34210526315789475","0.34210526315789475","0.34210526315789475","0.34210526315789475","0.34210526315789475","0.34210526315789475","0.34210526315789475","0.34210526315789475","0.34210526315789475","0.34210526315789475","0.34210526315789475","0.34210526315789475","0.34210526315789475","0.34210526315789475","0.34210526315789475","0.34210526315789475","0.34210526315789475","0.34210526315789475","0.34210526315789475","0.34210526315789475","0.34210526315789475","0.34210526315789475","0.34210526315789475","0.34210526315789475","0.34210526315789475","0.34210526315789475","0.34210526315789475","0.34210526315789475","0.34210526315789475","0.34210526315789475","0.34210526315789475","0.34210526315789475","0.34210526315789475","0.34210526315789475","0.34210526315789475","0.34210526315789475","0.34210526315789475","0.34210526315789475","0.34210526315789475","0.34210526315789475","0.34210526315789475","0.34210526315789475","0.34210526315789475","0.34210526315789475","0.34210526315789475","0.34210526315789475","0.34210526315789475","0.34210526315789475","0.34210526315789475","0.34210526315789475","0.34210526315789475","0.34210526315789475","0.34210526315789475","0.34210526315789475","0.34210526315789475","0.34210526315789475","0.34210526315789475","0.34210526315789475","0.34210526315789475","0.34210526315789475","0.34210526315789475","0.34210526315789475","0.34210526315789475","0.34210526315789475","0.34210526315789475","0.34210526315789475","0.34210526315789475","0.34210526315789475","0.34210526315789475","0.34210526315789475","0.34210526315789475","0.34210526315789475","0.34210526315789475","0.34210526315789475","0.34210526315789475","0.34210526315789475","0.34210526315789475","0.34210526315789475","0.34210526315789475","0.34210526315789475","0.34210526315789475","0.34210526315789475","0.34210526315789475","0.34210526315789475","0.34210526315789475","0.34210526315789475","0.34210526315789475","0.34210526315789475","0.34210526315789475","0.34210526315789475","0.34210526315789475","0.34210526315789475","0.34210526315789475","0.34210526315789475","0.34210526315789475","0.34210526315789475","0.34210526315789475","0.34210526315789475","0.34210526315789475","0.34210526315789475","0.34210526315789475","0.34210526315789475","0.34210526315789475","0.34210526315789475","0.34210526315789475","0.34210526315789475","0.34210526315789475","0.34210526315789475","0.34210526315789475","0.34210526315789475","0.34210526315789475","0.34210526315789475","0.34210526315789475","0.34210526315789475","0.34210526315789475","0.34210526315789475","0.34210526315789475","0.34210526315789475","0.34210526315789475","0.34210526315789475","0.34210526315789475","0.34210526315789475","0.34210526315789475","0.34210526315789475","0.34210526315789475","0.34210526315789475","0.34210526315789475","0.34210526315789475","0.34210526315789475","0.34210526315789475","0.34210526315789475","0.34210526315789475","0.34210526315789475","0.34210526315789475","0.34210526315789475","0.34210526315789475","0.34210526315789475","0.34210526315789475","0.34210526315789475","0.34210526315789475","0.34210526315789475","0.34210526315789475","0.34210526315789475","0.34210526315789475","0.34210526315789475","0.34210526315789475","0.34210526315789475","0.34210526315789475","0.34210526315789475","0.34210526315789475","0.34210526315789475","0.34210526315789475","0.34210526315789475","0.34210526315789475","0.34210526315789475","0.34210526315789475","0.34210526315789475","0.34210526315789475","0.34210526315789475","0.34210526315789475","0.34210526315789475","0.34210526315789475","0.34210526315789475","0.34210526315789475","0.34210526315789475","0.34210526315789475","0.34210526315789475","0.34210526315789475","0.34210526315789475","0.34210526315789475","0.34210526315789475","0.34210526315789475","0.34210526315789475","0.34210526315789475","0.34210526315789475","0.34210526315789475","0.34210526315789475","0.34210526315789475","0.34210526315789475","0.34210526315789475","0.34210526315789475","0.34210526315789475","0.34210526315789475","0.34210526315789475","0.34210526315789475","0.34210526315789475","0.34210526315789475","0.34210526315789475","0.34210526315789475","0.34210526315789475","0.34210526315789475","0.34210526315789475","0.34210526315789475","0.34210526315789475","0.34210526315789475","0.34210526315789475","0.34210526315789475","0.34210526315789475","0.34210526315789475","0.34210526315789475","0.34210526315789475","0.34210526315789475","0.34210526315789475","0.34210526315789475","0.34210526315789475","188","6243"
"RandooPy-NoTypes","flutils.pathutils","1591028236583908695","545","608385787455","0.5615384615384615","539","13925","369","9492","0.24852324901569875","0.3769230769230769","0.4230769230769231","0.4230769230769231","0.4307692307692308","0.4307692307692308","0.4307692307692308","0.4307692307692308","0.4307692307692308","0.4307692307692308","0.4461538461538462","0.4461538461538462","0.4461538461538462","0.4461538461538462","0.4461538461538462","0.4461538461538462","0.4461538461538462","0.4461538461538462","0.4461538461538462","0.4461538461538462","0.4461538461538462","0.4461538461538462","0.4461538461538462","0.4461538461538462","0.4461538461538462","0.4461538461538462","0.4461538461538462","0.4461538461538462","0.45384615384615384","0.45384615384615384","0.45384615384615384","0.45384615384615384","0.45384615384615384","0.45384615384615384","0.45384615384615384","0.45384615384615384","0.45384615384615384","0.45384615384615384","0.45384615384615384","0.45384615384615384","0.45384615384615384","0.45384615384615384","0.45384615384615384","0.45384615384615384","0.45384615384615384","0.45384615384615384","0.45384615384615384","0.45384615384615384","0.45384615384615384","0.45384615384615384","0.45384615384615384","0.45384615384615384","0.45384615384615384","0.45384615384615384","0.45384615384615384","0.45384615384615384","0.45384615384615384","0.45384615384615384","0.45384615384615384","0.45384615384615384","0.45384615384615384","0.45384615384615384","0.45384615384615384","0.46329499402836893","0.46923076923076923","0.46923076923076923","0.46923076923076923","0.46923076923076923","0.46923076923076923","0.46923076923076923","0.46923076923076923","0.46923076923076923","0.46923076923076923","0.46923076923076923","0.46923076923076923","0.46923076923076923","0.46923076923076923","0.46923076923076923","0.46923076923076923","0.46923076923076923","0.46923076923076923","0.46923076923076923","0.46923076923076923","0.46923076923076923","0.46923076923076923","0.46923076923076923","0.46923076923076923","0.46923076923076923","0.46923076923076923","0.46923076923076923","0.46923076923076923","0.46923076923076923","0.46923844801586995","0.47692307692307695","0.47692307692307695","0.47692307692307695","0.47692307692307695","0.47692307692307695","0.47692307692307695","0.47692307692307695","0.47692307692307695","0.5052205932407995","0.5307692307692308","0.4968015438697493","0.47692307692307695","0.47692307692307695","0.47692307692307695","0.47692307692307695","0.47692307692307695","0.48062204389268764","0.4846153846153846","0.4846153846153846","0.4846153846153846","0.4846153846153846","0.4846153846153846","0.4846153846153846","0.4846153846153846","0.4846153846153846","0.4846153846153846","0.4846153846153846","0.4846153846153846","0.4846153846153846","0.4846153846153846","0.4846153846153846","0.4846153846153846","0.4846153846153846","0.4846153846153846","0.4846153846153846","0.4846153846153846","0.4846153846153846","0.4846153846153846","0.4846153846153846","0.4846153846153846","0.4846153846153846","0.4846153846153846","0.4846153846153846","0.4846153846153846","0.4846153846153846","0.4846153846153846","0.4846153846153846","0.4846153846153846","0.4846153846153846","0.4846153846153846","0.4846153846153846","0.4846153846153846","0.4846153846153846","0.4846153846153846","0.4846153846153846","0.4846153846153846","0.4846153846153846","0.4846153846153846","0.4846153846153846","0.4846153846153846","0.4846153846153846","0.4846153846153846","0.4846153846153846","0.4846153846153846","0.4846153846153846","0.4846153846153846","0.4846153846153846","0.4846153846153846","0.4846153846153846","0.4846153846153846","0.4846153846153846","0.4846153846153846","0.4846153846153846","0.4846153846153846","0.4846153846153846","0.4846153846153846","0.4846153846153846","0.4846153846153846","0.4846153846153846","0.4846153846153846","0.4846153846153846","0.4846153846153846","0.4846153846153846","0.4846153846153846","0.4846153846153846","0.4846153846153846","0.4846153846153846","0.4846153846153846","0.4846153846153846","0.4846153846153846","0.4846153846153846","0.4846153846153846","0.4846153846153846","0.4846153846153846","0.4846153846153846","0.4846153846153846","0.4846153846153846","0.4846153846153846","0.4846153846153846","0.4846153846153846","0.4846153846153846","0.4846153846153846","0.4846153846153846","0.4846153846153846","0.4846153846153846","0.4846153846153846","0.4846153846153846","0.4846153846153846","0.4846153846153846","0.4846153846153846","0.4846153846153846","0.5192385796707988","0.5384615384615384","0.5384615384615384","0.5384615384615384","0.5384615384615384","0.5384615384615384","0.5384615384615384","0.5384615384615384","0.5384615384615384","0.5384615384615384","0.5384615384615384","0.5384615384615384","0.5384615384615384","0.5384615384615384","0.5384615384615384","0.5384615384615384","0.5384615384615384","0.5384615384615384","0.5384615384615384","0.5384615384615384","0.5384615384615384","0.5384615384615384","0.5384615384615384","0.5384615384615384","0.5384615384615384","0.5384615384615384","0.5384615384615384","0.5384615384615384","0.5384615384615384","0.5384615384615384","0.5384615384615384","0.5384615384615384","0.5384615384615384","0.5384615384615384","0.5384615384615384","0.5384615384615384","0.5384615384615384","0.5384615384615384","0.5384615384615384","0.5384615384615384","0.5384615384615384","0.5384615384615384","0.5384615384615384","0.5384615384615384","0.5384615384615384","0.5384615384615384","0.5384615384615384","0.5384615384615384","0.5384615384615384","0.5384615384615384","0.5384615384615384","0.5384615384615384","0.5384615384615384","0.5384615384615384","0.5384615384615384","0.5384615384615384","0.5384615384615384","0.5384615384615384","0.5384615384615384","0.5384615384615384","0.5384615384615384","0.5384615384615384","0.5384615384615384","0.5384615384615384","0.5384615384615384","0.5384615384615384","0.5384615384615384","0.5384615384615384","0.5384615384615384","0.5384615384615384","0.5384615384615384","0.5384615384615384","0.5384615384615384","0.5384615384615384","0.5384615384615384","0.5384615384615384","0.5384615384615384","0.5384615384615384","0.5384615384615384","0.5384615384615384","0.5384615384615384","0.5384615384615384","0.5384615384615384","0.5384615384615384","0.5384615384615384","0.5384615384615384","0.5384615384615384","0.5384615384615384","0.5384615384615384","0.5384615384615384","0.5384615384615384","0.5384615384615384","0.5384615384615384","0.5384615384615384","0.5384615384615384","0.5384615384615384","0.5384615384615384","0.5384615384615384","0.5384615384615384","0.5384615384615384","0.5384615384615384","0.5384615384615384","0.5384615384615384","0.5384615384615384","0.5384615384615384","0.5384615384615384","0.5384615384615384","0.5384615384615384","0.5384615384615384","0.5384615384615384","0.5384615384615384","0.5384615384615384","0.5384615384615384","0.5384615384615384","0.5384615384615384","0.5384615384615384","0.5384615384615384","0.5384615384615384","0.5384615384615384","0.5384615384615384","0.5384615384615384","0.5384615384615384","0.5384615384615384","0.5384615384615384","0.5384615384615384","0.5384615384615384","0.5384615384615384","0.5384615384615384","0.5384615384615384","0.5384615384615384","0.5384615384615384","0.5384615384615384","0.5384615384615384","0.5384615384615384","0.5384615384615384","0.5384615384615384","0.5384615384615384","0.5384615384615384","0.5384615384615384","0.5384615384615384","0.5384615384615384","0.5384615384615384","0.5384615384615384","0.5384615384615384","0.5384615384615384","0.5384615384615384","0.5384615384615384","0.5384615384615384","0.5384615384615384","0.5384615384615384","0.5384615384615384","0.5384615384615384","0.5384615384615384","0.5384615384615384","0.5384615384615384","0.5384615384615384","0.5384615384615384","0.5384615384615384","0.5384615384615384","0.5384615384615384","0.5384615384615384","0.5384615384615384","0.5384615384615384","0.5384615384615384","0.5384615384615384","0.5384615384615384","0.5384615384615384","0.5384615384615384","0.5384615384615384","0.5384615384615384","0.5384615384615384","0.5384615384615384","0.5384615384615384","0.5457467770547019","0.5537386977334195","0.5538461538461539","0.5538461538461539","0.5538461538461539","0.5538461538461539","0.5538461538461539","0.5538461538461539","0.5538461538461539","0.5538461538461539","0.5538461538461539","0.5538461538461539","0.5538461538461539","0.5538461538461539","0.5538461538461539","0.5538461538461539","0.5538461538461539","0.5538461538461539","0.5538461538461539","0.5538461538461539","0.5538461538461539","0.5538461538461539","0.5538461538461539","0.5538461538461539","0.5538461538461539","0.5538461538461539","0.5538461538461539","0.5538461538461539","0.5538461538461539","0.5538461538461539","0.5538461538461539","0.5538461538461539","0.5538461538461539","0.5538461538461539","0.5538461538461539","0.5538461538461539","0.5538461538461539","0.5538461538461539","0.5538461538461539","0.5538461538461539","0.5538461538461539","0.5538461538461539","0.5538461538461539","0.5538461538461539","0.5538461538461539","0.5538461538461539","0.5538461538461539","0.5538461538461539","0.5538461538461539","0.5538461538461539","0.5538461538461539","0.5538461538461539","0.5538461538461539","0.5538461538461539","0.5538461538461539","0.5538461538461539","0.5538461538461539","0.5538461538461539","0.5538461538461539","0.5538461538461539","0.5538461538461539","0.5538461538461539","0.5538461538461539","0.5538461538461539","0.5538461538461539","0.5538461538461539","0.5538461538461539","0.5538461538461539","0.5538461538461539","0.5538461538461539","0.5538461538461539","0.5538461538461539","0.5538461538461539","0.5538461538461539","0.5538461538461539","0.5538461538461539","0.5538461538461539","0.5538461538461539","0.5538461538461539","0.5538461538461539","0.5538461538461539","0.5538461538461539","0.5538461538461539","0.5538461538461539","0.5538461538461539","0.5538461538461539","0.5538461538461539","0.5538461538461539","0.5538461538461539","0.5538461538461539","0.5538461538461539","0.5538461538461539","0.5538461538461539","0.5538461538461539","0.5538461538461539","0.5538461538461539","0.5538461538461539","0.5538461538461539","0.5538461538461539","0.5538461538461539","0.5538461538461539","0.5538461538461539","0.5538461538461539","0.5538461538461539","0.5538461538461539","0.5538461538461539","0.5538461538461539","0.5538461538461539","0.5538461538461539","0.5538461538461539","0.5538461538461539","0.5538461538461539","0.5538461538461539","0.5538461538461539","0.5538461538461539","0.5538461538461539","0.5538461538461539","0.5538461538461539","0.5552469856948095","0.5590630957302425","0.5615384615384615","0.5615384615384615","0.5615384615384615","0.5615384615384615","0.5615384615384615","0.5615384615384615","0.5615384615384615","0.5615384615384615","0.5615384615384615","0.5615384615384615","0.5615384615384615","0.5615384615384615","0.5615384615384615","0.5615384615384615","0.5615384615384615","0.5615384615384615","0.5615384615384615","0.5615384615384615","0.5615384615384615","0.5615384615384615","0.5615384615384615","0.5615384615384615","0.5615384615384615","0.5615384615384615","0.5615384615384615","0.5615384615384615","0.5615384615384615","0.5615384615384615","0.5615384615384615","0.5615384615384615","0.5615384615384615","0.5615384615384615","0.5615384615384615","0.5615384615384615","0.5615384615384615","0.5615384615384615","0.5615384615384615","0.5615384615384615","0.5615384615384615","0.5615384615384615","0.5615384615384615","0.5615384615384615","0.5615384615384615","0.5615384615384615","0.5615384615384615","0.5615384615384615","0.5615384615384615","0.5615384615384615","0.5615384615384615","0.5615384615384615","0.5615384615384615","0.5615384615384615","0.5615384615384615","0.5615384615384615","0.5615384615384615","0.5615384615384615","0.5615384615384615","0.5615384615384615","0.5615384615384615","0.5615384615384615","0.5615384615384615","0.5615384615384615","0.5615384615384615","0.5615384615384615","0.5615384615384615","0.5615384615384615","0.5615384615384615","0.5615384615384615","0.5615384615384615","0.5615384615384615","0.5615384615384615","0.5615384615384615","0.5615384615384615","0.5615384615384615","0.5615384615384615","0.5615384615384615","0.5615384615384615","0.5615384615384615","0.5615384615384615","0.5615384615384615","0.5615384615384615","0.5615384615384615","0.5615384615384615","0.5615384615384615","0.5615384615384615","0.5615384615384615","0.5615384615384615","0.5615384615384615","0.5615384615384615","0.5615384615384615","0.5615384615384615","0.5615384615384615","0.5615384615384615","0.5615384615384615","0.5615384615384615","0.5615384615384615","0.5615384615384615","0.5615384615384615","0.5615384615384615","0.5615384615384615","0.5615384615384615","0.5615384615384615","0.5615384615384615","170","4433"
"WSPy-TypeHintsInference","flutils.setuputils.cmd","1591027783566699765","1524","600263945118","0.058823529411764705","2","62","2","62","0.058823529411764705","0.058823529411764705","0.058823529411764705","0.058823529411764705","0.058823529411764705","0.058823529411764705","0.058823529411764705","0.058823529411764705","0.058823529411764705","0.058823529411764705","0.058823529411764705","0.058823529411764705","0.058823529411764705","0.058823529411764705","0.058823529411764705","0.058823529411764705","0.058823529411764705","0.058823529411764705","0.058823529411764705","0.058823529411764705","0.058823529411764705","0.058823529411764705","0.058823529411764705","0.058823529411764705","0.058823529411764705","0.058823529411764705","0.058823529411764705","0.058823529411764705","0.058823529411764705","0.058823529411764705","0.058823529411764705","0.058823529411764705","0.058823529411764705","0.058823529411764705","0.058823529411764705","0.058823529411764705","0.058823529411764705","0.058823529411764705","0.058823529411764705","0.058823529411764705","0.058823529411764705","0.058823529411764705","0.058823529411764705","0.058823529411764705","0.058823529411764705","0.058823529411764705","0.058823529411764705","0.058823529411764705","0.058823529411764705","0.058823529411764705","0.058823529411764705","0.058823529411764705","0.058823529411764705","0.058823529411764705","0.058823529411764705","0.058823529411764705","0.058823529411764705","0.058823529411764705","0.058823529411764705","0.058823529411764705","0.058823529411764705","0.058823529411764705","0.058823529411764705","0.058823529411764705","0.058823529411764705","0.058823529411764705","0.058823529411764705","0.058823529411764705","0.058823529411764705","0.058823529411764705","0.058823529411764705","0.058823529411764705","0.058823529411764705","0.058823529411764705","0.058823529411764705","0.058823529411764705","0.058823529411764705","0.058823529411764705","0.058823529411764705","0.058823529411764705","0.058823529411764705","0.058823529411764705","0.058823529411764705","0.058823529411764705","0.058823529411764705","0.058823529411764705","0.058823529411764705","0.058823529411764705","0.058823529411764705","0.058823529411764705","0.058823529411764705","0.058823529411764705","0.058823529411764705","0.058823529411764705","0.058823529411764705","0.058823529411764705","0.058823529411764705","0.058823529411764705","0.058823529411764705","0.058823529411764705","0.058823529411764705","0.058823529411764705","0.058823529411764705","0.058823529411764705","0.058823529411764705","0.058823529411764705","0.058823529411764705","0.058823529411764705","0.058823529411764705","0.058823529411764705","0.058823529411764705","0.058823529411764705","0.058823529411764705","0.058823529411764705","0.058823529411764705","0.058823529411764705","0.058823529411764705","0.058823529411764705","0.058823529411764705","0.058823529411764705","0.058823529411764705","0.058823529411764705","0.058823529411764705","0.058823529411764705","0.058823529411764705","0.058823529411764705","0.058823529411764705","0.058823529411764705","0.058823529411764705","0.058823529411764705","0.058823529411764705","0.058823529411764705","0.058823529411764705","0.058823529411764705","0.058823529411764705","0.058823529411764705","0.058823529411764705","0.058823529411764705","0.058823529411764705","0.058823529411764705","0.058823529411764705","0.058823529411764705","0.058823529411764705","0.058823529411764705","0.058823529411764705","0.058823529411764705","0.058823529411764705","0.058823529411764705","0.058823529411764705","0.058823529411764705","0.058823529411764705","0.058823529411764705","0.058823529411764705","0.058823529411764705","0.058823529411764705","0.058823529411764705","0.058823529411764705","0.058823529411764705","0.058823529411764705","0.058823529411764705","0.058823529411764705","0.058823529411764705","0.058823529411764705","0.058823529411764705","0.058823529411764705","0.058823529411764705","0.058823529411764705","0.058823529411764705","0.058823529411764705","0.058823529411764705","0.058823529411764705","0.058823529411764705","0.058823529411764705","0.058823529411764705","0.058823529411764705","0.058823529411764705","0.058823529411764705","0.058823529411764705","0.058823529411764705","0.058823529411764705","0.058823529411764705","0.058823529411764705","0.058823529411764705","0.058823529411764705","0.058823529411764705","0.058823529411764705","0.058823529411764705","0.058823529411764705","0.058823529411764705","0.058823529411764705","0.058823529411764705","0.058823529411764705","0.058823529411764705","0.058823529411764705","0.058823529411764705","0.058823529411764705","0.058823529411764705","0.058823529411764705","0.058823529411764705","0.058823529411764705","0.058823529411764705","0.058823529411764705","0.058823529411764705","0.058823529411764705","0.058823529411764705","0.058823529411764705","0.058823529411764705","0.058823529411764705","0.058823529411764705","0.058823529411764705","0.058823529411764705","0.058823529411764705","0.058823529411764705","0.058823529411764705","0.058823529411764705","0.058823529411764705","0.058823529411764705","0.058823529411764705","0.058823529411764705","0.058823529411764705","0.058823529411764705","0.058823529411764705","0.058823529411764705","0.058823529411764705","0.058823529411764705","0.058823529411764705","0.058823529411764705","0.058823529411764705","0.058823529411764705","0.058823529411764705","0.058823529411764705","0.058823529411764705","0.058823529411764705","0.058823529411764705","0.058823529411764705","0.058823529411764705","0.058823529411764705","0.058823529411764705","0.058823529411764705","0.058823529411764705","0.058823529411764705","0.058823529411764705","0.058823529411764705","0.058823529411764705","0.058823529411764705","0.058823529411764705","0.058823529411764705","0.058823529411764705","0.058823529411764705","0.058823529411764705","0.058823529411764705","0.058823529411764705","0.058823529411764705","0.058823529411764705","0.058823529411764705","0.058823529411764705","0.058823529411764705","0.058823529411764705","0.058823529411764705","0.058823529411764705","0.058823529411764705","0.058823529411764705","0.058823529411764705","0.058823529411764705","0.058823529411764705","0.058823529411764705","0.058823529411764705","0.058823529411764705","0.058823529411764705","0.058823529411764705","0.058823529411764705","0.058823529411764705","0.058823529411764705","0.058823529411764705","0.058823529411764705","0.058823529411764705","0.058823529411764705","0.058823529411764705","0.058823529411764705","0.058823529411764705","0.058823529411764705","0.058823529411764705","0.058823529411764705","0.058823529411764705","0.058823529411764705","0.058823529411764705","0.058823529411764705","0.058823529411764705","0.058823529411764705","0.058823529411764705","0.058823529411764705","0.058823529411764705","0.058823529411764705","0.058823529411764705","0.058823529411764705","0.058823529411764705","0.058823529411764705","0.058823529411764705","0.058823529411764705","0.058823529411764705","0.058823529411764705","0.058823529411764705","0.058823529411764705","0.058823529411764705","0.058823529411764705","0.058823529411764705","0.058823529411764705","0.058823529411764705","0.058823529411764705","0.058823529411764705","0.058823529411764705","0.058823529411764705","0.058823529411764705","0.058823529411764705","0.058823529411764705","0.058823529411764705","0.058823529411764705","0.058823529411764705","0.058823529411764705","0.058823529411764705","0.058823529411764705","0.058823529411764705","0.058823529411764705","0.058823529411764705","0.058823529411764705","0.058823529411764705","0.058823529411764705","0.058823529411764705","0.058823529411764705","0.058823529411764705","0.058823529411764705","0.058823529411764705","0.058823529411764705","0.058823529411764705","0.058823529411764705","0.058823529411764705","0.058823529411764705","0.058823529411764705","0.058823529411764705","0.058823529411764705","0.058823529411764705","0.058823529411764705","0.058823529411764705","0.058823529411764705","0.058823529411764705","0.058823529411764705","0.058823529411764705","0.058823529411764705","0.058823529411764705","0.058823529411764705","0.058823529411764705","0.058823529411764705","0.058823529411764705","0.058823529411764705","0.058823529411764705","0.058823529411764705","0.058823529411764705","0.058823529411764705","0.058823529411764705","0.058823529411764705","0.058823529411764705","0.058823529411764705","0.058823529411764705","0.058823529411764705","0.058823529411764705","0.058823529411764705","0.058823529411764705","0.058823529411764705","0.058823529411764705","0.058823529411764705","0.058823529411764705","0.058823529411764705","0.058823529411764705","0.058823529411764705","0.058823529411764705","0.058823529411764705","0.058823529411764705","0.058823529411764705","0.058823529411764705","0.058823529411764705","0.058823529411764705","0.058823529411764705","0.058823529411764705","0.058823529411764705","0.058823529411764705","0.058823529411764705","0.058823529411764705","0.058823529411764705","0.058823529411764705","0.058823529411764705","0.058823529411764705","0.058823529411764705","0.058823529411764705","0.058823529411764705","0.058823529411764705","0.058823529411764705","0.058823529411764705","0.058823529411764705","0.058823529411764705","0.058823529411764705","0.058823529411764705","0.058823529411764705","0.058823529411764705","0.058823529411764705","0.058823529411764705","0.058823529411764705","0.058823529411764705","0.058823529411764705","0.058823529411764705","0.058823529411764705","0.058823529411764705","0.058823529411764705","0.058823529411764705","0.058823529411764705","0.058823529411764705","0.058823529411764705","0.058823529411764705","0.058823529411764705","0.058823529411764705","0.058823529411764705","0.058823529411764705","0.058823529411764705","0.058823529411764705","0.058823529411764705","0.058823529411764705","0.058823529411764705","0.058823529411764705","0.058823529411764705","0.058823529411764705","0.058823529411764705","0.058823529411764705","0.058823529411764705","0.058823529411764705","0.058823529411764705","0.058823529411764705","0.058823529411764705","0.058823529411764705","0.058823529411764705","0.058823529411764705","0.058823529411764705","0.058823529411764705","0.058823529411764705","0.058823529411764705","0.058823529411764705","0.058823529411764705","0.058823529411764705","0.058823529411764705","0.058823529411764705","0.058823529411764705","0.058823529411764705","0.058823529411764705","0.058823529411764705","0.058823529411764705","0.058823529411764705","0.058823529411764705","0.058823529411764705","0.058823529411764705","0.058823529411764705","0.058823529411764705","0.058823529411764705","0.058823529411764705","0.058823529411764705","0.058823529411764705","0.058823529411764705","0.058823529411764705","0.058823529411764705","0.058823529411764705","0.058823529411764705","0.058823529411764705","0.058823529411764705","0.058823529411764705","0.058823529411764705","0.058823529411764705","0.058823529411764705","0.058823529411764705","0.058823529411764705","0.058823529411764705","0.058823529411764705","0.058823529411764705","0.058823529411764705","0.058823529411764705","0.058823529411764705","0.058823529411764705","0.058823529411764705","0.058823529411764705","0.058823529411764705","0.058823529411764705","0.058823529411764705","0.058823529411764705","0.058823529411764705","0.058823529411764705","0.058823529411764705","0.058823529411764705","0.058823529411764705","0.058823529411764705","0.058823529411764705","0.058823529411764705","0.058823529411764705","0.058823529411764705","0.058823529411764705","0.058823529411764705","0.058823529411764705","0.058823529411764705","0.058823529411764705","0.058823529411764705","0.058823529411764705","0.058823529411764705","0.058823529411764705","0.058823529411764705","0.058823529411764705","0.058823529411764705","0.058823529411764705","0.058823529411764705","0.058823529411764705","0.058823529411764705","0.058823529411764705","0.058823529411764705","0.058823529411764705","0.058823529411764705","0.058823529411764705","0.058823529411764705","0.058823529411764705","0.058823529411764705","0.058823529411764705","0.058823529411764705","0.058823529411764705","0.058823529411764705","0.058823529411764705","0.058823529411764705","0.058823529411764705","0.058823529411764705","0.058823529411764705","0.058823529411764705","0.058823529411764705","0.058823529411764705","0.058823529411764705","0.058823529411764705","0.058823529411764705","0.058823529411764705","0.058823529411764705","0.058823529411764705","0.058823529411764705","0.058823529411764705","0.058823529411764705","0.058823529411764705","0.058823529411764705","0.058823529411764705","0.058823529411764705","0.058823529411764705","0.058823529411764705","0.058823529411764705","0.058823529411764705","0.058823529411764705","0.058823529411764705","0.058823529411764705","0.058823529411764705","0.058823529411764705","0.058823529411764705","0.058823529411764705","0.058823529411764705","0.058823529411764705","0.058823529411764705","0.058823529411764705","0.058823529411764705","0.058823529411764705","0.058823529411764705","0.058823529411764705","0.058823529411764705","0.058823529411764705","0.058823529411764705","0.058823529411764705","0.058823529411764705","0.058823529411764705","0.058823529411764705","0.058823529411764705","0.058823529411764705","0.058823529411764705","0.058823529411764705","0.058823529411764705","0.058823529411764705","0.058823529411764705","0.058823529411764705","0.058823529411764705","0.058823529411764705","0.058823529411764705","0.058823529411764705","0.058823529411764705","0.058823529411764705","0.058823529411764705","0.058823529411764705","0.058823529411764705","0.058823529411764705","0.058823529411764705","0.058823529411764705","0.058823529411764705","0.058823529411764705","0.058823529411764705","0.058823529411764705","0.058823529411764705","0.058823529411764705","0","0"
