"ConfigurationId","TargetModule","RandomSeed","AlgorithmIterations","TotalTime","Coverage","Size","Length","FailingSize","FailingLength","CoverageTimeline_T1","CoverageTimeline_T2","CoverageTimeline_T3","CoverageTimeline_T4","CoverageTimeline_T5","CoverageTimeline_T6","CoverageTimeline_T7","CoverageTimeline_T8","CoverageTimeline_T9","CoverageTimeline_T10","CoverageTimeline_T11","CoverageTimeline_T12","CoverageTimeline_T13","CoverageTimeline_T14","CoverageTimeline_T15","CoverageTimeline_T16","CoverageTimeline_T17","CoverageTimeline_T18","CoverageTimeline_T19","CoverageTimeline_T20","CoverageTimeline_T21","CoverageTimeline_T22","CoverageTimeline_T23","CoverageTimeline_T24","CoverageTimeline_T25","CoverageTimeline_T26","CoverageTimeline_T27","CoverageTimeline_T28","CoverageTimeline_T29","CoverageTimeline_T30","CoverageTimeline_T31","CoverageTimeline_T32","CoverageTimeline_T33","CoverageTimeline_T34","CoverageTimeline_T35","CoverageTimeline_T36","CoverageTimeline_T37","CoverageTimeline_T38","CoverageTimeline_T39","CoverageTimeline_T40","CoverageTimeline_T41","CoverageTimeline_T42","CoverageTimeline_T43","CoverageTimeline_T44","CoverageTimeline_T45","CoverageTimeline_T46","CoverageTimeline_T47","CoverageTimeline_T48","CoverageTimeline_T49","CoverageTimeline_T50","CoverageTimeline_T51","CoverageTimeline_T52","CoverageTimeline_T53","CoverageTimeline_T54","CoverageTimeline_T55","CoverageTimeline_T56","CoverageTimeline_T57","CoverageTimeline_T58","CoverageTimeline_T59","CoverageTimeline_T60","CoverageTimeline_T61","CoverageTimeline_T62","CoverageTimeline_T63","CoverageTimeline_T64","CoverageTimeline_T65","CoverageTimeline_T66","CoverageTimeline_T67","CoverageTimeline_T68","CoverageTimeline_T69","CoverageTimeline_T70","CoverageTimeline_T71","CoverageTimeline_T72","CoverageTimeline_T73","CoverageTimeline_T74","CoverageTimeline_T75","CoverageTimeline_T76","CoverageTimeline_T77","CoverageTimeline_T78","CoverageTimeline_T79","CoverageTimeline_T80","CoverageTimeline_T81","CoverageTimeline_T82","CoverageTimeline_T83","CoverageTimeline_T84","CoverageTimeline_T85","CoverageTimeline_T86","CoverageTimeline_T87","CoverageTimeline_T88","CoverageTimeline_T89","CoverageTimeline_T90","CoverageTimeline_T91","CoverageTimeline_T92","CoverageTimeline_T93","CoverageTimeline_T94","CoverageTimeline_T95","CoverageTimeline_T96","CoverageTimeline_T97","CoverageTimeline_T98","CoverageTimeline_T99","CoverageTimeline_T100","CoverageTimeline_T101","CoverageTimeline_T102","CoverageTimeline_T103","CoverageTimeline_T104","CoverageTimeline_T105","CoverageTimeline_T106","CoverageTimeline_T107","CoverageTimeline_T108","CoverageTimeline_T109","CoverageTimeline_T110","CoverageTimeline_T111","CoverageTimeline_T112","CoverageTimeline_T113","CoverageTimeline_T114","CoverageTimeline_T115","CoverageTimeline_T116","CoverageTimeline_T117","CoverageTimeline_T118","CoverageTimeline_T119","CoverageTimeline_T120","CoverageTimeline_T121","CoverageTimeline_T122","CoverageTimeline_T123","CoverageTimeline_T124","CoverageTimeline_T125","CoverageTimeline_T126","CoverageTimeline_T127","CoverageTimeline_T128","CoverageTimeline_T129","CoverageTimeline_T130","CoverageTimeline_T131","CoverageTimeline_T132","CoverageTimeline_T133","CoverageTimeline_T134","CoverageTimeline_T135","CoverageTimeline_T136","CoverageTimeline_T137","CoverageTimeline_T138","CoverageTimeline_T139","CoverageTimeline_T140","CoverageTimeline_T141","CoverageTimeline_T142","CoverageTimeline_T143","CoverageTimeline_T144","CoverageTimeline_T145","CoverageTimeline_T146","CoverageTimeline_T147","CoverageTimeline_T148","CoverageTimeline_T149","CoverageTimeline_T150","CoverageTimeline_T151","CoverageTimeline_T152","CoverageTimeline_T153","CoverageTimeline_T154","CoverageTimeline_T155","CoverageTimeline_T156","CoverageTimeline_T157","CoverageTimeline_T158","CoverageTimeline_T159","CoverageTimeline_T160","CoverageTimeline_T161","CoverageTimeline_T162","CoverageTimeline_T163","CoverageTimeline_T164","CoverageTimeline_T165","CoverageTimeline_T166","CoverageTimeline_T167","CoverageTimeline_T168","CoverageTimeline_T169","CoverageTimeline_T170","CoverageTimeline_T171","CoverageTimeline_T172","CoverageTimeline_T173","CoverageTimeline_T174","CoverageTimeline_T175","CoverageTimeline_T176","CoverageTimeline_T177","CoverageTimeline_T178","CoverageTimeline_T179","CoverageTimeline_T180","CoverageTimeline_T181","CoverageTimeline_T182","CoverageTimeline_T183","CoverageTimeline_T184","CoverageTimeline_T185","CoverageTimeline_T186","CoverageTimeline_T187","CoverageTimeline_T188","CoverageTimeline_T189","CoverageTimeline_T190","CoverageTimeline_T191","CoverageTimeline_T192","CoverageTimeline_T193","CoverageTimeline_T194","CoverageTimeline_T195","CoverageTimeline_T196","CoverageTimeline_T197","CoverageTimeline_T198","CoverageTimeline_T199","CoverageTimeline_T200","CoverageTimeline_T201","CoverageTimeline_T202","CoverageTimeline_T203","CoverageTimeline_T204","CoverageTimeline_T205","CoverageTimeline_T206","CoverageTimeline_T207","CoverageTimeline_T208","CoverageTimeline_T209","CoverageTimeline_T210","CoverageTimeline_T211","CoverageTimeline_T212","CoverageTimeline_T213","CoverageTimeline_T214","CoverageTimeline_T215","CoverageTimeline_T216","CoverageTimeline_T217","CoverageTimeline_T218","CoverageTimeline_T219","CoverageTimeline_T220","CoverageTimeline_T221","CoverageTimeline_T222","CoverageTimeline_T223","CoverageTimeline_T224","CoverageTimeline_T225","CoverageTimeline_T226","CoverageTimeline_T227","CoverageTimeline_T228","CoverageTimeline_T229","CoverageTimeline_T230","CoverageTimeline_T231","CoverageTimeline_T232","CoverageTimeline_T233","CoverageTimeline_T234","CoverageTimeline_T235","CoverageTimeline_T236","CoverageTimeline_T237","CoverageTimeline_T238","CoverageTimeline_T239","CoverageTimeline_T240","CoverageTimeline_T241","CoverageTimeline_T242","CoverageTimeline_T243","CoverageTimeline_T244","CoverageTimeline_T245","CoverageTimeline_T246","CoverageTimeline_T247","CoverageTimeline_T248","CoverageTimeline_T249","CoverageTimeline_T250","CoverageTimeline_T251","CoverageTimeline_T252","CoverageTimeline_T253","CoverageTimeline_T254","CoverageTimeline_T255","CoverageTimeline_T256","CoverageTimeline_T257","CoverageTimeline_T258","CoverageTimeline_T259","CoverageTimeline_T260","CoverageTimeline_T261","CoverageTimeline_T262","CoverageTimeline_T263","CoverageTimeline_T264","CoverageTimeline_T265","CoverageTimeline_T266","CoverageTimeline_T267","CoverageTimeline_T268","CoverageTimeline_T269","CoverageTimeline_T270","CoverageTimeline_T271","CoverageTimeline_T272","CoverageTimeline_T273","CoverageTimeline_T274","CoverageTimeline_T275","CoverageTimeline_T276","CoverageTimeline_T277","CoverageTimeline_T278","CoverageTimeline_T279","CoverageTimeline_T280","CoverageTimeline_T281","CoverageTimeline_T282","CoverageTimeline_T283","CoverageTimeline_T284","CoverageTimeline_T285","CoverageTimeline_T286","CoverageTimeline_T287","CoverageTimeline_T288","CoverageTimeline_T289","CoverageTimeline_T290","CoverageTimeline_T291","CoverageTimeline_T292","CoverageTimeline_T293","CoverageTimeline_T294","CoverageTimeline_T295","CoverageTimeline_T296","CoverageTimeline_T297","CoverageTimeline_T298","CoverageTimeline_T299","CoverageTimeline_T300","CoverageTimeline_T301","CoverageTimeline_T302","CoverageTimeline_T303","CoverageTimeline_T304","CoverageTimeline_T305","CoverageTimeline_T306","CoverageTimeline_T307","CoverageTimeline_T308","CoverageTimeline_T309","CoverageTimeline_T310","CoverageTimeline_T311","CoverageTimeline_T312","CoverageTimeline_T313","CoverageTimeline_T314","CoverageTimeline_T315","CoverageTimeline_T316","CoverageTimeline_T317","CoverageTimeline_T318","CoverageTimeline_T319","CoverageTimeline_T320","CoverageTimeline_T321","CoverageTimeline_T322","CoverageTimeline_T323","CoverageTimeline_T324","CoverageTimeline_T325","CoverageTimeline_T326","CoverageTimeline_T327","CoverageTimeline_T328","CoverageTimeline_T329","CoverageTimeline_T330","CoverageTimeline_T331","CoverageTimeline_T332","CoverageTimeline_T333","CoverageTimeline_T334","CoverageTimeline_T335","CoverageTimeline_T336","CoverageTimeline_T337","CoverageTimeline_T338","CoverageTimeline_T339","CoverageTimeline_T340","CoverageTimeline_T341","CoverageTimeline_T342","CoverageTimeline_T343","CoverageTimeline_T344","CoverageTimeline_T345","CoverageTimeline_T346","CoverageTimeline_T347","CoverageTimeline_T348","CoverageTimeline_T349","CoverageTimeline_T350","CoverageTimeline_T351","CoverageTimeline_T352","CoverageTimeline_T353","CoverageTimeline_T354","CoverageTimeline_T355","CoverageTimeline_T356","CoverageTimeline_T357","CoverageTimeline_T358","CoverageTimeline_T359","CoverageTimeline_T360","CoverageTimeline_T361","CoverageTimeline_T362","CoverageTimeline_T363","CoverageTimeline_T364","CoverageTimeline_T365","CoverageTimeline_T366","CoverageTimeline_T367","CoverageTimeline_T368","CoverageTimeline_T369","CoverageTimeline_T370","CoverageTimeline_T371","CoverageTimeline_T372","CoverageTimeline_T373","CoverageTimeline_T374","CoverageTimeline_T375","CoverageTimeline_T376","CoverageTimeline_T377","CoverageTimeline_T378","CoverageTimeline_T379","CoverageTimeline_T380","CoverageTimeline_T381","CoverageTimeline_T382","CoverageTimeline_T383","CoverageTimeline_T384","CoverageTimeline_T385","CoverageTimeline_T386","CoverageTimeline_T387","CoverageTimeline_T388","CoverageTimeline_T389","CoverageTimeline_T390","CoverageTimeline_T391","CoverageTimeline_T392","CoverageTimeline_T393","CoverageTimeline_T394","CoverageTimeline_T395","CoverageTimeline_T396","CoverageTimeline_T397","CoverageTimeline_T398","CoverageTimeline_T399","CoverageTimeline_T400","CoverageTimeline_T401","CoverageTimeline_T402","CoverageTimeline_T403","CoverageTimeline_T404","CoverageTimeline_T405","CoverageTimeline_T406","CoverageTimeline_T407","CoverageTimeline_T408","CoverageTimeline_T409","CoverageTimeline_T410","CoverageTimeline_T411","CoverageTimeline_T412","CoverageTimeline_T413","CoverageTimeline_T414","CoverageTimeline_T415","CoverageTimeline_T416","CoverageTimeline_T417","CoverageTimeline_T418","CoverageTimeline_T419","CoverageTimeline_T420","CoverageTimeline_T421","CoverageTimeline_T422","CoverageTimeline_T423","CoverageTimeline_T424","CoverageTimeline_T425","CoverageTimeline_T426","CoverageTimeline_T427","CoverageTimeline_T428","CoverageTimeline_T429","CoverageTimeline_T430","CoverageTimeline_T431","CoverageTimeline_T432","CoverageTimeline_T433","CoverageTimeline_T434","CoverageTimeline_T435","CoverageTimeline_T436","CoverageTimeline_T437","CoverageTimeline_T438","CoverageTimeline_T439","CoverageTimeline_T440","CoverageTimeline_T441","CoverageTimeline_T442","CoverageTimeline_T443","CoverageTimeline_T444","CoverageTimeline_T445","CoverageTimeline_T446","CoverageTimeline_T447","CoverageTimeline_T448","CoverageTimeline_T449","CoverageTimeline_T450","CoverageTimeline_T451","CoverageTimeline_T452","CoverageTimeline_T453","CoverageTimeline_T454","CoverageTimeline_T455","CoverageTimeline_T456","CoverageTimeline_T457","CoverageTimeline_T458","CoverageTimeline_T459","CoverageTimeline_T460","CoverageTimeline_T461","CoverageTimeline_T462","CoverageTimeline_T463","CoverageTimeline_T464","CoverageTimeline_T465","CoverageTimeline_T466","CoverageTimeline_T467","CoverageTimeline_T468","CoverageTimeline_T469","CoverageTimeline_T470","CoverageTimeline_T471","CoverageTimeline_T472","CoverageTimeline_T473","CoverageTimeline_T474","CoverageTimeline_T475","CoverageTimeline_T476","CoverageTimeline_T477","CoverageTimeline_T478","CoverageTimeline_T479","CoverageTimeline_T480","CoverageTimeline_T481","CoverageTimeline_T482","CoverageTimeline_T483","CoverageTimeline_T484","CoverageTimeline_T485","CoverageTimeline_T486","CoverageTimeline_T487","CoverageTimeline_T488","CoverageTimeline_T489","CoverageTimeline_T490","CoverageTimeline_T491","CoverageTimeline_T492","CoverageTimeline_T493","CoverageTimeline_T494","CoverageTimeline_T495","CoverageTimeline_T496","CoverageTimeline_T497","CoverageTimeline_T498","CoverageTimeline_T499","CoverageTimeline_T500","CoverageTimeline_T501","CoverageTimeline_T502","CoverageTimeline_T503","CoverageTimeline_T504","CoverageTimeline_T505","CoverageTimeline_T506","CoverageTimeline_T507","CoverageTimeline_T508","CoverageTimeline_T509","CoverageTimeline_T510","CoverageTimeline_T511","CoverageTimeline_T512","CoverageTimeline_T513","CoverageTimeline_T514","CoverageTimeline_T515","CoverageTimeline_T516","CoverageTimeline_T517","CoverageTimeline_T518","CoverageTimeline_T519","CoverageTimeline_T520","CoverageTimeline_T521","CoverageTimeline_T522","CoverageTimeline_T523","CoverageTimeline_T524","CoverageTimeline_T525","CoverageTimeline_T526","CoverageTimeline_T527","CoverageTimeline_T528","CoverageTimeline_T529","CoverageTimeline_T530","CoverageTimeline_T531","CoverageTimeline_T532","CoverageTimeline_T533","CoverageTimeline_T534","CoverageTimeline_T535","CoverageTimeline_T536","CoverageTimeline_T537","CoverageTimeline_T538","CoverageTimeline_T539","CoverageTimeline_T540","CoverageTimeline_T541","CoverageTimeline_T542","CoverageTimeline_T543","CoverageTimeline_T544","CoverageTimeline_T545","CoverageTimeline_T546","CoverageTimeline_T547","CoverageTimeline_T548","CoverageTimeline_T549","CoverageTimeline_T550","CoverageTimeline_T551","CoverageTimeline_T552","CoverageTimeline_T553","CoverageTimeline_T554","CoverageTimeline_T555","CoverageTimeline_T556","CoverageTimeline_T557","CoverageTimeline_T558","CoverageTimeline_T559","CoverageTimeline_T560","CoverageTimeline_T561","CoverageTimeline_T562","CoverageTimeline_T563","CoverageTimeline_T564","CoverageTimeline_T565","CoverageTimeline_T566","CoverageTimeline_T567","CoverageTimeline_T568","CoverageTimeline_T569","CoverageTimeline_T570","CoverageTimeline_T571","CoverageTimeline_T572","CoverageTimeline_T573","CoverageTimeline_T574","CoverageTimeline_T575","CoverageTimeline_T576","CoverageTimeline_T577","CoverageTimeline_T578","CoverageTimeline_T579","CoverageTimeline_T580","CoverageTimeline_T581","CoverageTimeline_T582","CoverageTimeline_T583","CoverageTimeline_T584","CoverageTimeline_T585","CoverageTimeline_T586","CoverageTimeline_T587","CoverageTimeline_T588","CoverageTimeline_T589","CoverageTimeline_T590","CoverageTimeline_T591","CoverageTimeline_T592","CoverageTimeline_T593","CoverageTimeline_T594","CoverageTimeline_T595","CoverageTimeline_T596","CoverageTimeline_T597","CoverageTimeline_T598","CoverageTimeline_T599","CoverageTimeline_T600","PassingSize","PassingLength"
"RandooPy-TypeHintsInference","mimesis.providers.file","1590998423382717726","8","451960104","1.0","8","45","3","22","1.0","1.0","1.0","1.0","1.0","1.0","1.0","1.0","1.0","1.0","1.0","1.0","1.0","1.0","1.0","1.0","1.0","1.0","1.0","1.0","1.0","1.0","1.0","1.0","1.0","1.0","1.0","1.0","1.0","1.0","1.0","1.0","1.0","1.0","1.0","1.0","1.0","1.0","1.0","1.0","1.0","1.0","1.0","1.0","1.0","1.0","1.0","1.0","1.0","1.0","1.0","1.0","1.0","1.0","1.0","1.0","1.0","1.0","1.0","1.0","1.0","1.0","1.0","1.0","1.0","1.0","1.0","1.0","1.0","1.0","1.0","1.0","1.0","1.0","1.0","1.0","1.0","1.0","1.0","1.0","1.0","1.0","1.0","1.0","1.0","1.0","1.0","1.0","1.0","1.0","1.0","1.0","1.0","1.0","1.0","1.0","1.0","1.0","1.0","1.0","1.0","1.0","1.0","1.0","1.0","1.0","1.0","1.0","1.0","1.0","1.0","1.0","1.0","1.0","1.0","1.0","1.0","1.0","1.0","1.0","1.0","1.0","1.0","1.0","1.0","1.0","1.0","1.0","1.0","1.0","1.0","1.0","1.0","1.0","1.0","1.0","1.0","1.0","1.0","1.0","1.0","1.0","1.0","1.0","1.0","1.0","1.0","1.0","1.0","1.0","1.0","1.0","1.0","1.0","1.0","1.0","1.0","1.0","1.0","1.0","1.0","1.0","1.0","1.0","1.0","1.0","1.0","1.0","1.0","1.0","1.0","1.0","1.0","1.0","1.0","1.0","1.0","1.0","1.0","1.0","1.0","1.0","1.0","1.0","1.0","1.0","1.0","1.0","1.0","1.0","1.0","1.0","1.0","1.0","1.0","1.0","1.0","1.0","1.0","1.0","1.0","1.0","1.0","1.0","1.0","1.0","1.0","1.0","1.0","1.0","1.0","1.0","1.0","1.0","1.0","1.0","1.0","1.0","1.0","1.0","1.0","1.0","1.0","1.0","1.0","1.0","1.0","1.0","1.0","1.0","1.0","1.0","1.0","1.0","1.0","1.0","1.0","1.0","1.0","1.0","1.0","1.0","1.0","1.0","1.0","1.0","1.0","1.0","1.0","1.0","1.0","1.0","1.0","1.0","1.0","1.0","1.0","1.0","1.0","1.0","1.0","1.0","1.0","1.0","1.0","1.0","1.0","1.0","1.0","1.0","1.0","1.0","1.0","1.0","1.0","1.0","1.0","1.0","1.0","1.0","1.0","1.0","1.0","1.0","1.0","1.0","1.0","1.0","1.0","1.0","1.0","1.0","1.0","1.0","1.0","1.0","1.0","1.0","1.0","1.0","1.0","1.0","1.0","1.0","1.0","1.0","1.0","1.0","1.0","1.0","1.0","1.0","1.0","1.0","1.0","1.0","1.0","1.0","1.0","1.0","1.0","1.0","1.0","1.0","1.0","1.0","1.0","1.0","1.0","1.0","1.0","1.0","1.0","1.0","1.0","1.0","1.0","1.0","1.0","1.0","1.0","1.0","1.0","1.0","1.0","1.0","1.0","1.0","1.0","1.0","1.0","1.0","1.0","1.0","1.0","1.0","1.0","1.0","1.0","1.0","1.0","1.0","1.0","1.0","1.0","1.0","1.0","1.0","1.0","1.0","1.0","1.0","1.0","1.0","1.0","1.0","1.0","1.0","1.0","1.0","1.0","1.0","1.0","1.0","1.0","1.0","1.0","1.0","1.0","1.0","1.0","1.0","1.0","1.0","1.0","1.0","1.0","1.0","1.0","1.0","1.0","1.0","1.0","1.0","1.0","1.0","1.0","1.0","1.0","1.0","1.0","1.0","1.0","1.0","1.0","1.0","1.0","1.0","1.0","1.0","1.0","1.0","1.0","1.0","1.0","1.0","1.0","1.0","1.0","1.0","1.0","1.0","1.0","1.0","1.0","1.0","1.0","1.0","1.0","1.0","1.0","1.0","1.0","1.0","1.0","1.0","1.0","1.0","1.0","1.0","1.0","1.0","1.0","1.0","1.0","1.0","1.0","1.0","1.0","1.0","1.0","1.0","1.0","1.0","1.0","1.0","1.0","1.0","1.0","1.0","1.0","1.0","1.0","1.0","1.0","1.0","1.0","1.0","1.0","1.0","1.0","1.0","1.0","1.0","1.0","1.0","1.0","1.0","1.0","1.0","1.0","1.0","1.0","1.0","1.0","1.0","1.0","1.0","1.0","1.0","1.0","1.0","1.0","1.0","1.0","1.0","1.0","1.0","1.0","1.0","1.0","1.0","1.0","1.0","1.0","1.0","1.0","1.0","1.0","1.0","1.0","1.0","1.0","1.0","1.0","1.0","1.0","1.0","1.0","1.0","1.0","1.0","1.0","1.0","1.0","1.0","1.0","1.0","1.0","1.0","1.0","1.0","1.0","1.0","1.0","1.0","1.0","1.0","1.0","1.0","1.0","1.0","1.0","1.0","1.0","1.0","1.0","1.0","1.0","1.0","1.0","1.0","1.0","1.0","1.0","1.0","1.0","1.0","1.0","1.0","1.0","1.0","1.0","1.0","1.0","1.0","1.0","1.0","1.0","1.0","1.0","1.0","1.0","1.0","1.0","1.0","1.0","1.0","1.0","1.0","1.0","1.0","1.0","1.0","1.0","1.0","1.0","1.0","1.0","1.0","5","23"
"WSPy-NoTypes","mimesis.builtins.it","1590999411191931731","1801","600042935905","0.8571428571428571","6","98","5","96","0.8571428571428571","0.8571428571428571","0.8571428571428571","0.8571428571428571","0.8571428571428571","0.8571428571428571","0.8571428571428571","0.8571428571428571","0.8571428571428571","0.8571428571428571","0.8571428571428571","0.8571428571428571","0.8571428571428571","0.8571428571428571","0.8571428571428571","0.8571428571428571","0.8571428571428571","0.8571428571428571","0.8571428571428571","0.8571428571428571","0.8571428571428571","0.8571428571428571","0.8571428571428571","0.8571428571428571","0.8571428571428571","0.8571428571428571","0.8571428571428571","0.8571428571428571","0.8571428571428571","0.8571428571428571","0.8571428571428571","0.8571428571428571","0.8571428571428571","0.8571428571428571","0.8571428571428571","0.8571428571428571","0.8571428571428571","0.8571428571428571","0.8571428571428571","0.8571428571428571","0.8571428571428571","0.8571428571428571","0.8571428571428571","0.8571428571428571","0.8571428571428571","0.8571428571428571","0.8571428571428571","0.8571428571428571","0.8571428571428571","0.8571428571428571","0.8571428571428571","0.8571428571428571","0.8571428571428571","0.8571428571428571","0.8571428571428571","0.8571428571428571","0.8571428571428571","0.8571428571428571","0.8571428571428571","0.8571428571428571","0.8571428571428571","0.8571428571428571","0.8571428571428571","0.8571428571428571","0.8571428571428571","0.8571428571428571","0.8571428571428571","0.8571428571428571","0.8571428571428571","0.8571428571428571","0.8571428571428571","0.8571428571428571","0.8571428571428571","0.8571428571428571","0.8571428571428571","0.8571428571428571","0.8571428571428571","0.8571428571428571","0.8571428571428571","0.8571428571428571","0.8571428571428571","0.8571428571428571","0.8571428571428571","0.8571428571428571","0.8571428571428571","0.8571428571428571","0.8571428571428571","0.8571428571428571","0.8571428571428571","0.8571428571428571","0.8571428571428571","0.8571428571428571","0.8571428571428571","0.8571428571428571","0.8571428571428571","0.8571428571428571","0.8571428571428571","0.8571428571428571","0.8571428571428571","0.8571428571428571","0.8571428571428571","0.8571428571428571","0.8571428571428571","0.8571428571428571","0.8571428571428571","0.8571428571428571","0.8571428571428571","0.8571428571428571","0.8571428571428571","0.8571428571428571","0.8571428571428571","0.8571428571428571","0.8571428571428571","0.8571428571428571","0.8571428571428571","0.8571428571428571","0.8571428571428571","0.8571428571428571","0.8571428571428571","0.8571428571428571","0.8571428571428571","0.8571428571428571","0.8571428571428571","0.8571428571428571","0.8571428571428571","0.8571428571428571","0.8571428571428571","0.8571428571428571","0.8571428571428571","0.8571428571428571","0.8571428571428571","0.8571428571428571","0.8571428571428571","0.8571428571428571","0.8571428571428571","0.8571428571428571","0.8571428571428571","0.8571428571428571","0.8571428571428571","0.8571428571428571","0.8571428571428571","0.8571428571428571","0.8571428571428571","0.8571428571428571","0.8571428571428571","0.8571428571428571","0.8571428571428571","0.8571428571428571","0.8571428571428571","0.8571428571428571","0.8571428571428571","0.8571428571428571","0.8571428571428571","0.8571428571428571","0.8571428571428571","0.8571428571428571","0.8571428571428571","0.8571428571428571","0.8571428571428571","0.8571428571428571","0.8571428571428571","0.8571428571428571","0.8571428571428571","0.8571428571428571","0.8571428571428571","0.8571428571428571","0.8571428571428571","0.8571428571428571","0.8571428571428571","0.8571428571428571","0.8571428571428571","0.8571428571428571","0.8571428571428571","0.8571428571428571","0.8571428571428571","0.8571428571428571","0.8571428571428571","0.8571428571428571","0.8571428571428571","0.8571428571428571","0.8571428571428571","0.8571428571428571","0.8571428571428571","0.8571428571428571","0.8571428571428571","0.8571428571428571","0.8571428571428571","0.8571428571428571","0.8571428571428571","0.8571428571428571","0.8571428571428571","0.8571428571428571","0.8571428571428571","0.8571428571428571","0.8571428571428571","0.8571428571428571","0.8571428571428571","0.8571428571428571","0.8571428571428571","0.8571428571428571","0.8571428571428571","0.8571428571428571","0.8571428571428571","0.8571428571428571","0.8571428571428571","0.8571428571428571","0.8571428571428571","0.8571428571428571","0.8571428571428571","0.8571428571428571","0.8571428571428571","0.8571428571428571","0.8571428571428571","0.8571428571428571","0.8571428571428571","0.8571428571428571","0.8571428571428571","0.8571428571428571","0.8571428571428571","0.8571428571428571","0.8571428571428571","0.8571428571428571","0.8571428571428571","0.8571428571428571","0.8571428571428571","0.8571428571428571","0.8571428571428571","0.8571428571428571","0.8571428571428571","0.8571428571428571","0.8571428571428571","0.8571428571428571","0.8571428571428571","0.8571428571428571","0.8571428571428571","0.8571428571428571","0.8571428571428571","0.8571428571428571","0.8571428571428571","0.8571428571428571","0.8571428571428571","0.8571428571428571","0.8571428571428571","0.8571428571428571","0.8571428571428571","0.8571428571428571","0.8571428571428571","0.8571428571428571","0.8571428571428571","0.8571428571428571","0.8571428571428571","0.8571428571428571","0.8571428571428571","0.8571428571428571","0.8571428571428571","0.8571428571428571","0.8571428571428571","0.8571428571428571","0.8571428571428571","0.8571428571428571","0.8571428571428571","0.8571428571428571","0.8571428571428571","0.8571428571428571","0.8571428571428571","0.8571428571428571","0.8571428571428571","0.8571428571428571","0.8571428571428571","0.8571428571428571","0.8571428571428571","0.8571428571428571","0.8571428571428571","0.8571428571428571","0.8571428571428571","0.8571428571428571","0.8571428571428571","0.8571428571428571","0.8571428571428571","0.8571428571428571","0.8571428571428571","0.8571428571428571","0.8571428571428571","0.8571428571428571","0.8571428571428571","0.8571428571428571","0.8571428571428571","0.8571428571428571","0.8571428571428571","0.8571428571428571","0.8571428571428571","0.8571428571428571","0.8571428571428571","0.8571428571428571","0.8571428571428571","0.8571428571428571","0.8571428571428571","0.8571428571428571","0.8571428571428571","0.8571428571428571","0.8571428571428571","0.8571428571428571","0.8571428571428571","0.8571428571428571","0.8571428571428571","0.8571428571428571","0.8571428571428571","0.8571428571428571","0.8571428571428571","0.8571428571428571","0.8571428571428571","0.8571428571428571","0.8571428571428571","0.8571428571428571","0.8571428571428571","0.8571428571428571","0.8571428571428571","0.8571428571428571","0.8571428571428571","0.8571428571428571","0.8571428571428571","0.8571428571428571","0.8571428571428571","0.8571428571428571","0.8571428571428571","0.8571428571428571","0.8571428571428571","0.8571428571428571","0.8571428571428571","0.8571428571428571","0.8571428571428571","0.8571428571428571","0.8571428571428571","0.8571428571428571","0.8571428571428571","0.8571428571428571","0.8571428571428571","0.8571428571428571","0.8571428571428571","0.8571428571428571","0.8571428571428571","0.8571428571428571","0.8571428571428571","0.8571428571428571","0.8571428571428571","0.8571428571428571","0.8571428571428571","0.8571428571428571","0.8571428571428571","0.8571428571428571","0.8571428571428571","0.8571428571428571","0.8571428571428571","0.8571428571428571","0.8571428571428571","0.8571428571428571","0.8571428571428571","0.8571428571428571","0.8571428571428571","0.8571428571428571","0.8571428571428571","0.8571428571428571","0.8571428571428571","0.8571428571428571","0.8571428571428571","0.8571428571428571","0.8571428571428571","0.8571428571428571","0.8571428571428571","0.8571428571428571","0.8571428571428571","0.8571428571428571","0.8571428571428571","0.8571428571428571","0.8571428571428571","0.8571428571428571","0.8571428571428571","0.8571428571428571","0.8571428571428571","0.8571428571428571","0.8571428571428571","0.8571428571428571","0.8571428571428571","0.8571428571428571","0.8571428571428571","0.8571428571428571","0.8571428571428571","0.8571428571428571","0.8571428571428571","0.8571428571428571","0.8571428571428571","0.8571428571428571","0.8571428571428571","0.8571428571428571","0.8571428571428571","0.8571428571428571","0.8571428571428571","0.8571428571428571","0.8571428571428571","0.8571428571428571","0.8571428571428571","0.8571428571428571","0.8571428571428571","0.8571428571428571","0.8571428571428571","0.8571428571428571","0.8571428571428571","0.8571428571428571","0.8571428571428571","0.8571428571428571","0.8571428571428571","0.8571428571428571","0.8571428571428571","0.8571428571428571","0.8571428571428571","0.8571428571428571","0.8571428571428571","0.8571428571428571","0.8571428571428571","0.8571428571428571","0.8571428571428571","0.8571428571428571","0.8571428571428571","0.8571428571428571","0.8571428571428571","0.8571428571428571","0.8571428571428571","0.8571428571428571","0.8571428571428571","0.8571428571428571","0.8571428571428571","0.8571428571428571","0.8571428571428571","0.8571428571428571","0.8571428571428571","0.8571428571428571","0.8571428571428571","0.8571428571428571","0.8571428571428571","0.8571428571428571","0.8571428571428571","0.8571428571428571","0.8571428571428571","0.8571428571428571","0.8571428571428571","0.8571428571428571","0.8571428571428571","0.8571428571428571","0.8571428571428571","0.8571428571428571","0.8571428571428571","0.8571428571428571","0.8571428571428571","0.8571428571428571","0.8571428571428571","0.8571428571428571","0.8571428571428571","0.8571428571428571","0.8571428571428571","0.8571428571428571","0.8571428571428571","0.8571428571428571","0.8571428571428571","0.8571428571428571","0.8571428571428571","0.8571428571428571","0.8571428571428571","0.8571428571428571","0.8571428571428571","0.8571428571428571","0.8571428571428571","0.8571428571428571","0.8571428571428571","0.8571428571428571","0.8571428571428571","0.8571428571428571","0.8571428571428571","0.8571428571428571","0.8571428571428571","0.8571428571428571","0.8571428571428571","0.8571428571428571","0.8571428571428571","0.8571428571428571","0.8571428571428571","0.8571428571428571","0.8571428571428571","0.8571428571428571","0.8571428571428571","0.8571428571428571","0.8571428571428571","0.8571428571428571","0.8571428571428571","0.8571428571428571","0.8571428571428571","0.8571428571428571","0.8571428571428571","0.8571428571428571","0.8571428571428571","0.8571428571428571","0.8571428571428571","0.8571428571428571","0.8571428571428571","0.8571428571428571","0.8571428571428571","0.8571428571428571","0.8571428571428571","0.8571428571428571","0.8571428571428571","0.8571428571428571","0.8571428571428571","0.8571428571428571","0.8571428571428571","0.8571428571428571","0.8571428571428571","0.8571428571428571","0.8571428571428571","0.8571428571428571","0.8571428571428571","0.8571428571428571","0.8571428571428571","0.8571428571428571","0.8571428571428571","0.8571428571428571","0.8571428571428571","0.8571428571428571","0.8571428571428571","0.8571428571428571","0.8571428571428571","0.8571428571428571","0.8571428571428571","0.8571428571428571","0.8571428571428571","0.8571428571428571","0.8571428571428571","0.8571428571428571","0.8571428571428571","0.8571428571428571","0.8571428571428571","0.8571428571428571","0.8571428571428571","0.8571428571428571","0.8571428571428571","0.8571428571428571","0.8571428571428571","0.8571428571428571","0.8571428571428571","0.8571428571428571","0.8571428571428571","0.8571428571428571","0.8571428571428571","0.8571428571428571","0.8571428571428571","0.8571428571428571","0.8571428571428571","0.8571428571428571","0.8571428571428571","0.8571428571428571","0.8571428571428571","0.8571428571428571","0.8571428571428571","0.8571428571428571","0.8571428571428571","0.8571428571428571","0.8571428571428571","0.8571428571428571","0.8571428571428571","0.8571428571428571","0.8571428571428571","0.8571428571428571","0.8571428571428571","0.8571428571428571","0.8571428571428571","0.8571428571428571","0.8571428571428571","0.8571428571428571","0.8571428571428571","0.8571428571428571","0.8571428571428571","0.8571428571428571","0.8571428571428571","0.8571428571428571","0.8571428571428571","0.8571428571428571","0.8571428571428571","0.8571428571428571","0.8571428571428571","0.8571428571428571","0.8571428571428571","0.8571428571428571","0.8571428571428571","0.8571428571428571","0.8571428571428571","0.8571428571428571","0.8571428571428571","0.8571428571428571","0.8571428571428571","0.8571428571428571","0.8571428571428571","0.8571428571428571","1","2"
"RandooPy-NoTypes","mimesis.providers.choice","1590999101403442524","680","610495558320","0.8387096774193549","444","12159","309","8045","0.25806451612903225","0.25806451612903225","0.25806451612903225","0.6451612903225806","0.6451612903225806","0.6451612903225806","0.6451612903225806","0.6451612903225806","0.6451612903225806","0.6451612903225806","0.6451612903225806","0.6451612903225806","0.6451612903225806","0.6451612903225806","0.6451612903225806","0.6451612903225806","0.6451612903225806","0.6451612903225806","0.6451612903225806","0.6451612903225806","0.6451612903225806","0.6451612903225806","0.6451612903225806","0.6451612903225806","0.6451612903225806","0.6451612903225806","0.6451612903225806","0.6451612903225806","0.6451612903225806","0.6451612903225806","0.6451612903225806","0.6451612903225806","0.6451612903225806","0.6451612903225806","0.6451612903225806","0.6451612903225806","0.6451612903225806","0.6451612903225806","0.6451612903225806","0.6451612903225806","0.6451612903225806","0.6451612903225806","0.6451612903225806","0.6451612903225806","0.6451612903225806","0.6451612903225806","0.6451612903225806","0.6451612903225806","0.6451612903225806","0.6451612903225806","0.6451612903225806","0.6451612903225806","0.6451612903225806","0.6451612903225806","0.6451612903225806","0.6451612903225806","0.6451612903225806","0.6451612903225806","0.6451612903225806","0.6774193548387096","0.6774193548387096","0.7096774193548387","0.7096774193548387","0.7096774193548387","0.7096774193548387","0.7324212508478796","0.7419354838709677","0.7419354838709677","0.7419354838709677","0.7419354838709677","0.7419354838709677","0.7419354838709677","0.7419354838709677","0.7419354838709677","0.7419354838709677","0.7419354838709677","0.7419354838709677","0.7419354838709677","0.7419354838709677","0.7419354838709677","0.7419354838709677","0.7419354838709677","0.7419354838709677","0.7419354838709677","0.7419354838709677","0.7419354838709677","0.7419354838709677","0.7419354838709677","0.7419354838709677","0.7419354838709677","0.7419354838709677","0.7419354838709677","0.7419354838709677","0.7419354838709677","0.7419354838709677","0.7419354838709677","0.7419354838709677","0.7419354838709677","0.7419354838709677","0.7419354838709677","0.7419354838709677","0.7419354838709677","0.7419354838709677","0.7419354838709677","0.7419354838709677","0.7419354838709677","0.7419354838709677","0.8387096774193549","0.8387096774193549","0.8387096774193549","0.8387096774193549","0.8387096774193549","0.8387096774193549","0.8387096774193549","0.8387096774193549","0.8387096774193549","0.8387096774193549","0.8387096774193549","0.8387096774193549","0.8387096774193549","0.8387096774193549","0.8387096774193549","0.8387096774193549","0.8387096774193549","0.8387096774193549","0.8387096774193549","0.8387096774193549","0.8387096774193549","0.8387096774193549","0.8387096774193549","0.8387096774193549","0.8387096774193549","0.8387096774193549","0.8387096774193549","0.8387096774193549","0.8387096774193549","0.8387096774193549","0.8387096774193549","0.8387096774193549","0.8387096774193549","0.8387096774193549","0.8387096774193549","0.8387096774193549","0.8387096774193549","0.8387096774193549","0.8387096774193549","0.8387096774193549","0.8387096774193549","0.8387096774193549","0.8387096774193549","0.8387096774193549","0.8387096774193549","0.8387096774193549","0.8387096774193549","0.8387096774193549","0.8387096774193549","0.8387096774193549","0.8387096774193549","0.8387096774193549","0.8387096774193549","0.8387096774193549","0.8387096774193549","0.8387096774193549","0.8387096774193549","0.8387096774193549","0.8387096774193549","0.8387096774193549","0.8387096774193549","0.8387096774193549","0.8387096774193549","0.8387096774193549","0.8387096774193549","0.8387096774193549","0.8387096774193549","0.8387096774193549","0.8387096774193549","0.8387096774193549","0.8387096774193549","0.8387096774193549","0.8387096774193549","0.8387096774193549","0.8387096774193549","0.8387096774193549","0.8387096774193549","0.8387096774193549","0.8387096774193549","0.8387096774193549","0.8387096774193549","0.8387096774193549","0.8387096774193549","0.8387096774193549","0.8387096774193549","0.8387096774193549","0.8387096774193549","0.8387096774193549","0.8387096774193549","0.8387096774193549","0.8387096774193549","0.8387096774193549","0.8387096774193549","0.8387096774193549","0.8387096774193549","0.8387096774193549","0.8387096774193549","0.8387096774193549","0.8387096774193549","0.8387096774193549","0.8387096774193549","0.8387096774193549","0.8387096774193549","0.8387096774193549","0.8387096774193549","0.8387096774193549","0.8387096774193549","0.8387096774193549","0.8387096774193549","0.8387096774193549","0.8387096774193549","0.8387096774193549","0.8387096774193549","0.8387096774193549","0.8387096774193549","0.8387096774193549","0.8387096774193549","0.8387096774193549","0.8387096774193549","0.8387096774193549","0.8387096774193549","0.8387096774193549","0.8387096774193549","0.8387096774193549","0.8387096774193549","0.8387096774193549","0.8387096774193549","0.8387096774193549","0.8387096774193549","0.8387096774193549","0.8387096774193549","0.8387096774193549","0.8387096774193549","0.8387096774193549","0.8387096774193549","0.8387096774193549","0.8387096774193549","0.8387096774193549","0.8387096774193549","0.8387096774193549","0.8387096774193549","0.8387096774193549","0.8387096774193549","0.8387096774193549","0.8387096774193549","0.8387096774193549","0.8387096774193549","0.8387096774193549","0.8387096774193549","0.8387096774193549","0.8387096774193549","0.8387096774193549","0.8387096774193549","0.8387096774193549","0.8387096774193549","0.8387096774193549","0.8387096774193549","0.8387096774193549","0.8387096774193549","0.8387096774193549","0.8387096774193549","0.8387096774193549","0.8387096774193549","0.8387096774193549","0.8387096774193549","0.8387096774193549","0.8387096774193549","0.8387096774193549","0.8387096774193549","0.8387096774193549","0.8387096774193549","0.8387096774193549","0.8387096774193549","0.8387096774193549","0.8387096774193549","0.8387096774193549","0.8387096774193549","0.8387096774193549","0.8387096774193549","0.8387096774193549","0.8387096774193549","0.8387096774193549","0.8387096774193549","0.8387096774193549","0.8387096774193549","0.8387096774193549","0.8387096774193549","0.8387096774193549","0.8387096774193549","0.8387096774193549","0.8387096774193549","0.8387096774193549","0.8387096774193549","0.8387096774193549","0.8387096774193549","0.8387096774193549","0.8387096774193549","0.8387096774193549","0.8387096774193549","0.8387096774193549","0.8387096774193549","0.8387096774193549","0.8387096774193549","0.8387096774193549","0.8387096774193549","0.8387096774193549","0.8387096774193549","0.8387096774193549","0.8387096774193549","0.8387096774193549","0.8387096774193549","0.8387096774193549","0.8387096774193549","0.8387096774193549","0.8387096774193549","0.8387096774193549","0.8387096774193549","0.8387096774193549","0.8387096774193549","0.8387096774193549","0.8387096774193549","0.8387096774193549","0.8387096774193549","0.8387096774193549","0.8387096774193549","0.8387096774193549","0.8387096774193549","0.8387096774193549","0.8387096774193549","0.8387096774193549","0.8387096774193549","0.8387096774193549","0.8387096774193549","0.8387096774193549","0.8387096774193549","0.8387096774193549","0.8387096774193549","0.8387096774193549","0.8387096774193549","0.8387096774193549","0.8387096774193549","0.8387096774193549","0.8387096774193549","0.8387096774193549","0.8387096774193549","0.8387096774193549","0.8387096774193549","0.8387096774193549","0.8387096774193549","0.8387096774193549","0.8387096774193549","0.8387096774193549","0.8387096774193549","0.8387096774193549","0.8387096774193549","0.8387096774193549","0.8387096774193549","0.8387096774193549","0.8387096774193549","0.8387096774193549","0.8387096774193549","0.8387096774193549","0.8387096774193549","0.8387096774193549","0.8387096774193549","0.8387096774193549","0.8387096774193549","0.8387096774193549","0.8387096774193549","0.8387096774193549","0.8387096774193549","0.8387096774193549","0.8387096774193549","0.8387096774193549","0.8387096774193549","0.8387096774193549","0.8387096774193549","0.8387096774193549","0.8387096774193549","0.8387096774193549","0.8387096774193549","0.8387096774193549","0.8387096774193549","0.8387096774193549","0.8387096774193549","0.8387096774193549","0.8387096774193549","0.8387096774193549","0.8387096774193549","0.8387096774193549","0.8387096774193549","0.8387096774193549","0.8387096774193549","0.8387096774193549","0.8387096774193549","0.8387096774193549","0.8387096774193549","0.8387096774193549","0.8387096774193549","0.8387096774193549","0.8387096774193549","0.8387096774193549","0.8387096774193549","0.8387096774193549","0.8387096774193549","0.8387096774193549","0.8387096774193549","0.8387096774193549","0.8387096774193549","0.8387096774193549","0.8387096774193549","0.8387096774193549","0.8387096774193549","0.8387096774193549","0.8387096774193549","0.8387096774193549","0.8387096774193549","0.8387096774193549","0.8387096774193549","0.8387096774193549","0.8387096774193549","0.8387096774193549","0.8387096774193549","0.8387096774193549","0.8387096774193549","0.8387096774193549","0.8387096774193549","0.8387096774193549","0.8387096774193549","0.8387096774193549","0.8387096774193549","0.8387096774193549","0.8387096774193549","0.8387096774193549","0.8387096774193549","0.8387096774193549","0.8387096774193549","0.8387096774193549","0.8387096774193549","0.8387096774193549","0.8387096774193549","0.8387096774193549","0.8387096774193549","0.8387096774193549","0.8387096774193549","0.8387096774193549","0.8387096774193549","0.8387096774193549","0.8387096774193549","0.8387096774193549","0.8387096774193549","0.8387096774193549","0.8387096774193549","0.8387096774193549","0.8387096774193549","0.8387096774193549","0.8387096774193549","0.8387096774193549","0.8387096774193549","0.8387096774193549","0.8387096774193549","0.8387096774193549","0.8387096774193549","0.8387096774193549","0.8387096774193549","0.8387096774193549","0.8387096774193549","0.8387096774193549","0.8387096774193549","0.8387096774193549","0.8387096774193549","0.8387096774193549","0.8387096774193549","0.8387096774193549","0.8387096774193549","0.8387096774193549","0.8387096774193549","0.8387096774193549","0.8387096774193549","0.8387096774193549","0.8387096774193549","0.8387096774193549","0.8387096774193549","0.8387096774193549","0.8387096774193549","0.8387096774193549","0.8387096774193549","0.8387096774193549","0.8387096774193549","0.8387096774193549","0.8387096774193549","0.8387096774193549","0.8387096774193549","0.8387096774193549","0.8387096774193549","0.8387096774193549","0.8387096774193549","0.8387096774193549","0.8387096774193549","0.8387096774193549","0.8387096774193549","0.8387096774193549","0.8387096774193549","0.8387096774193549","0.8387096774193549","0.8387096774193549","0.8387096774193549","0.8387096774193549","0.8387096774193549","0.8387096774193549","0.8387096774193549","0.8387096774193549","0.8387096774193549","0.8387096774193549","0.8387096774193549","0.8387096774193549","0.8387096774193549","0.8387096774193549","0.8387096774193549","0.8387096774193549","0.8387096774193549","0.8387096774193549","0.8387096774193549","0.8387096774193549","0.8387096774193549","0.8387096774193549","0.8387096774193549","0.8387096774193549","0.8387096774193549","0.8387096774193549","0.8387096774193549","0.8387096774193549","0.8387096774193549","0.8387096774193549","0.8387096774193549","0.8387096774193549","0.8387096774193549","0.8387096774193549","0.8387096774193549","0.8387096774193549","0.8387096774193549","0.8387096774193549","0.8387096774193549","0.8387096774193549","0.8387096774193549","0.8387096774193549","0.8387096774193549","0.8387096774193549","0.8387096774193549","0.8387096774193549","0.8387096774193549","0.8387096774193549","0.8387096774193549","0.8387096774193549","0.8387096774193549","0.8387096774193549","0.8387096774193549","0.8387096774193549","0.8387096774193549","0.8387096774193549","0.8387096774193549","0.8387096774193549","0.8387096774193549","0.8387096774193549","0.8387096774193549","0.8387096774193549","0.8387096774193549","0.8387096774193549","0.8387096774193549","0.8387096774193549","0.8387096774193549","0.8387096774193549","0.8387096774193549","0.8387096774193549","0.8387096774193549","0.8387096774193549","0.8387096774193549","0.8387096774193549","0.8387096774193549","0.8387096774193549","0.8387096774193549","0.8387096774193549","0.8387096774193549","0.8387096774193549","0.8387096774193549","0.8387096774193549","0.8387096774193549","0.8387096774193549","0.8387096774193549","0.8387096774193549","0.8387096774193549","0.8387096774193549","0.8387096774193549","135","4114"
"WSPy-NoTypes","mimesis.builtins.de","1590999382119854914","0","3283225237","1.0","9","177","0","0","1.0","1.0","1.0","1.0","1.0","1.0","1.0","1.0","1.0","1.0","1.0","1.0","1.0","1.0","1.0","1.0","1.0","1.0","1.0","1.0","1.0","1.0","1.0","1.0","1.0","1.0","1.0","1.0","1.0","1.0","1.0","1.0","1.0","1.0","1.0","1.0","1.0","1.0","1.0","1.0","1.0","1.0","1.0","1.0","1.0","1.0","1.0","1.0","1.0","1.0","1.0","1.0","1.0","1.0","1.0","1.0","1.0","1.0","1.0","1.0","1.0","1.0","1.0","1.0","1.0","1.0","1.0","1.0","1.0","1.0","1.0","1.0","1.0","1.0","1.0","1.0","1.0","1.0","1.0","1.0","1.0","1.0","1.0","1.0","1.0","1.0","1.0","1.0","1.0","1.0","1.0","1.0","1.0","1.0","1.0","1.0","1.0","1.0","1.0","1.0","1.0","1.0","1.0","1.0","1.0","1.0","1.0","1.0","1.0","1.0","1.0","1.0","1.0","1.0","1.0","1.0","1.0","1.0","1.0","1.0","1.0","1.0","1.0","1.0","1.0","1.0","1.0","1.0","1.0","1.0","1.0","1.0","1.0","1.0","1.0","1.0","1.0","1.0","1.0","1.0","1.0","1.0","1.0","1.0","1.0","1.0","1.0","1.0","1.0","1.0","1.0","1.0","1.0","1.0","1.0","1.0","1.0","1.0","1.0","1.0","1.0","1.0","1.0","1.0","1.0","1.0","1.0","1.0","1.0","1.0","1.0","1.0","1.0","1.0","1.0","1.0","1.0","1.0","1.0","1.0","1.0","1.0","1.0","1.0","1.0","1.0","1.0","1.0","1.0","1.0","1.0","1.0","1.0","1.0","1.0","1.0","1.0","1.0","1.0","1.0","1.0","1.0","1.0","1.0","1.0","1.0","1.0","1.0","1.0","1.0","1.0","1.0","1.0","1.0","1.0","1.0","1.0","1.0","1.0","1.0","1.0","1.0","1.0","1.0","1.0","1.0","1.0","1.0","1.0","1.0","1.0","1.0","1.0","1.0","1.0","1.0","1.0","1.0","1.0","1.0","1.0","1.0","1.0","1.0","1.0","1.0","1.0","1.0","1.0","1.0","1.0","1.0","1.0","1.0","1.0","1.0","1.0","1.0","1.0","1.0","1.0","1.0","1.0","1.0","1.0","1.0","1.0","1.0","1.0","1.0","1.0","1.0","1.0","1.0","1.0","1.0","1.0","1.0","1.0","1.0","1.0","1.0","1.0","1.0","1.0","1.0","1.0","1.0","1.0","1.0","1.0","1.0","1.0","1.0","1.0","1.0","1.0","1.0","1.0","1.0","1.0","1.0","1.0","1.0","1.0","1.0","1.0","1.0","1.0","1.0","1.0","1.0","1.0","1.0","1.0","1.0","1.0","1.0","1.0","1.0","1.0","1.0","1.0","1.0","1.0","1.0","1.0","1.0","1.0","1.0","1.0","1.0","1.0","1.0","1.0","1.0","1.0","1.0","1.0","1.0","1.0","1.0","1.0","1.0","1.0","1.0","1.0","1.0","1.0","1.0","1.0","1.0","1.0","1.0","1.0","1.0","1.0","1.0","1.0","1.0","1.0","1.0","1.0","1.0","1.0","1.0","1.0","1.0","1.0","1.0","1.0","1.0","1.0","1.0","1.0","1.0","1.0","1.0","1.0","1.0","1.0","1.0","1.0","1.0","1.0","1.0","1.0","1.0","1.0","1.0","1.0","1.0","1.0","1.0","1.0","1.0","1.0","1.0","1.0","1.0","1.0","1.0","1.0","1.0","1.0","1.0","1.0","1.0","1.0","1.0","1.0","1.0","1.0","1.0","1.0","1.0","1.0","1.0","1.0","1.0","1.0","1.0","1.0","1.0","1.0","1.0","1.0","1.0","1.0","1.0","1.0","1.0","1.0","1.0","1.0","1.0","1.0","1.0","1.0","1.0","1.0","1.0","1.0","1.0","1.0","1.0","1.0","1.0","1.0","1.0","1.0","1.0","1.0","1.0","1.0","1.0","1.0","1.0","1.0","1.0","1.0","1.0","1.0","1.0","1.0","1.0","1.0","1.0","1.0","1.0","1.0","1.0","1.0","1.0","1.0","1.0","1.0","1.0","1.0","1.0","1.0","1.0","1.0","1.0","1.0","1.0","1.0","1.0","1.0","1.0","1.0","1.0","1.0","1.0","1.0","1.0","1.0","1.0","1.0","1.0","1.0","1.0","1.0","1.0","1.0","1.0","1.0","1.0","1.0","1.0","1.0","1.0","1.0","1.0","1.0","1.0","1.0","1.0","1.0","1.0","1.0","1.0","1.0","1.0","1.0","1.0","1.0","1.0","1.0","1.0","1.0","1.0","1.0","1.0","1.0","1.0","1.0","1.0","1.0","1.0","1.0","1.0","1.0","1.0","1.0","1.0","1.0","1.0","1.0","1.0","1.0","1.0","1.0","1.0","1.0","1.0","1.0","1.0","1.0","1.0","1.0","1.0","1.0","1.0","1.0","1.0","1.0","1.0","1.0","1.0","1.0","1.0","1.0","1.0","1.0","1.0","1.0","1.0","1.0","1.0","1.0","1.0","1.0","1.0","1.0","1.0","1.0","1.0","1.0","1.0","1.0","1.0","1.0","1.0","1.0","1.0","1.0","1.0","1.0","1.0","9","177"
"WSPy-TypeHintsInference","mimesis.providers.units","1590998531326731895","0","2272984796","1.0","4","91","4","91","1.0","1.0","1.0","1.0","1.0","1.0","1.0","1.0","1.0","1.0","1.0","1.0","1.0","1.0","1.0","1.0","1.0","1.0","1.0","1.0","1.0","1.0","1.0","1.0","1.0","1.0","1.0","1.0","1.0","1.0","1.0","1.0","1.0","1.0","1.0","1.0","1.0","1.0","1.0","1.0","1.0","1.0","1.0","1.0","1.0","1.0","1.0","1.0","1.0","1.0","1.0","1.0","1.0","1.0","1.0","1.0","1.0","1.0","1.0","1.0","1.0","1.0","1.0","1.0","1.0","1.0","1.0","1.0","1.0","1.0","1.0","1.0","1.0","1.0","1.0","1.0","1.0","1.0","1.0","1.0","1.0","1.0","1.0","1.0","1.0","1.0","1.0","1.0","1.0","1.0","1.0","1.0","1.0","1.0","1.0","1.0","1.0","1.0","1.0","1.0","1.0","1.0","1.0","1.0","1.0","1.0","1.0","1.0","1.0","1.0","1.0","1.0","1.0","1.0","1.0","1.0","1.0","1.0","1.0","1.0","1.0","1.0","1.0","1.0","1.0","1.0","1.0","1.0","1.0","1.0","1.0","1.0","1.0","1.0","1.0","1.0","1.0","1.0","1.0","1.0","1.0","1.0","1.0","1.0","1.0","1.0","1.0","1.0","1.0","1.0","1.0","1.0","1.0","1.0","1.0","1.0","1.0","1.0","1.0","1.0","1.0","1.0","1.0","1.0","1.0","1.0","1.0","1.0","1.0","1.0","1.0","1.0","1.0","1.0","1.0","1.0","1.0","1.0","1.0","1.0","1.0","1.0","1.0","1.0","1.0","1.0","1.0","1.0","1.0","1.0","1.0","1.0","1.0","1.0","1.0","1.0","1.0","1.0","1.0","1.0","1.0","1.0","1.0","1.0","1.0","1.0","1.0","1.0","1.0","1.0","1.0","1.0","1.0","1.0","1.0","1.0","1.0","1.0","1.0","1.0","1.0","1.0","1.0","1.0","1.0","1.0","1.0","1.0","1.0","1.0","1.0","1.0","1.0","1.0","1.0","1.0","1.0","1.0","1.0","1.0","1.0","1.0","1.0","1.0","1.0","1.0","1.0","1.0","1.0","1.0","1.0","1.0","1.0","1.0","1.0","1.0","1.0","1.0","1.0","1.0","1.0","1.0","1.0","1.0","1.0","1.0","1.0","1.0","1.0","1.0","1.0","1.0","1.0","1.0","1.0","1.0","1.0","1.0","1.0","1.0","1.0","1.0","1.0","1.0","1.0","1.0","1.0","1.0","1.0","1.0","1.0","1.0","1.0","1.0","1.0","1.0","1.0","1.0","1.0","1.0","1.0","1.0","1.0","1.0","1.0","1.0","1.0","1.0","1.0","1.0","1.0","1.0","1.0","1.0","1.0","1.0","1.0","1.0","1.0","1.0","1.0","1.0","1.0","1.0","1.0","1.0","1.0","1.0","1.0","1.0","1.0","1.0","1.0","1.0","1.0","1.0","1.0","1.0","1.0","1.0","1.0","1.0","1.0","1.0","1.0","1.0","1.0","1.0","1.0","1.0","1.0","1.0","1.0","1.0","1.0","1.0","1.0","1.0","1.0","1.0","1.0","1.0","1.0","1.0","1.0","1.0","1.0","1.0","1.0","1.0","1.0","1.0","1.0","1.0","1.0","1.0","1.0","1.0","1.0","1.0","1.0","1.0","1.0","1.0","1.0","1.0","1.0","1.0","1.0","1.0","1.0","1.0","1.0","1.0","1.0","1.0","1.0","1.0","1.0","1.0","1.0","1.0","1.0","1.0","1.0","1.0","1.0","1.0","1.0","1.0","1.0","1.0","1.0","1.0","1.0","1.0","1.0","1.0","1.0","1.0","1.0","1.0","1.0","1.0","1.0","1.0","1.0","1.0","1.0","1.0","1.0","1.0","1.0","1.0","1.0","1.0","1.0","1.0","1.0","1.0","1.0","1.0","1.0","1.0","1.0","1.0","1.0","1.0","1.0","1.0","1.0","1.0","1.0","1.0","1.0","1.0","1.0","1.0","1.0","1.0","1.0","1.0","1.0","1.0","1.0","1.0","1.0","1.0","1.0","1.0","1.0","1.0","1.0","1.0","1.0","1.0","1.0","1.0","1.0","1.0","1.0","1.0","1.0","1.0","1.0","1.0","1.0","1.0","1.0","1.0","1.0","1.0","1.0","1.0","1.0","1.0","1.0","1.0","1.0","1.0","1.0","1.0","1.0","1.0","1.0","1.0","1.0","1.0","1.0","1.0","1.0","1.0","1.0","1.0","1.0","1.0","1.0","1.0","1.0","1.0","1.0","1.0","1.0","1.0","1.0","1.0","1.0","1.0","1.0","1.0","1.0","1.0","1.0","1.0","1.0","1.0","1.0","1.0","1.0","1.0","1.0","1.0","1.0","1.0","1.0","1.0","1.0","1.0","1.0","1.0","1.0","1.0","1.0","1.0","1.0","1.0","1.0","1.0","1.0","1.0","1.0","1.0","1.0","1.0","1.0","1.0","1.0","1.0","1.0","1.0","1.0","1.0","1.0","1.0","1.0","1.0","1.0","1.0","1.0","1.0","1.0","1.0","1.0","1.0","1.0","1.0","1.0","1.0","1.0","1.0","1.0","1.0","1.0","1.0","1.0","1.0","1.0","1.0","1.0","1.0","0","0"
"RandooPy-NoTypes","mimesis.providers.clothing","1590999115501368221","7","34031848","1.0","6","29","3","19","1.0","1.0","1.0","1.0","1.0","1.0","1.0","1.0","1.0","1.0","1.0","1.0","1.0","1.0","1.0","1.0","1.0","1.0","1.0","1.0","1.0","1.0","1.0","1.0","1.0","1.0","1.0","1.0","1.0","1.0","1.0","1.0","1.0","1.0","1.0","1.0","1.0","1.0","1.0","1.0","1.0","1.0","1.0","1.0","1.0","1.0","1.0","1.0","1.0","1.0","1.0","1.0","1.0","1.0","1.0","1.0","1.0","1.0","1.0","1.0","1.0","1.0","1.0","1.0","1.0","1.0","1.0","1.0","1.0","1.0","1.0","1.0","1.0","1.0","1.0","1.0","1.0","1.0","1.0","1.0","1.0","1.0","1.0","1.0","1.0","1.0","1.0","1.0","1.0","1.0","1.0","1.0","1.0","1.0","1.0","1.0","1.0","1.0","1.0","1.0","1.0","1.0","1.0","1.0","1.0","1.0","1.0","1.0","1.0","1.0","1.0","1.0","1.0","1.0","1.0","1.0","1.0","1.0","1.0","1.0","1.0","1.0","1.0","1.0","1.0","1.0","1.0","1.0","1.0","1.0","1.0","1.0","1.0","1.0","1.0","1.0","1.0","1.0","1.0","1.0","1.0","1.0","1.0","1.0","1.0","1.0","1.0","1.0","1.0","1.0","1.0","1.0","1.0","1.0","1.0","1.0","1.0","1.0","1.0","1.0","1.0","1.0","1.0","1.0","1.0","1.0","1.0","1.0","1.0","1.0","1.0","1.0","1.0","1.0","1.0","1.0","1.0","1.0","1.0","1.0","1.0","1.0","1.0","1.0","1.0","1.0","1.0","1.0","1.0","1.0","1.0","1.0","1.0","1.0","1.0","1.0","1.0","1.0","1.0","1.0","1.0","1.0","1.0","1.0","1.0","1.0","1.0","1.0","1.0","1.0","1.0","1.0","1.0","1.0","1.0","1.0","1.0","1.0","1.0","1.0","1.0","1.0","1.0","1.0","1.0","1.0","1.0","1.0","1.0","1.0","1.0","1.0","1.0","1.0","1.0","1.0","1.0","1.0","1.0","1.0","1.0","1.0","1.0","1.0","1.0","1.0","1.0","1.0","1.0","1.0","1.0","1.0","1.0","1.0","1.0","1.0","1.0","1.0","1.0","1.0","1.0","1.0","1.0","1.0","1.0","1.0","1.0","1.0","1.0","1.0","1.0","1.0","1.0","1.0","1.0","1.0","1.0","1.0","1.0","1.0","1.0","1.0","1.0","1.0","1.0","1.0","1.0","1.0","1.0","1.0","1.0","1.0","1.0","1.0","1.0","1.0","1.0","1.0","1.0","1.0","1.0","1.0","1.0","1.0","1.0","1.0","1.0","1.0","1.0","1.0","1.0","1.0","1.0","1.0","1.0","1.0","1.0","1.0","1.0","1.0","1.0","1.0","1.0","1.0","1.0","1.0","1.0","1.0","1.0","1.0","1.0","1.0","1.0","1.0","1.0","1.0","1.0","1.0","1.0","1.0","1.0","1.0","1.0","1.0","1.0","1.0","1.0","1.0","1.0","1.0","1.0","1.0","1.0","1.0","1.0","1.0","1.0","1.0","1.0","1.0","1.0","1.0","1.0","1.0","1.0","1.0","1.0","1.0","1.0","1.0","1.0","1.0","1.0","1.0","1.0","1.0","1.0","1.0","1.0","1.0","1.0","1.0","1.0","1.0","1.0","1.0","1.0","1.0","1.0","1.0","1.0","1.0","1.0","1.0","1.0","1.0","1.0","1.0","1.0","1.0","1.0","1.0","1.0","1.0","1.0","1.0","1.0","1.0","1.0","1.0","1.0","1.0","1.0","1.0","1.0","1.0","1.0","1.0","1.0","1.0","1.0","1.0","1.0","1.0","1.0","1.0","1.0","1.0","1.0","1.0","1.0","1.0","1.0","1.0","1.0","1.0","1.0","1.0","1.0","1.0","1.0","1.0","1.0","1.0","1.0","1.0","1.0","1.0","1.0","1.0","1.0","1.0","1.0","1.0","1.0","1.0","1.0","1.0","1.0","1.0","1.0","1.0","1.0","1.0","1.0","1.0","1.0","1.0","1.0","1.0","1.0","1.0","1.0","1.0","1.0","1.0","1.0","1.0","1.0","1.0","1.0","1.0","1.0","1.0","1.0","1.0","1.0","1.0","1.0","1.0","1.0","1.0","1.0","1.0","1.0","1.0","1.0","1.0","1.0","1.0","1.0","1.0","1.0","1.0","1.0","1.0","1.0","1.0","1.0","1.0","1.0","1.0","1.0","1.0","1.0","1.0","1.0","1.0","1.0","1.0","1.0","1.0","1.0","1.0","1.0","1.0","1.0","1.0","1.0","1.0","1.0","1.0","1.0","1.0","1.0","1.0","1.0","1.0","1.0","1.0","1.0","1.0","1.0","1.0","1.0","1.0","1.0","1.0","1.0","1.0","1.0","1.0","1.0","1.0","1.0","1.0","1.0","1.0","1.0","1.0","1.0","1.0","1.0","1.0","1.0","1.0","1.0","1.0","1.0","1.0","1.0","1.0","1.0","1.0","1.0","1.0","1.0","1.0","1.0","1.0","1.0","1.0","1.0","1.0","1.0","1.0","1.0","1.0","1.0","1.0","1.0","1.0","1.0","1.0","1.0","1.0","1.0","1.0","1.0","1.0","3","10"
"WSPy-TypeHintsInference","mimesis.shortcuts","1590998572470096584","6","6138412958","1.0","7","168","7","168","0.9333333333333333","0.9333333333333333","0.9333333333333333","0.9333333333333333","0.9333333333333333","1.0","1.0","1.0","1.0","1.0","1.0","1.0","1.0","1.0","1.0","1.0","1.0","1.0","1.0","1.0","1.0","1.0","1.0","1.0","1.0","1.0","1.0","1.0","1.0","1.0","1.0","1.0","1.0","1.0","1.0","1.0","1.0","1.0","1.0","1.0","1.0","1.0","1.0","1.0","1.0","1.0","1.0","1.0","1.0","1.0","1.0","1.0","1.0","1.0","1.0","1.0","1.0","1.0","1.0","1.0","1.0","1.0","1.0","1.0","1.0","1.0","1.0","1.0","1.0","1.0","1.0","1.0","1.0","1.0","1.0","1.0","1.0","1.0","1.0","1.0","1.0","1.0","1.0","1.0","1.0","1.0","1.0","1.0","1.0","1.0","1.0","1.0","1.0","1.0","1.0","1.0","1.0","1.0","1.0","1.0","1.0","1.0","1.0","1.0","1.0","1.0","1.0","1.0","1.0","1.0","1.0","1.0","1.0","1.0","1.0","1.0","1.0","1.0","1.0","1.0","1.0","1.0","1.0","1.0","1.0","1.0","1.0","1.0","1.0","1.0","1.0","1.0","1.0","1.0","1.0","1.0","1.0","1.0","1.0","1.0","1.0","1.0","1.0","1.0","1.0","1.0","1.0","1.0","1.0","1.0","1.0","1.0","1.0","1.0","1.0","1.0","1.0","1.0","1.0","1.0","1.0","1.0","1.0","1.0","1.0","1.0","1.0","1.0","1.0","1.0","1.0","1.0","1.0","1.0","1.0","1.0","1.0","1.0","1.0","1.0","1.0","1.0","1.0","1.0","1.0","1.0","1.0","1.0","1.0","1.0","1.0","1.0","1.0","1.0","1.0","1.0","1.0","1.0","1.0","1.0","1.0","1.0","1.0","1.0","1.0","1.0","1.0","1.0","1.0","1.0","1.0","1.0","1.0","1.0","1.0","1.0","1.0","1.0","1.0","1.0","1.0","1.0","1.0","1.0","1.0","1.0","1.0","1.0","1.0","1.0","1.0","1.0","1.0","1.0","1.0","1.0","1.0","1.0","1.0","1.0","1.0","1.0","1.0","1.0","1.0","1.0","1.0","1.0","1.0","1.0","1.0","1.0","1.0","1.0","1.0","1.0","1.0","1.0","1.0","1.0","1.0","1.0","1.0","1.0","1.0","1.0","1.0","1.0","1.0","1.0","1.0","1.0","1.0","1.0","1.0","1.0","1.0","1.0","1.0","1.0","1.0","1.0","1.0","1.0","1.0","1.0","1.0","1.0","1.0","1.0","1.0","1.0","1.0","1.0","1.0","1.0","1.0","1.0","1.0","1.0","1.0","1.0","1.0","1.0","1.0","1.0","1.0","1.0","1.0","1.0","1.0","1.0","1.0","1.0","1.0","1.0","1.0","1.0","1.0","1.0","1.0","1.0","1.0","1.0","1.0","1.0","1.0","1.0","1.0","1.0","1.0","1.0","1.0","1.0","1.0","1.0","1.0","1.0","1.0","1.0","1.0","1.0","1.0","1.0","1.0","1.0","1.0","1.0","1.0","1.0","1.0","1.0","1.0","1.0","1.0","1.0","1.0","1.0","1.0","1.0","1.0","1.0","1.0","1.0","1.0","1.0","1.0","1.0","1.0","1.0","1.0","1.0","1.0","1.0","1.0","1.0","1.0","1.0","1.0","1.0","1.0","1.0","1.0","1.0","1.0","1.0","1.0","1.0","1.0","1.0","1.0","1.0","1.0","1.0","1.0","1.0","1.0","1.0","1.0","1.0","1.0","1.0","1.0","1.0","1.0","1.0","1.0","1.0","1.0","1.0","1.0","1.0","1.0","1.0","1.0","1.0","1.0","1.0","1.0","1.0","1.0","1.0","1.0","1.0","1.0","1.0","1.0","1.0","1.0","1.0","1.0","1.0","1.0","1.0","1.0","1.0","1.0","1.0","1.0","1.0","1.0","1.0","1.0","1.0","1.0","1.0","1.0","1.0","1.0","1.0","1.0","1.0","1.0","1.0","1.0","1.0","1.0","1.0","1.0","1.0","1.0","1.0","1.0","1.0","1.0","1.0","1.0","1.0","1.0","1.0","1.0","1.0","1.0","1.0","1.0","1.0","1.0","1.0","1.0","1.0","1.0","1.0","1.0","1.0","1.0","1.0","1.0","1.0","1.0","1.0","1.0","1.0","1.0","1.0","1.0","1.0","1.0","1.0","1.0","1.0","1.0","1.0","1.0","1.0","1.0","1.0","1.0","1.0","1.0","1.0","1.0","1.0","1.0","1.0","1.0","1.0","1.0","1.0","1.0","1.0","1.0","1.0","1.0","1.0","1.0","1.0","1.0","1.0","1.0","1.0","1.0","1.0","1.0","1.0","1.0","1.0","1.0","1.0","1.0","1.0","1.0","1.0","1.0","1.0","1.0","1.0","1.0","1.0","1.0","1.0","1.0","1.0","1.0","1.0","1.0","1.0","1.0","1.0","1.0","1.0","1.0","1.0","1.0","1.0","1.0","1.0","1.0","1.0","1.0","1.0","1.0","1.0","1.0","1.0","1.0","1.0","1.0","1.0","1.0","1.0","1.0","1.0","1.0","1.0","1.0","1.0","1.0","1.0","1.0","1.0","1.0","1.0","1.0","1.0","1.0","1.0","1.0","1.0","1.0","1.0","0","0"
"WSPy-NoTypes","mimesis.providers.business","1590999412526345109","0","2682300863","1.0","10","222","8","200","1.0","1.0","1.0","1.0","1.0","1.0","1.0","1.0","1.0","1.0","1.0","1.0","1.0","1.0","1.0","1.0","1.0","1.0","1.0","1.0","1.0","1.0","1.0","1.0","1.0","1.0","1.0","1.0","1.0","1.0","1.0","1.0","1.0","1.0","1.0","1.0","1.0","1.0","1.0","1.0","1.0","1.0","1.0","1.0","1.0","1.0","1.0","1.0","1.0","1.0","1.0","1.0","1.0","1.0","1.0","1.0","1.0","1.0","1.0","1.0","1.0","1.0","1.0","1.0","1.0","1.0","1.0","1.0","1.0","1.0","1.0","1.0","1.0","1.0","1.0","1.0","1.0","1.0","1.0","1.0","1.0","1.0","1.0","1.0","1.0","1.0","1.0","1.0","1.0","1.0","1.0","1.0","1.0","1.0","1.0","1.0","1.0","1.0","1.0","1.0","1.0","1.0","1.0","1.0","1.0","1.0","1.0","1.0","1.0","1.0","1.0","1.0","1.0","1.0","1.0","1.0","1.0","1.0","1.0","1.0","1.0","1.0","1.0","1.0","1.0","1.0","1.0","1.0","1.0","1.0","1.0","1.0","1.0","1.0","1.0","1.0","1.0","1.0","1.0","1.0","1.0","1.0","1.0","1.0","1.0","1.0","1.0","1.0","1.0","1.0","1.0","1.0","1.0","1.0","1.0","1.0","1.0","1.0","1.0","1.0","1.0","1.0","1.0","1.0","1.0","1.0","1.0","1.0","1.0","1.0","1.0","1.0","1.0","1.0","1.0","1.0","1.0","1.0","1.0","1.0","1.0","1.0","1.0","1.0","1.0","1.0","1.0","1.0","1.0","1.0","1.0","1.0","1.0","1.0","1.0","1.0","1.0","1.0","1.0","1.0","1.0","1.0","1.0","1.0","1.0","1.0","1.0","1.0","1.0","1.0","1.0","1.0","1.0","1.0","1.0","1.0","1.0","1.0","1.0","1.0","1.0","1.0","1.0","1.0","1.0","1.0","1.0","1.0","1.0","1.0","1.0","1.0","1.0","1.0","1.0","1.0","1.0","1.0","1.0","1.0","1.0","1.0","1.0","1.0","1.0","1.0","1.0","1.0","1.0","1.0","1.0","1.0","1.0","1.0","1.0","1.0","1.0","1.0","1.0","1.0","1.0","1.0","1.0","1.0","1.0","1.0","1.0","1.0","1.0","1.0","1.0","1.0","1.0","1.0","1.0","1.0","1.0","1.0","1.0","1.0","1.0","1.0","1.0","1.0","1.0","1.0","1.0","1.0","1.0","1.0","1.0","1.0","1.0","1.0","1.0","1.0","1.0","1.0","1.0","1.0","1.0","1.0","1.0","1.0","1.0","1.0","1.0","1.0","1.0","1.0","1.0","1.0","1.0","1.0","1.0","1.0","1.0","1.0","1.0","1.0","1.0","1.0","1.0","1.0","1.0","1.0","1.0","1.0","1.0","1.0","1.0","1.0","1.0","1.0","1.0","1.0","1.0","1.0","1.0","1.0","1.0","1.0","1.0","1.0","1.0","1.0","1.0","1.0","1.0","1.0","1.0","1.0","1.0","1.0","1.0","1.0","1.0","1.0","1.0","1.0","1.0","1.0","1.0","1.0","1.0","1.0","1.0","1.0","1.0","1.0","1.0","1.0","1.0","1.0","1.0","1.0","1.0","1.0","1.0","1.0","1.0","1.0","1.0","1.0","1.0","1.0","1.0","1.0","1.0","1.0","1.0","1.0","1.0","1.0","1.0","1.0","1.0","1.0","1.0","1.0","1.0","1.0","1.0","1.0","1.0","1.0","1.0","1.0","1.0","1.0","1.0","1.0","1.0","1.0","1.0","1.0","1.0","1.0","1.0","1.0","1.0","1.0","1.0","1.0","1.0","1.0","1.0","1.0","1.0","1.0","1.0","1.0","1.0","1.0","1.0","1.0","1.0","1.0","1.0","1.0","1.0","1.0","1.0","1.0","1.0","1.0","1.0","1.0","1.0","1.0","1.0","1.0","1.0","1.0","1.0","1.0","1.0","1.0","1.0","1.0","1.0","1.0","1.0","1.0","1.0","1.0","1.0","1.0","1.0","1.0","1.0","1.0","1.0","1.0","1.0","1.0","1.0","1.0","1.0","1.0","1.0","1.0","1.0","1.0","1.0","1.0","1.0","1.0","1.0","1.0","1.0","1.0","1.0","1.0","1.0","1.0","1.0","1.0","1.0","1.0","1.0","1.0","1.0","1.0","1.0","1.0","1.0","1.0","1.0","1.0","1.0","1.0","1.0","1.0","1.0","1.0","1.0","1.0","1.0","1.0","1.0","1.0","1.0","1.0","1.0","1.0","1.0","1.0","1.0","1.0","1.0","1.0","1.0","1.0","1.0","1.0","1.0","1.0","1.0","1.0","1.0","1.0","1.0","1.0","1.0","1.0","1.0","1.0","1.0","1.0","1.0","1.0","1.0","1.0","1.0","1.0","1.0","1.0","1.0","1.0","1.0","1.0","1.0","1.0","1.0","1.0","1.0","1.0","1.0","1.0","1.0","1.0","1.0","1.0","1.0","1.0","1.0","1.0","1.0","1.0","1.0","1.0","1.0","1.0","1.0","1.0","1.0","1.0","1.0","1.0","1.0","1.0","1.0","1.0","1.0","1.0","1.0","1.0","1.0","1.0","2","22"
"RandooPy-NoTypes","mimesis.builtins.da","1590999103536579245","3","17997565","1.0","3","13","0","0","1.0","1.0","1.0","1.0","1.0","1.0","1.0","1.0","1.0","1.0","1.0","1.0","1.0","1.0","1.0","1.0","1.0","1.0","1.0","1.0","1.0","1.0","1.0","1.0","1.0","1.0","1.0","1.0","1.0","1.0","1.0","1.0","1.0","1.0","1.0","1.0","1.0","1.0","1.0","1.0","1.0","1.0","1.0","1.0","1.0","1.0","1.0","1.0","1.0","1.0","1.0","1.0","1.0","1.0","1.0","1.0","1.0","1.0","1.0","1.0","1.0","1.0","1.0","1.0","1.0","1.0","1.0","1.0","1.0","1.0","1.0","1.0","1.0","1.0","1.0","1.0","1.0","1.0","1.0","1.0","1.0","1.0","1.0","1.0","1.0","1.0","1.0","1.0","1.0","1.0","1.0","1.0","1.0","1.0","1.0","1.0","1.0","1.0","1.0","1.0","1.0","1.0","1.0","1.0","1.0","1.0","1.0","1.0","1.0","1.0","1.0","1.0","1.0","1.0","1.0","1.0","1.0","1.0","1.0","1.0","1.0","1.0","1.0","1.0","1.0","1.0","1.0","1.0","1.0","1.0","1.0","1.0","1.0","1.0","1.0","1.0","1.0","1.0","1.0","1.0","1.0","1.0","1.0","1.0","1.0","1.0","1.0","1.0","1.0","1.0","1.0","1.0","1.0","1.0","1.0","1.0","1.0","1.0","1.0","1.0","1.0","1.0","1.0","1.0","1.0","1.0","1.0","1.0","1.0","1.0","1.0","1.0","1.0","1.0","1.0","1.0","1.0","1.0","1.0","1.0","1.0","1.0","1.0","1.0","1.0","1.0","1.0","1.0","1.0","1.0","1.0","1.0","1.0","1.0","1.0","1.0","1.0","1.0","1.0","1.0","1.0","1.0","1.0","1.0","1.0","1.0","1.0","1.0","1.0","1.0","1.0","1.0","1.0","1.0","1.0","1.0","1.0","1.0","1.0","1.0","1.0","1.0","1.0","1.0","1.0","1.0","1.0","1.0","1.0","1.0","1.0","1.0","1.0","1.0","1.0","1.0","1.0","1.0","1.0","1.0","1.0","1.0","1.0","1.0","1.0","1.0","1.0","1.0","1.0","1.0","1.0","1.0","1.0","1.0","1.0","1.0","1.0","1.0","1.0","1.0","1.0","1.0","1.0","1.0","1.0","1.0","1.0","1.0","1.0","1.0","1.0","1.0","1.0","1.0","1.0","1.0","1.0","1.0","1.0","1.0","1.0","1.0","1.0","1.0","1.0","1.0","1.0","1.0","1.0","1.0","1.0","1.0","1.0","1.0","1.0","1.0","1.0","1.0","1.0","1.0","1.0","1.0","1.0","1.0","1.0","1.0","1.0","1.0","1.0","1.0","1.0","1.0","1.0","1.0","1.0","1.0","1.0","1.0","1.0","1.0","1.0","1.0","1.0","1.0","1.0","1.0","1.0","1.0","1.0","1.0","1.0","1.0","1.0","1.0","1.0","1.0","1.0","1.0","1.0","1.0","1.0","1.0","1.0","1.0","1.0","1.0","1.0","1.0","1.0","1.0","1.0","1.0","1.0","1.0","1.0","1.0","1.0","1.0","1.0","1.0","1.0","1.0","1.0","1.0","1.0","1.0","1.0","1.0","1.0","1.0","1.0","1.0","1.0","1.0","1.0","1.0","1.0","1.0","1.0","1.0","1.0","1.0","1.0","1.0","1.0","1.0","1.0","1.0","1.0","1.0","1.0","1.0","1.0","1.0","1.0","1.0","1.0","1.0","1.0","1.0","1.0","1.0","1.0","1.0","1.0","1.0","1.0","1.0","1.0","1.0","1.0","1.0","1.0","1.0","1.0","1.0","1.0","1.0","1.0","1.0","1.0","1.0","1.0","1.0","1.0","1.0","1.0","1.0","1.0","1.0","1.0","1.0","1.0","1.0","1.0","1.0","1.0","1.0","1.0","1.0","1.0","1.0","1.0","1.0","1.0","1.0","1.0","1.0","1.0","1.0","1.0","1.0","1.0","1.0","1.0","1.0","1.0","1.0","1.0","1.0","1.0","1.0","1.0","1.0","1.0","1.0","1.0","1.0","1.0","1.0","1.0","1.0","1.0","1.0","1.0","1.0","1.0","1.0","1.0","1.0","1.0","1.0","1.0","1.0","1.0","1.0","1.0","1.0","1.0","1.0","1.0","1.0","1.0","1.0","1.0","1.0","1.0","1.0","1.0","1.0","1.0","1.0","1.0","1.0","1.0","1.0","1.0","1.0","1.0","1.0","1.0","1.0","1.0","1.0","1.0","1.0","1.0","1.0","1.0","1.0","1.0","1.0","1.0","1.0","1.0","1.0","1.0","1.0","1.0","1.0","1.0","1.0","1.0","1.0","1.0","1.0","1.0","1.0","1.0","1.0","1.0","1.0","1.0","1.0","1.0","1.0","1.0","1.0","1.0","1.0","1.0","1.0","1.0","1.0","1.0","1.0","1.0","1.0","1.0","1.0","1.0","1.0","1.0","1.0","1.0","1.0","1.0","1.0","1.0","1.0","1.0","1.0","1.0","1.0","1.0","1.0","1.0","1.0","1.0","1.0","1.0","1.0","1.0","1.0","1.0","1.0","1.0","1.0","1.0","1.0","1.0","1.0","1.0","1.0","1.0","1.0","1.0","1.0","1.0","1.0","3","13"
"RandooPy-TypeHintsInference","mimesis.providers.numbers","1590998423371147710","239","607380399282","0.8695652173913043","237","6805","67","1682","0.6956521739130435","0.6956521739130435","0.6956521739130435","0.7391304347826086","0.7391304347826086","0.7391304347826086","0.7391304347826086","0.7391304347826086","0.75096693741896","0.7926111502716037","0.8342553631242473","0.8695652173913043","0.8695652173913043","0.8695652173913043","0.8695652173913043","0.8695652173913043","0.8695652173913043","0.8695652173913043","0.8695652173913043","0.8695652173913043","0.8695652173913043","0.8695652173913043","0.8695652173913043","0.8695652173913043","0.8695652173913043","0.8695652173913043","0.8695652173913043","0.8695652173913043","0.8695652173913043","0.8695652173913043","0.8695652173913043","0.8695652173913043","0.8695652173913043","0.8695652173913043","0.8695652173913043","0.8695652173913043","0.8695652173913043","0.8695652173913043","0.8695652173913043","0.8695652173913043","0.8695652173913043","0.8695652173913043","0.8695652173913043","0.8695652173913043","0.8695652173913043","0.8695652173913043","0.8695652173913043","0.8695652173913043","0.8695652173913043","0.8695652173913043","0.8695652173913043","0.8695652173913043","0.8695652173913043","0.8695652173913043","0.8695652173913043","0.8695652173913043","0.8695652173913043","0.8695652173913043","0.8695652173913043","0.8695652173913043","0.8695652173913043","0.8695652173913043","0.8695652173913043","0.8695652173913043","0.8695652173913043","0.8695652173913043","0.8695652173913043","0.8695652173913043","0.8695652173913043","0.8695652173913043","0.8695652173913043","0.8695652173913043","0.8695652173913043","0.8695652173913043","0.8695652173913043","0.8695652173913043","0.8695652173913043","0.8695652173913043","0.8695652173913043","0.8695652173913043","0.8695652173913043","0.8695652173913043","0.8695652173913043","0.8695652173913043","0.8695652173913043","0.8695652173913043","0.8695652173913043","0.8695652173913043","0.8695652173913043","0.8695652173913043","0.8695652173913043","0.8695652173913043","0.8695652173913043","0.8695652173913043","0.8695652173913043","0.8695652173913043","0.8695652173913043","0.8695652173913043","0.8695652173913043","0.8695652173913043","0.8695652173913043","0.8695652173913043","0.8695652173913043","0.8695652173913043","0.8695652173913043","0.8695652173913043","0.8695652173913043","0.8695652173913043","0.8695652173913043","0.8695652173913043","0.8695652173913043","0.8695652173913043","0.8695652173913043","0.8695652173913043","0.8695652173913043","0.8695652173913043","0.8695652173913043","0.8695652173913043","0.8695652173913043","0.8695652173913043","0.8695652173913043","0.8695652173913043","0.8695652173913043","0.8695652173913043","0.8695652173913043","0.8695652173913043","0.8695652173913043","0.8695652173913043","0.8695652173913043","0.8695652173913043","0.8695652173913043","0.8695652173913043","0.8695652173913043","0.8695652173913043","0.8695652173913043","0.8695652173913043","0.8695652173913043","0.8695652173913043","0.8695652173913043","0.8695652173913043","0.8695652173913043","0.8695652173913043","0.8695652173913043","0.8695652173913043","0.8695652173913043","0.8695652173913043","0.8695652173913043","0.8695652173913043","0.8695652173913043","0.8695652173913043","0.8695652173913043","0.8695652173913043","0.8695652173913043","0.8695652173913043","0.8695652173913043","0.8695652173913043","0.8695652173913043","0.8695652173913043","0.8695652173913043","0.8695652173913043","0.8695652173913043","0.8695652173913043","0.8695652173913043","0.8695652173913043","0.8695652173913043","0.8695652173913043","0.8695652173913043","0.8695652173913043","0.8695652173913043","0.8695652173913043","0.8695652173913043","0.8695652173913043","0.8695652173913043","0.8695652173913043","0.8695652173913043","0.8695652173913043","0.8695652173913043","0.8695652173913043","0.8695652173913043","0.8695652173913043","0.8695652173913043","0.8695652173913043","0.8695652173913043","0.8695652173913043","0.8695652173913043","0.8695652173913043","0.8695652173913043","0.8695652173913043","0.8695652173913043","0.8695652173913043","0.8695652173913043","0.8695652173913043","0.8695652173913043","0.8695652173913043","0.8695652173913043","0.8695652173913043","0.8695652173913043","0.8695652173913043","0.8695652173913043","0.8695652173913043","0.8695652173913043","0.8695652173913043","0.8695652173913043","0.8695652173913043","0.8695652173913043","0.8695652173913043","0.8695652173913043","0.8695652173913043","0.8695652173913043","0.8695652173913043","0.8695652173913043","0.8695652173913043","0.8695652173913043","0.8695652173913043","0.8695652173913043","0.8695652173913043","0.8695652173913043","0.8695652173913043","0.8695652173913043","0.8695652173913043","0.8695652173913043","0.8695652173913043","0.8695652173913043","0.8695652173913043","0.8695652173913043","0.8695652173913043","0.8695652173913043","0.8695652173913043","0.8695652173913043","0.8695652173913043","0.8695652173913043","0.8695652173913043","0.8695652173913043","0.8695652173913043","0.8695652173913043","0.8695652173913043","0.8695652173913043","0.8695652173913043","0.8695652173913043","0.8695652173913043","0.8695652173913043","0.8695652173913043","0.8695652173913043","0.8695652173913043","0.8695652173913043","0.8695652173913043","0.8695652173913043","0.8695652173913043","0.8695652173913043","0.8695652173913043","0.8695652173913043","0.8695652173913043","0.8695652173913043","0.8695652173913043","0.8695652173913043","0.8695652173913043","0.8695652173913043","0.8695652173913043","0.8695652173913043","0.8695652173913043","0.8695652173913043","0.8695652173913043","0.8695652173913043","0.8695652173913043","0.8695652173913043","0.8695652173913043","0.8695652173913043","0.8695652173913043","0.8695652173913043","0.8695652173913043","0.8695652173913043","0.8695652173913043","0.8695652173913043","0.8695652173913043","0.8695652173913043","0.8695652173913043","0.8695652173913043","0.8695652173913043","0.8695652173913043","0.8695652173913043","0.8695652173913043","0.8695652173913043","0.8695652173913043","0.8695652173913043","0.8695652173913043","0.8695652173913043","0.8695652173913043","0.8695652173913043","0.8695652173913043","0.8695652173913043","0.8695652173913043","0.8695652173913043","0.8695652173913043","0.8695652173913043","0.8695652173913043","0.8695652173913043","0.8695652173913043","0.8695652173913043","0.8695652173913043","0.8695652173913043","0.8695652173913043","0.8695652173913043","0.8695652173913043","0.8695652173913043","0.8695652173913043","0.8695652173913043","0.8695652173913043","0.8695652173913043","0.8695652173913043","0.8695652173913043","0.8695652173913043","0.8695652173913043","0.8695652173913043","0.8695652173913043","0.8695652173913043","0.8695652173913043","0.8695652173913043","0.8695652173913043","0.8695652173913043","0.8695652173913043","0.8695652173913043","0.8695652173913043","0.8695652173913043","0.8695652173913043","0.8695652173913043","0.8695652173913043","0.8695652173913043","0.8695652173913043","0.8695652173913043","0.8695652173913043","0.8695652173913043","0.8695652173913043","0.8695652173913043","0.8695652173913043","0.8695652173913043","0.8695652173913043","0.8695652173913043","0.8695652173913043","0.8695652173913043","0.8695652173913043","0.8695652173913043","0.8695652173913043","0.8695652173913043","0.8695652173913043","0.8695652173913043","0.8695652173913043","0.8695652173913043","0.8695652173913043","0.8695652173913043","0.8695652173913043","0.8695652173913043","0.8695652173913043","0.8695652173913043","0.8695652173913043","0.8695652173913043","0.8695652173913043","0.8695652173913043","0.8695652173913043","0.8695652173913043","0.8695652173913043","0.8695652173913043","0.8695652173913043","0.8695652173913043","0.8695652173913043","0.8695652173913043","0.8695652173913043","0.8695652173913043","0.8695652173913043","0.8695652173913043","0.8695652173913043","0.8695652173913043","0.8695652173913043","0.8695652173913043","0.8695652173913043","0.8695652173913043","0.8695652173913043","0.8695652173913043","0.8695652173913043","0.8695652173913043","0.8695652173913043","0.8695652173913043","0.8695652173913043","0.8695652173913043","0.8695652173913043","0.8695652173913043","0.8695652173913043","0.8695652173913043","0.8695652173913043","0.8695652173913043","0.8695652173913043","0.8695652173913043","0.8695652173913043","0.8695652173913043","0.8695652173913043","0.8695652173913043","0.8695652173913043","0.8695652173913043","0.8695652173913043","0.8695652173913043","0.8695652173913043","0.8695652173913043","0.8695652173913043","0.8695652173913043","0.8695652173913043","0.8695652173913043","0.8695652173913043","0.8695652173913043","0.8695652173913043","0.8695652173913043","0.8695652173913043","0.8695652173913043","0.8695652173913043","0.8695652173913043","0.8695652173913043","0.8695652173913043","0.8695652173913043","0.8695652173913043","0.8695652173913043","0.8695652173913043","0.8695652173913043","0.8695652173913043","0.8695652173913043","0.8695652173913043","0.8695652173913043","0.8695652173913043","0.8695652173913043","0.8695652173913043","0.8695652173913043","0.8695652173913043","0.8695652173913043","0.8695652173913043","0.8695652173913043","0.8695652173913043","0.8695652173913043","0.8695652173913043","0.8695652173913043","0.8695652173913043","0.8695652173913043","0.8695652173913043","0.8695652173913043","0.8695652173913043","0.8695652173913043","0.8695652173913043","0.8695652173913043","0.8695652173913043","0.8695652173913043","0.8695652173913043","0.8695652173913043","0.8695652173913043","0.8695652173913043","0.8695652173913043","0.8695652173913043","0.8695652173913043","0.8695652173913043","0.8695652173913043","0.8695652173913043","0.8695652173913043","0.8695652173913043","0.8695652173913043","0.8695652173913043","0.8695652173913043","0.8695652173913043","0.8695652173913043","0.8695652173913043","0.8695652173913043","0.8695652173913043","0.8695652173913043","0.8695652173913043","0.8695652173913043","0.8695652173913043","0.8695652173913043","0.8695652173913043","0.8695652173913043","0.8695652173913043","0.8695652173913043","0.8695652173913043","0.8695652173913043","0.8695652173913043","0.8695652173913043","0.8695652173913043","0.8695652173913043","0.8695652173913043","0.8695652173913043","0.8695652173913043","0.8695652173913043","0.8695652173913043","0.8695652173913043","0.8695652173913043","0.8695652173913043","0.8695652173913043","0.8695652173913043","0.8695652173913043","0.8695652173913043","0.8695652173913043","0.8695652173913043","0.8695652173913043","0.8695652173913043","0.8695652173913043","0.8695652173913043","0.8695652173913043","0.8695652173913043","0.8695652173913043","0.8695652173913043","0.8695652173913043","0.8695652173913043","0.8695652173913043","0.8695652173913043","0.8695652173913043","0.8695652173913043","0.8695652173913043","0.8695652173913043","0.8695652173913043","0.8695652173913043","0.8695652173913043","0.8695652173913043","0.8695652173913043","0.8695652173913043","0.8695652173913043","0.8695652173913043","0.8695652173913043","0.8695652173913043","0.8695652173913043","0.8695652173913043","0.8695652173913043","0.8695652173913043","0.8695652173913043","0.8695652173913043","0.8695652173913043","0.8695652173913043","0.8695652173913043","0.8695652173913043","0.8695652173913043","0.8695652173913043","0.8695652173913043","0.8695652173913043","0.8695652173913043","0.8695652173913043","0.8695652173913043","0.8695652173913043","0.8695652173913043","0.8695652173913043","0.8695652173913043","0.8695652173913043","0.8695652173913043","0.8695652173913043","0.8695652173913043","0.8695652173913043","0.8695652173913043","0.8695652173913043","0.8695652173913043","0.8695652173913043","0.8695652173913043","0.8695652173913043","0.8695652173913043","0.8695652173913043","0.8695652173913043","0.8695652173913043","0.8695652173913043","0.8695652173913043","0.8695652173913043","0.8695652173913043","0.8695652173913043","0.8695652173913043","0.8695652173913043","0.8695652173913043","0.8695652173913043","0.8695652173913043","0.8695652173913043","0.8695652173913043","0.8695652173913043","0.8695652173913043","0.8695652173913043","0.8695652173913043","0.8695652173913043","0.8695652173913043","0.8695652173913043","0.8695652173913043","0.8695652173913043","0.8695652173913043","0.8695652173913043","0.8695652173913043","0.8695652173913043","0.8695652173913043","0.8695652173913043","0.8695652173913043","0.8695652173913043","0.8695652173913043","0.8695652173913043","0.8695652173913043","0.8695652173913043","0.8695652173913043","0.8695652173913043","0.8695652173913043","0.8695652173913043","0.8695652173913043","0.8695652173913043","0.8695652173913043","0.8695652173913043","0.8695652173913043","0.8695652173913043","170","5123"
"RandooPy-TypeHintsInference","mimesis.builtins.nl","1590998433423906820","295","607039414207","0.9230769230769231","277","6552","2","69","0.9230769230769231","0.9230769230769231","0.9230769230769231","0.9230769230769231","0.9230769230769231","0.9230769230769231","0.9230769230769231","0.9230769230769231","0.9230769230769231","0.9230769230769231","0.9230769230769231","0.9230769230769231","0.9230769230769231","0.9230769230769231","0.9230769230769231","0.9230769230769231","0.9230769230769231","0.9230769230769231","0.9230769230769231","0.9230769230769231","0.9230769230769231","0.9230769230769231","0.9230769230769231","0.9230769230769231","0.9230769230769231","0.9230769230769231","0.9230769230769231","0.9230769230769231","0.9230769230769231","0.9230769230769231","0.9230769230769231","0.9230769230769231","0.9230769230769231","0.9230769230769231","0.9230769230769231","0.9230769230769231","0.9230769230769231","0.9230769230769231","0.9230769230769231","0.9230769230769231","0.9230769230769231","0.9230769230769231","0.9230769230769231","0.9230769230769231","0.9230769230769231","0.9230769230769231","0.9230769230769231","0.9230769230769231","0.9230769230769231","0.9230769230769231","0.9230769230769231","0.9230769230769231","0.9230769230769231","0.9230769230769231","0.9230769230769231","0.9230769230769231","0.9230769230769231","0.9230769230769231","0.9230769230769231","0.9230769230769231","0.9230769230769231","0.9230769230769231","0.9230769230769231","0.9230769230769231","0.9230769230769231","0.9230769230769231","0.9230769230769231","0.9230769230769231","0.9230769230769231","0.9230769230769231","0.9230769230769231","0.9230769230769231","0.9230769230769231","0.9230769230769231","0.9230769230769231","0.9230769230769231","0.9230769230769231","0.9230769230769231","0.9230769230769231","0.9230769230769231","0.9230769230769231","0.9230769230769231","0.9230769230769231","0.9230769230769231","0.9230769230769231","0.9230769230769231","0.9230769230769231","0.9230769230769231","0.9230769230769231","0.9230769230769231","0.9230769230769231","0.9230769230769231","0.9230769230769231","0.9230769230769231","0.9230769230769231","0.9230769230769231","0.9230769230769231","0.9230769230769231","0.9230769230769231","0.9230769230769231","0.9230769230769231","0.9230769230769231","0.9230769230769231","0.9230769230769231","0.9230769230769231","0.9230769230769231","0.9230769230769231","0.9230769230769231","0.9230769230769231","0.9230769230769231","0.9230769230769231","0.9230769230769231","0.9230769230769231","0.9230769230769231","0.9230769230769231","0.9230769230769231","0.9230769230769231","0.9230769230769231","0.9230769230769231","0.9230769230769231","0.9230769230769231","0.9230769230769231","0.9230769230769231","0.9230769230769231","0.9230769230769231","0.9230769230769231","0.9230769230769231","0.9230769230769231","0.9230769230769231","0.9230769230769231","0.9230769230769231","0.9230769230769231","0.9230769230769231","0.9230769230769231","0.9230769230769231","0.9230769230769231","0.9230769230769231","0.9230769230769231","0.9230769230769231","0.9230769230769231","0.9230769230769231","0.9230769230769231","0.9230769230769231","0.9230769230769231","0.9230769230769231","0.9230769230769231","0.9230769230769231","0.9230769230769231","0.9230769230769231","0.9230769230769231","0.9230769230769231","0.9230769230769231","0.9230769230769231","0.9230769230769231","0.9230769230769231","0.9230769230769231","0.9230769230769231","0.9230769230769231","0.9230769230769231","0.9230769230769231","0.9230769230769231","0.9230769230769231","0.9230769230769231","0.9230769230769231","0.9230769230769231","0.9230769230769231","0.9230769230769231","0.9230769230769231","0.9230769230769231","0.9230769230769231","0.9230769230769231","0.9230769230769231","0.9230769230769231","0.9230769230769231","0.9230769230769231","0.9230769230769231","0.9230769230769231","0.9230769230769231","0.9230769230769231","0.9230769230769231","0.9230769230769231","0.9230769230769231","0.9230769230769231","0.9230769230769231","0.9230769230769231","0.9230769230769231","0.9230769230769231","0.9230769230769231","0.9230769230769231","0.9230769230769231","0.9230769230769231","0.9230769230769231","0.9230769230769231","0.9230769230769231","0.9230769230769231","0.9230769230769231","0.9230769230769231","0.9230769230769231","0.9230769230769231","0.9230769230769231","0.9230769230769231","0.9230769230769231","0.9230769230769231","0.9230769230769231","0.9230769230769231","0.9230769230769231","0.9230769230769231","0.9230769230769231","0.9230769230769231","0.9230769230769231","0.9230769230769231","0.9230769230769231","0.9230769230769231","0.9230769230769231","0.9230769230769231","0.9230769230769231","0.9230769230769231","0.9230769230769231","0.9230769230769231","0.9230769230769231","0.9230769230769231","0.9230769230769231","0.9230769230769231","0.9230769230769231","0.9230769230769231","0.9230769230769231","0.9230769230769231","0.9230769230769231","0.9230769230769231","0.9230769230769231","0.9230769230769231","0.9230769230769231","0.9230769230769231","0.9230769230769231","0.9230769230769231","0.9230769230769231","0.9230769230769231","0.9230769230769231","0.9230769230769231","0.9230769230769231","0.9230769230769231","0.9230769230769231","0.9230769230769231","0.9230769230769231","0.9230769230769231","0.9230769230769231","0.9230769230769231","0.9230769230769231","0.9230769230769231","0.9230769230769231","0.9230769230769231","0.9230769230769231","0.9230769230769231","0.9230769230769231","0.9230769230769231","0.9230769230769231","0.9230769230769231","0.9230769230769231","0.9230769230769231","0.9230769230769231","0.9230769230769231","0.9230769230769231","0.9230769230769231","0.9230769230769231","0.9230769230769231","0.9230769230769231","0.9230769230769231","0.9230769230769231","0.9230769230769231","0.9230769230769231","0.9230769230769231","0.9230769230769231","0.9230769230769231","0.9230769230769231","0.9230769230769231","0.9230769230769231","0.9230769230769231","0.9230769230769231","0.9230769230769231","0.9230769230769231","0.9230769230769231","0.9230769230769231","0.9230769230769231","0.9230769230769231","0.9230769230769231","0.9230769230769231","0.9230769230769231","0.9230769230769231","0.9230769230769231","0.9230769230769231","0.9230769230769231","0.9230769230769231","0.9230769230769231","0.9230769230769231","0.9230769230769231","0.9230769230769231","0.9230769230769231","0.9230769230769231","0.9230769230769231","0.9230769230769231","0.9230769230769231","0.9230769230769231","0.9230769230769231","0.9230769230769231","0.9230769230769231","0.9230769230769231","0.9230769230769231","0.9230769230769231","0.9230769230769231","0.9230769230769231","0.9230769230769231","0.9230769230769231","0.9230769230769231","0.9230769230769231","0.9230769230769231","0.9230769230769231","0.9230769230769231","0.9230769230769231","0.9230769230769231","0.9230769230769231","0.9230769230769231","0.9230769230769231","0.9230769230769231","0.9230769230769231","0.9230769230769231","0.9230769230769231","0.9230769230769231","0.9230769230769231","0.9230769230769231","0.9230769230769231","0.9230769230769231","0.9230769230769231","0.9230769230769231","0.9230769230769231","0.9230769230769231","0.9230769230769231","0.9230769230769231","0.9230769230769231","0.9230769230769231","0.9230769230769231","0.9230769230769231","0.9230769230769231","0.9230769230769231","0.9230769230769231","0.9230769230769231","0.9230769230769231","0.9230769230769231","0.9230769230769231","0.9230769230769231","0.9230769230769231","0.9230769230769231","0.9230769230769231","0.9230769230769231","0.9230769230769231","0.9230769230769231","0.9230769230769231","0.9230769230769231","0.9230769230769231","0.9230769230769231","0.9230769230769231","0.9230769230769231","0.9230769230769231","0.9230769230769231","0.9230769230769231","0.9230769230769231","0.9230769230769231","0.9230769230769231","0.9230769230769231","0.9230769230769231","0.9230769230769231","0.9230769230769231","0.9230769230769231","0.9230769230769231","0.9230769230769231","0.9230769230769231","0.9230769230769231","0.9230769230769231","0.9230769230769231","0.9230769230769231","0.9230769230769231","0.9230769230769231","0.9230769230769231","0.9230769230769231","0.9230769230769231","0.9230769230769231","0.9230769230769231","0.9230769230769231","0.9230769230769231","0.9230769230769231","0.9230769230769231","0.9230769230769231","0.9230769230769231","0.9230769230769231","0.9230769230769231","0.9230769230769231","0.9230769230769231","0.9230769230769231","0.9230769230769231","0.9230769230769231","0.9230769230769231","0.9230769230769231","0.9230769230769231","0.9230769230769231","0.9230769230769231","0.9230769230769231","0.9230769230769231","0.9230769230769231","0.9230769230769231","0.9230769230769231","0.9230769230769231","0.9230769230769231","0.9230769230769231","0.9230769230769231","0.9230769230769231","0.9230769230769231","0.9230769230769231","0.9230769230769231","0.9230769230769231","0.9230769230769231","0.9230769230769231","0.9230769230769231","0.9230769230769231","0.9230769230769231","0.9230769230769231","0.9230769230769231","0.9230769230769231","0.9230769230769231","0.9230769230769231","0.9230769230769231","0.9230769230769231","0.9230769230769231","0.9230769230769231","0.9230769230769231","0.9230769230769231","0.9230769230769231","0.9230769230769231","0.9230769230769231","0.9230769230769231","0.9230769230769231","0.9230769230769231","0.9230769230769231","0.9230769230769231","0.9230769230769231","0.9230769230769231","0.9230769230769231","0.9230769230769231","0.9230769230769231","0.9230769230769231","0.9230769230769231","0.9230769230769231","0.9230769230769231","0.9230769230769231","0.9230769230769231","0.9230769230769231","0.9230769230769231","0.9230769230769231","0.9230769230769231","0.9230769230769231","0.9230769230769231","0.9230769230769231","0.9230769230769231","0.9230769230769231","0.9230769230769231","0.9230769230769231","0.9230769230769231","0.9230769230769231","0.9230769230769231","0.9230769230769231","0.9230769230769231","0.9230769230769231","0.9230769230769231","0.9230769230769231","0.9230769230769231","0.9230769230769231","0.9230769230769231","0.9230769230769231","0.9230769230769231","0.9230769230769231","0.9230769230769231","0.9230769230769231","0.9230769230769231","0.9230769230769231","0.9230769230769231","0.9230769230769231","0.9230769230769231","0.9230769230769231","0.9230769230769231","0.9230769230769231","0.9230769230769231","0.9230769230769231","0.9230769230769231","0.9230769230769231","0.9230769230769231","0.9230769230769231","0.9230769230769231","0.9230769230769231","0.9230769230769231","0.9230769230769231","0.9230769230769231","0.9230769230769231","0.9230769230769231","0.9230769230769231","0.9230769230769231","0.9230769230769231","0.9230769230769231","0.9230769230769231","0.9230769230769231","0.9230769230769231","0.9230769230769231","0.9230769230769231","0.9230769230769231","0.9230769230769231","0.9230769230769231","0.9230769230769231","0.9230769230769231","0.9230769230769231","0.9230769230769231","0.9230769230769231","0.9230769230769231","0.9230769230769231","0.9230769230769231","0.9230769230769231","0.9230769230769231","0.9230769230769231","0.9230769230769231","0.9230769230769231","0.9230769230769231","0.9230769230769231","0.9230769230769231","0.9230769230769231","0.9230769230769231","0.9230769230769231","0.9230769230769231","0.9230769230769231","0.9230769230769231","0.9230769230769231","0.9230769230769231","0.9230769230769231","0.9230769230769231","0.9230769230769231","0.9230769230769231","0.9230769230769231","0.9230769230769231","0.9230769230769231","0.9230769230769231","0.9230769230769231","0.9230769230769231","0.9230769230769231","0.9230769230769231","0.9230769230769231","0.9230769230769231","0.9230769230769231","0.9230769230769231","0.9230769230769231","0.9230769230769231","0.9230769230769231","0.9230769230769231","0.9230769230769231","0.9230769230769231","0.9230769230769231","0.9230769230769231","0.9230769230769231","0.9230769230769231","0.9230769230769231","0.9230769230769231","0.9230769230769231","0.9230769230769231","0.9230769230769231","0.9230769230769231","0.9230769230769231","0.9230769230769231","0.9230769230769231","0.9230769230769231","0.9230769230769231","0.9230769230769231","0.9230769230769231","0.9230769230769231","0.9230769230769231","0.9230769230769231","0.9230769230769231","0.9230769230769231","0.9230769230769231","0.9230769230769231","0.9230769230769231","0.9230769230769231","0.9230769230769231","0.9230769230769231","0.9230769230769231","0.9230769230769231","0.9230769230769231","0.9230769230769231","0.9230769230769231","0.9230769230769231","0.9230769230769231","0.9230769230769231","0.9230769230769231","0.9230769230769231","0.9230769230769231","0.9230769230769231","0.9230769230769231","275","6483"
"WSPy-TypeHintsInference","mimesis.builtins.da","1590998514654234014","0","3124457737","1.0","2","42","0","0","1.0","1.0","1.0","1.0","1.0","1.0","1.0","1.0","1.0","1.0","1.0","1.0","1.0","1.0","1.0","1.0","1.0","1.0","1.0","1.0","1.0","1.0","1.0","1.0","1.0","1.0","1.0","1.0","1.0","1.0","1.0","1.0","1.0","1.0","1.0","1.0","1.0","1.0","1.0","1.0","1.0","1.0","1.0","1.0","1.0","1.0","1.0","1.0","1.0","1.0","1.0","1.0","1.0","1.0","1.0","1.0","1.0","1.0","1.0","1.0","1.0","1.0","1.0","1.0","1.0","1.0","1.0","1.0","1.0","1.0","1.0","1.0","1.0","1.0","1.0","1.0","1.0","1.0","1.0","1.0","1.0","1.0","1.0","1.0","1.0","1.0","1.0","1.0","1.0","1.0","1.0","1.0","1.0","1.0","1.0","1.0","1.0","1.0","1.0","1.0","1.0","1.0","1.0","1.0","1.0","1.0","1.0","1.0","1.0","1.0","1.0","1.0","1.0","1.0","1.0","1.0","1.0","1.0","1.0","1.0","1.0","1.0","1.0","1.0","1.0","1.0","1.0","1.0","1.0","1.0","1.0","1.0","1.0","1.0","1.0","1.0","1.0","1.0","1.0","1.0","1.0","1.0","1.0","1.0","1.0","1.0","1.0","1.0","1.0","1.0","1.0","1.0","1.0","1.0","1.0","1.0","1.0","1.0","1.0","1.0","1.0","1.0","1.0","1.0","1.0","1.0","1.0","1.0","1.0","1.0","1.0","1.0","1.0","1.0","1.0","1.0","1.0","1.0","1.0","1.0","1.0","1.0","1.0","1.0","1.0","1.0","1.0","1.0","1.0","1.0","1.0","1.0","1.0","1.0","1.0","1.0","1.0","1.0","1.0","1.0","1.0","1.0","1.0","1.0","1.0","1.0","1.0","1.0","1.0","1.0","1.0","1.0","1.0","1.0","1.0","1.0","1.0","1.0","1.0","1.0","1.0","1.0","1.0","1.0","1.0","1.0","1.0","1.0","1.0","1.0","1.0","1.0","1.0","1.0","1.0","1.0","1.0","1.0","1.0","1.0","1.0","1.0","1.0","1.0","1.0","1.0","1.0","1.0","1.0","1.0","1.0","1.0","1.0","1.0","1.0","1.0","1.0","1.0","1.0","1.0","1.0","1.0","1.0","1.0","1.0","1.0","1.0","1.0","1.0","1.0","1.0","1.0","1.0","1.0","1.0","1.0","1.0","1.0","1.0","1.0","1.0","1.0","1.0","1.0","1.0","1.0","1.0","1.0","1.0","1.0","1.0","1.0","1.0","1.0","1.0","1.0","1.0","1.0","1.0","1.0","1.0","1.0","1.0","1.0","1.0","1.0","1.0","1.0","1.0","1.0","1.0","1.0","1.0","1.0","1.0","1.0","1.0","1.0","1.0","1.0","1.0","1.0","1.0","1.0","1.0","1.0","1.0","1.0","1.0","1.0","1.0","1.0","1.0","1.0","1.0","1.0","1.0","1.0","1.0","1.0","1.0","1.0","1.0","1.0","1.0","1.0","1.0","1.0","1.0","1.0","1.0","1.0","1.0","1.0","1.0","1.0","1.0","1.0","1.0","1.0","1.0","1.0","1.0","1.0","1.0","1.0","1.0","1.0","1.0","1.0","1.0","1.0","1.0","1.0","1.0","1.0","1.0","1.0","1.0","1.0","1.0","1.0","1.0","1.0","1.0","1.0","1.0","1.0","1.0","1.0","1.0","1.0","1.0","1.0","1.0","1.0","1.0","1.0","1.0","1.0","1.0","1.0","1.0","1.0","1.0","1.0","1.0","1.0","1.0","1.0","1.0","1.0","1.0","1.0","1.0","1.0","1.0","1.0","1.0","1.0","1.0","1.0","1.0","1.0","1.0","1.0","1.0","1.0","1.0","1.0","1.0","1.0","1.0","1.0","1.0","1.0","1.0","1.0","1.0","1.0","1.0","1.0","1.0","1.0","1.0","1.0","1.0","1.0","1.0","1.0","1.0","1.0","1.0","1.0","1.0","1.0","1.0","1.0","1.0","1.0","1.0","1.0","1.0","1.0","1.0","1.0","1.0","1.0","1.0","1.0","1.0","1.0","1.0","1.0","1.0","1.0","1.0","1.0","1.0","1.0","1.0","1.0","1.0","1.0","1.0","1.0","1.0","1.0","1.0","1.0","1.0","1.0","1.0","1.0","1.0","1.0","1.0","1.0","1.0","1.0","1.0","1.0","1.0","1.0","1.0","1.0","1.0","1.0","1.0","1.0","1.0","1.0","1.0","1.0","1.0","1.0","1.0","1.0","1.0","1.0","1.0","1.0","1.0","1.0","1.0","1.0","1.0","1.0","1.0","1.0","1.0","1.0","1.0","1.0","1.0","1.0","1.0","1.0","1.0","1.0","1.0","1.0","1.0","1.0","1.0","1.0","1.0","1.0","1.0","1.0","1.0","1.0","1.0","1.0","1.0","1.0","1.0","1.0","1.0","1.0","1.0","1.0","1.0","1.0","1.0","1.0","1.0","1.0","1.0","1.0","1.0","1.0","1.0","1.0","1.0","1.0","1.0","1.0","1.0","1.0","1.0","1.0","1.0","1.0","1.0","1.0","1.0","1.0","1.0","1.0","1.0","1.0","1.0","1.0","1.0","1.0","1.0","1.0","1.0","1.0","2","42"
"RandooPy-TypeHintsInference","mimesis.providers.path","1590998508745229611","435","611686209055","0.9285714285714286","377","8759","191","2039","0.8571428571428571","0.8603039458243058","0.9285714285714286","0.9285714285714286","0.9285714285714286","0.9285714285714286","0.9285714285714286","0.9285714285714286","0.9285714285714286","0.9285714285714286","0.9285714285714286","0.9285714285714286","0.9285714285714286","0.9285714285714286","0.9285714285714286","0.9285714285714286","0.9285714285714286","0.9285714285714286","0.9285714285714286","0.9285714285714286","0.9285714285714286","0.9285714285714286","0.9285714285714286","0.9285714285714286","0.9285714285714286","0.9285714285714286","0.9285714285714286","0.9285714285714286","0.9285714285714286","0.9285714285714286","0.9285714285714286","0.9285714285714286","0.9285714285714286","0.9285714285714286","0.9285714285714286","0.9285714285714286","0.9285714285714286","0.9285714285714286","0.9285714285714286","0.9285714285714286","0.9285714285714286","0.9285714285714286","0.9285714285714286","0.9285714285714286","0.9285714285714286","0.9285714285714286","0.9285714285714286","0.9285714285714286","0.9285714285714286","0.9285714285714286","0.9285714285714286","0.9285714285714286","0.9285714285714286","0.9285714285714286","0.9285714285714286","0.9285714285714286","0.9285714285714286","0.9285714285714286","0.9285714285714286","0.9285714285714286","0.9285714285714286","0.9285714285714286","0.9285714285714286","0.9285714285714286","0.9285714285714286","0.9285714285714286","0.9285714285714286","0.9285714285714286","0.9285714285714286","0.9285714285714286","0.9285714285714286","0.9285714285714286","0.9285714285714286","0.9285714285714286","0.9285714285714286","0.9285714285714286","0.9285714285714286","0.9285714285714286","0.9285714285714286","0.9285714285714286","0.9285714285714286","0.9285714285714286","0.9285714285714286","0.9285714285714286","0.9285714285714286","0.9285714285714286","0.9285714285714286","0.9285714285714286","0.9285714285714286","0.9285714285714286","0.9285714285714286","0.9285714285714286","0.9285714285714286","0.9285714285714286","0.9285714285714286","0.9285714285714286","0.9285714285714286","0.9285714285714286","0.9285714285714286","0.9285714285714286","0.9285714285714286","0.9285714285714286","0.9285714285714286","0.9285714285714286","0.9285714285714286","0.9285714285714286","0.9285714285714286","0.9285714285714286","0.9285714285714286","0.9285714285714286","0.9285714285714286","0.9285714285714286","0.9285714285714286","0.9285714285714286","0.9285714285714286","0.9285714285714286","0.9285714285714286","0.9285714285714286","0.9285714285714286","0.9285714285714286","0.9285714285714286","0.9285714285714286","0.9285714285714286","0.9285714285714286","0.9285714285714286","0.9285714285714286","0.9285714285714286","0.9285714285714286","0.9285714285714286","0.9285714285714286","0.9285714285714286","0.9285714285714286","0.9285714285714286","0.9285714285714286","0.9285714285714286","0.9285714285714286","0.9285714285714286","0.9285714285714286","0.9285714285714286","0.9285714285714286","0.9285714285714286","0.9285714285714286","0.9285714285714286","0.9285714285714286","0.9285714285714286","0.9285714285714286","0.9285714285714286","0.9285714285714286","0.9285714285714286","0.9285714285714286","0.9285714285714286","0.9285714285714286","0.9285714285714286","0.9285714285714286","0.9285714285714286","0.9285714285714286","0.9285714285714286","0.9285714285714286","0.9285714285714286","0.9285714285714286","0.9285714285714286","0.9285714285714286","0.9285714285714286","0.9285714285714286","0.9285714285714286","0.9285714285714286","0.9285714285714286","0.9285714285714286","0.9285714285714286","0.9285714285714286","0.9285714285714286","0.9285714285714286","0.9285714285714286","0.9285714285714286","0.9285714285714286","0.9285714285714286","0.9285714285714286","0.9285714285714286","0.9285714285714286","0.9285714285714286","0.9285714285714286","0.9285714285714286","0.9285714285714286","0.9285714285714286","0.9285714285714286","0.9285714285714286","0.9285714285714286","0.9285714285714286","0.9285714285714286","0.9285714285714286","0.9285714285714286","0.9285714285714286","0.9285714285714286","0.9285714285714286","0.9285714285714286","0.9285714285714286","0.9285714285714286","0.9285714285714286","0.9285714285714286","0.9285714285714286","0.9285714285714286","0.9285714285714286","0.9285714285714286","0.9285714285714286","0.9285714285714286","0.9285714285714286","0.9285714285714286","0.9285714285714286","0.9285714285714286","0.9285714285714286","0.9285714285714286","0.9285714285714286","0.9285714285714286","0.9285714285714286","0.9285714285714286","0.9285714285714286","0.9285714285714286","0.9285714285714286","0.9285714285714286","0.9285714285714286","0.9285714285714286","0.9285714285714286","0.9285714285714286","0.9285714285714286","0.9285714285714286","0.9285714285714286","0.9285714285714286","0.9285714285714286","0.9285714285714286","0.9285714285714286","0.9285714285714286","0.9285714285714286","0.9285714285714286","0.9285714285714286","0.9285714285714286","0.9285714285714286","0.9285714285714286","0.9285714285714286","0.9285714285714286","0.9285714285714286","0.9285714285714286","0.9285714285714286","0.9285714285714286","0.9285714285714286","0.9285714285714286","0.9285714285714286","0.9285714285714286","0.9285714285714286","0.9285714285714286","0.9285714285714286","0.9285714285714286","0.9285714285714286","0.9285714285714286","0.9285714285714286","0.9285714285714286","0.9285714285714286","0.9285714285714286","0.9285714285714286","0.9285714285714286","0.9285714285714286","0.9285714285714286","0.9285714285714286","0.9285714285714286","0.9285714285714286","0.9285714285714286","0.9285714285714286","0.9285714285714286","0.9285714285714286","0.9285714285714286","0.9285714285714286","0.9285714285714286","0.9285714285714286","0.9285714285714286","0.9285714285714286","0.9285714285714286","0.9285714285714286","0.9285714285714286","0.9285714285714286","0.9285714285714286","0.9285714285714286","0.9285714285714286","0.9285714285714286","0.9285714285714286","0.9285714285714286","0.9285714285714286","0.9285714285714286","0.9285714285714286","0.9285714285714286","0.9285714285714286","0.9285714285714286","0.9285714285714286","0.9285714285714286","0.9285714285714286","0.9285714285714286","0.9285714285714286","0.9285714285714286","0.9285714285714286","0.9285714285714286","0.9285714285714286","0.9285714285714286","0.9285714285714286","0.9285714285714286","0.9285714285714286","0.9285714285714286","0.9285714285714286","0.9285714285714286","0.9285714285714286","0.9285714285714286","0.9285714285714286","0.9285714285714286","0.9285714285714286","0.9285714285714286","0.9285714285714286","0.9285714285714286","0.9285714285714286","0.9285714285714286","0.9285714285714286","0.9285714285714286","0.9285714285714286","0.9285714285714286","0.9285714285714286","0.9285714285714286","0.9285714285714286","0.9285714285714286","0.9285714285714286","0.9285714285714286","0.9285714285714286","0.9285714285714286","0.9285714285714286","0.9285714285714286","0.9285714285714286","0.9285714285714286","0.9285714285714286","0.9285714285714286","0.9285714285714286","0.9285714285714286","0.9285714285714286","0.9285714285714286","0.9285714285714286","0.9285714285714286","0.9285714285714286","0.9285714285714286","0.9285714285714286","0.9285714285714286","0.9285714285714286","0.9285714285714286","0.9285714285714286","0.9285714285714286","0.9285714285714286","0.9285714285714286","0.9285714285714286","0.9285714285714286","0.9285714285714286","0.9285714285714286","0.9285714285714286","0.9285714285714286","0.9285714285714286","0.9285714285714286","0.9285714285714286","0.9285714285714286","0.9285714285714286","0.9285714285714286","0.9285714285714286","0.9285714285714286","0.9285714285714286","0.9285714285714286","0.9285714285714286","0.9285714285714286","0.9285714285714286","0.9285714285714286","0.9285714285714286","0.9285714285714286","0.9285714285714286","0.9285714285714286","0.9285714285714286","0.9285714285714286","0.9285714285714286","0.9285714285714286","0.9285714285714286","0.9285714285714286","0.9285714285714286","0.9285714285714286","0.9285714285714286","0.9285714285714286","0.9285714285714286","0.9285714285714286","0.9285714285714286","0.9285714285714286","0.9285714285714286","0.9285714285714286","0.9285714285714286","0.9285714285714286","0.9285714285714286","0.9285714285714286","0.9285714285714286","0.9285714285714286","0.9285714285714286","0.9285714285714286","0.9285714285714286","0.9285714285714286","0.9285714285714286","0.9285714285714286","0.9285714285714286","0.9285714285714286","0.9285714285714286","0.9285714285714286","0.9285714285714286","0.9285714285714286","0.9285714285714286","0.9285714285714286","0.9285714285714286","0.9285714285714286","0.9285714285714286","0.9285714285714286","0.9285714285714286","0.9285714285714286","0.9285714285714286","0.9285714285714286","0.9285714285714286","0.9285714285714286","0.9285714285714286","0.9285714285714286","0.9285714285714286","0.9285714285714286","0.9285714285714286","0.9285714285714286","0.9285714285714286","0.9285714285714286","0.9285714285714286","0.9285714285714286","0.9285714285714286","0.9285714285714286","0.9285714285714286","0.9285714285714286","0.9285714285714286","0.9285714285714286","0.9285714285714286","0.9285714285714286","0.9285714285714286","0.9285714285714286","0.9285714285714286","0.9285714285714286","0.9285714285714286","0.9285714285714286","0.9285714285714286","0.9285714285714286","0.9285714285714286","0.9285714285714286","0.9285714285714286","0.9285714285714286","0.9285714285714286","0.9285714285714286","0.9285714285714286","0.9285714285714286","0.9285714285714286","0.9285714285714286","0.9285714285714286","0.9285714285714286","0.9285714285714286","0.9285714285714286","0.9285714285714286","0.9285714285714286","0.9285714285714286","0.9285714285714286","0.9285714285714286","0.9285714285714286","0.9285714285714286","0.9285714285714286","0.9285714285714286","0.9285714285714286","0.9285714285714286","0.9285714285714286","0.9285714285714286","0.9285714285714286","0.9285714285714286","0.9285714285714286","0.9285714285714286","0.9285714285714286","0.9285714285714286","0.9285714285714286","0.9285714285714286","0.9285714285714286","0.9285714285714286","0.9285714285714286","0.9285714285714286","0.9285714285714286","0.9285714285714286","0.9285714285714286","0.9285714285714286","0.9285714285714286","0.9285714285714286","0.9285714285714286","0.9285714285714286","0.9285714285714286","0.9285714285714286","0.9285714285714286","0.9285714285714286","0.9285714285714286","0.9285714285714286","0.9285714285714286","0.9285714285714286","0.9285714285714286","0.9285714285714286","0.9285714285714286","0.9285714285714286","0.9285714285714286","0.9285714285714286","0.9285714285714286","0.9285714285714286","0.9285714285714286","0.9285714285714286","0.9285714285714286","0.9285714285714286","0.9285714285714286","0.9285714285714286","0.9285714285714286","0.9285714285714286","0.9285714285714286","0.9285714285714286","0.9285714285714286","0.9285714285714286","0.9285714285714286","0.9285714285714286","0.9285714285714286","0.9285714285714286","0.9285714285714286","0.9285714285714286","0.9285714285714286","0.9285714285714286","0.9285714285714286","0.9285714285714286","0.9285714285714286","0.9285714285714286","0.9285714285714286","0.9285714285714286","0.9285714285714286","0.9285714285714286","0.9285714285714286","0.9285714285714286","0.9285714285714286","0.9285714285714286","0.9285714285714286","0.9285714285714286","0.9285714285714286","0.9285714285714286","0.9285714285714286","0.9285714285714286","0.9285714285714286","0.9285714285714286","0.9285714285714286","0.9285714285714286","0.9285714285714286","0.9285714285714286","0.9285714285714286","0.9285714285714286","0.9285714285714286","0.9285714285714286","0.9285714285714286","0.9285714285714286","0.9285714285714286","0.9285714285714286","0.9285714285714286","0.9285714285714286","0.9285714285714286","0.9285714285714286","0.9285714285714286","0.9285714285714286","0.9285714285714286","0.9285714285714286","0.9285714285714286","0.9285714285714286","0.9285714285714286","0.9285714285714286","0.9285714285714286","0.9285714285714286","0.9285714285714286","0.9285714285714286","0.9285714285714286","0.9285714285714286","0.9285714285714286","0.9285714285714286","0.9285714285714286","0.9285714285714286","0.9285714285714286","0.9285714285714286","0.9285714285714286","0.9285714285714286","0.9285714285714286","0.9285714285714286","0.9285714285714286","0.9285714285714286","0.9285714285714286","0.9285714285714286","0.9285714285714286","0.9285714285714286","0.9285714285714286","0.9285714285714286","0.9285714285714286","0.9285714285714286","0.9285714285714286","186","6720"
"RandooPy-TypeHintsInference","mimesis.providers.development","1590998451902232387","172","138082763642","0.875","168","4004","2","27","0.8125","0.8125","0.8125","0.8125","0.8125","0.8125","0.8125","0.8125","0.8125","0.8125","0.8125","0.8125","0.8573091906641128","0.875","0.875","0.875","0.875","0.875","0.875","0.875","0.875","0.875","0.875","0.875","0.875","0.875","0.875","0.875","0.875","0.875","0.875","0.875","0.875","0.875","0.875","0.875","0.875","0.875","0.875","0.875","0.875","0.875","0.875","0.875","0.875","0.875","0.875","0.875","0.875","0.875","0.875","0.875","0.875","0.875","0.875","0.875","0.875","0.875","0.875","0.875","0.875","0.875","0.875","0.875","0.875","0.875","0.875","0.875","0.875","0.875","0.875","0.875","0.875","0.875","0.875","0.875","0.875","0.875","0.875","0.875","0.875","0.875","0.875","0.875","0.875","0.875","0.875","0.875","0.875","0.875","0.875","0.875","0.875","0.875","0.875","0.875","0.875","0.875","0.875","0.875","0.875","0.875","0.875","0.875","0.875","0.9170698882755813","0.9152269747130476","0.875","0.875","0.875","0.875","0.875","0.8924495635923425","0.9328841302219453","0.9038952535438171","0.875","0.875","0.875","0.875","0.9113591946002979","0.9242029638933529","0.8845504793087337","0.9051778684895353","0.9301721133508477","0.8909675353475924","0.8983665557891813","0.9375","0.9375","0.9375","0.9375","0.9081894587097635","0.8798842513096262","0.9175127474538032","0.9551264455146626","0.9927233775790192","0.9619122117761963","0.9146836708023477","0.875","0.875","0.875","0.875","0.875","0.875","0.875","0.875","0.875","0.875","0.875","0.875","0.875","0.875","0.875","0.875","0.875","0.875","0.875","0.875","0.875","0.875","0.875","0.875","0.875","0.875","0.875","0.875","0.875","0.875","0.875","0.875","0.875","0.875","0.875","0.875","0.875","0.875","0.875","0.875","0.875","0.875","0.875","0.875","0.875","0.875","0.875","0.875","0.875","0.875","0.875","0.875","0.875","0.875","0.875","0.875","0.875","0.875","0.875","0.875","0.875","0.875","0.875","0.875","0.875","0.875","0.875","0.875","0.875","0.875","0.875","0.875","0.875","0.875","0.875","0.875","0.875","0.875","0.875","0.875","0.875","0.875","0.875","0.875","0.875","0.875","0.875","0.875","0.875","0.875","0.875","0.875","0.875","0.875","0.875","0.875","0.875","0.875","0.875","0.875","0.875","0.875","0.875","0.875","0.875","0.875","0.875","0.875","0.875","0.875","0.875","0.875","0.875","0.875","0.875","0.875","0.875","0.875","0.875","0.875","0.875","0.875","0.875","0.875","0.875","0.875","0.875","0.875","0.875","0.875","0.875","0.875","0.875","0.875","0.875","0.875","0.875","0.875","0.875","0.875","0.875","0.875","0.875","0.875","0.875","0.875","0.875","0.875","0.875","0.875","0.875","0.875","0.875","0.875","0.875","0.875","0.875","0.875","0.875","0.875","0.875","0.875","0.875","0.875","0.875","0.875","0.875","0.875","0.875","0.875","0.875","0.875","0.875","0.875","0.875","0.875","0.875","0.875","0.875","0.875","0.875","0.875","0.875","0.875","0.875","0.875","0.875","0.875","0.875","0.875","0.875","0.875","0.875","0.875","0.875","0.875","0.875","0.875","0.875","0.875","0.875","0.875","0.875","0.875","0.875","0.875","0.875","0.875","0.875","0.875","0.875","0.875","0.875","0.875","0.875","0.875","0.875","0.875","0.875","0.875","0.875","0.875","0.875","0.875","0.875","0.875","0.875","0.875","0.875","0.875","0.875","0.875","0.875","0.875","0.875","0.875","0.875","0.875","0.875","0.875","0.875","0.875","0.875","0.875","0.875","0.875","0.875","0.875","0.875","0.875","0.875","0.875","0.875","0.875","0.875","0.875","0.875","0.875","0.875","0.875","0.875","0.875","0.875","0.875","0.875","0.875","0.875","0.875","0.875","0.875","0.875","0.875","0.875","0.875","0.875","0.875","0.875","0.875","0.875","0.875","0.875","0.875","0.875","0.875","0.875","0.875","0.875","0.875","0.875","0.875","0.875","0.875","0.875","0.875","0.875","0.875","0.875","0.875","0.875","0.875","0.875","0.875","0.875","0.875","0.875","0.875","0.875","0.875","0.875","0.875","0.875","0.875","0.875","0.875","0.875","0.875","0.875","0.875","0.875","0.875","0.875","0.875","0.875","0.875","0.875","0.875","0.875","0.875","0.875","0.875","0.875","0.875","0.875","0.875","0.875","0.875","0.875","0.875","0.875","0.875","0.875","0.875","0.875","0.875","0.875","0.875","0.875","0.875","0.875","0.875","0.875","0.875","0.875","0.875","0.875","0.875","0.875","0.875","0.875","0.875","0.875","0.875","0.875","0.875","0.875","0.875","0.875","0.875","0.875","0.875","0.875","0.875","0.875","0.875","0.875","0.875","0.875","0.875","0.875","0.875","0.875","0.875","0.875","0.875","0.875","0.875","0.875","0.875","0.875","0.875","0.875","0.875","0.875","0.875","0.875","0.875","0.875","0.875","0.875","0.875","0.875","0.875","0.875","0.875","0.875","0.875","0.875","0.875","0.875","0.875","0.875","0.875","0.875","0.875","0.875","0.875","0.875","0.875","0.875","0.875","0.875","0.875","0.875","0.875","0.875","0.875","0.875","0.875","0.875","0.875","0.875","0.875","0.875","0.875","0.875","0.875","0.875","0.875","0.875","0.875","0.875","0.875","0.875","0.875","0.875","0.875","0.875","0.875","0.875","0.875","0.875","0.875","0.875","0.875","0.875","0.875","0.875","0.875","0.875","0.875","0.875","0.875","0.875","166","3977"
"WSPy-TypeHintsInference","mimesis.providers.code","1590998490152497170","0","3132490029","1.0","10","167","9","159","1.0","1.0","1.0","1.0","1.0","1.0","1.0","1.0","1.0","1.0","1.0","1.0","1.0","1.0","1.0","1.0","1.0","1.0","1.0","1.0","1.0","1.0","1.0","1.0","1.0","1.0","1.0","1.0","1.0","1.0","1.0","1.0","1.0","1.0","1.0","1.0","1.0","1.0","1.0","1.0","1.0","1.0","1.0","1.0","1.0","1.0","1.0","1.0","1.0","1.0","1.0","1.0","1.0","1.0","1.0","1.0","1.0","1.0","1.0","1.0","1.0","1.0","1.0","1.0","1.0","1.0","1.0","1.0","1.0","1.0","1.0","1.0","1.0","1.0","1.0","1.0","1.0","1.0","1.0","1.0","1.0","1.0","1.0","1.0","1.0","1.0","1.0","1.0","1.0","1.0","1.0","1.0","1.0","1.0","1.0","1.0","1.0","1.0","1.0","1.0","1.0","1.0","1.0","1.0","1.0","1.0","1.0","1.0","1.0","1.0","1.0","1.0","1.0","1.0","1.0","1.0","1.0","1.0","1.0","1.0","1.0","1.0","1.0","1.0","1.0","1.0","1.0","1.0","1.0","1.0","1.0","1.0","1.0","1.0","1.0","1.0","1.0","1.0","1.0","1.0","1.0","1.0","1.0","1.0","1.0","1.0","1.0","1.0","1.0","1.0","1.0","1.0","1.0","1.0","1.0","1.0","1.0","1.0","1.0","1.0","1.0","1.0","1.0","1.0","1.0","1.0","1.0","1.0","1.0","1.0","1.0","1.0","1.0","1.0","1.0","1.0","1.0","1.0","1.0","1.0","1.0","1.0","1.0","1.0","1.0","1.0","1.0","1.0","1.0","1.0","1.0","1.0","1.0","1.0","1.0","1.0","1.0","1.0","1.0","1.0","1.0","1.0","1.0","1.0","1.0","1.0","1.0","1.0","1.0","1.0","1.0","1.0","1.0","1.0","1.0","1.0","1.0","1.0","1.0","1.0","1.0","1.0","1.0","1.0","1.0","1.0","1.0","1.0","1.0","1.0","1.0","1.0","1.0","1.0","1.0","1.0","1.0","1.0","1.0","1.0","1.0","1.0","1.0","1.0","1.0","1.0","1.0","1.0","1.0","1.0","1.0","1.0","1.0","1.0","1.0","1.0","1.0","1.0","1.0","1.0","1.0","1.0","1.0","1.0","1.0","1.0","1.0","1.0","1.0","1.0","1.0","1.0","1.0","1.0","1.0","1.0","1.0","1.0","1.0","1.0","1.0","1.0","1.0","1.0","1.0","1.0","1.0","1.0","1.0","1.0","1.0","1.0","1.0","1.0","1.0","1.0","1.0","1.0","1.0","1.0","1.0","1.0","1.0","1.0","1.0","1.0","1.0","1.0","1.0","1.0","1.0","1.0","1.0","1.0","1.0","1.0","1.0","1.0","1.0","1.0","1.0","1.0","1.0","1.0","1.0","1.0","1.0","1.0","1.0","1.0","1.0","1.0","1.0","1.0","1.0","1.0","1.0","1.0","1.0","1.0","1.0","1.0","1.0","1.0","1.0","1.0","1.0","1.0","1.0","1.0","1.0","1.0","1.0","1.0","1.0","1.0","1.0","1.0","1.0","1.0","1.0","1.0","1.0","1.0","1.0","1.0","1.0","1.0","1.0","1.0","1.0","1.0","1.0","1.0","1.0","1.0","1.0","1.0","1.0","1.0","1.0","1.0","1.0","1.0","1.0","1.0","1.0","1.0","1.0","1.0","1.0","1.0","1.0","1.0","1.0","1.0","1.0","1.0","1.0","1.0","1.0","1.0","1.0","1.0","1.0","1.0","1.0","1.0","1.0","1.0","1.0","1.0","1.0","1.0","1.0","1.0","1.0","1.0","1.0","1.0","1.0","1.0","1.0","1.0","1.0","1.0","1.0","1.0","1.0","1.0","1.0","1.0","1.0","1.0","1.0","1.0","1.0","1.0","1.0","1.0","1.0","1.0","1.0","1.0","1.0","1.0","1.0","1.0","1.0","1.0","1.0","1.0","1.0","1.0","1.0","1.0","1.0","1.0","1.0","1.0","1.0","1.0","1.0","1.0","1.0","1.0","1.0","1.0","1.0","1.0","1.0","1.0","1.0","1.0","1.0","1.0","1.0","1.0","1.0","1.0","1.0","1.0","1.0","1.0","1.0","1.0","1.0","1.0","1.0","1.0","1.0","1.0","1.0","1.0","1.0","1.0","1.0","1.0","1.0","1.0","1.0","1.0","1.0","1.0","1.0","1.0","1.0","1.0","1.0","1.0","1.0","1.0","1.0","1.0","1.0","1.0","1.0","1.0","1.0","1.0","1.0","1.0","1.0","1.0","1.0","1.0","1.0","1.0","1.0","1.0","1.0","1.0","1.0","1.0","1.0","1.0","1.0","1.0","1.0","1.0","1.0","1.0","1.0","1.0","1.0","1.0","1.0","1.0","1.0","1.0","1.0","1.0","1.0","1.0","1.0","1.0","1.0","1.0","1.0","1.0","1.0","1.0","1.0","1.0","1.0","1.0","1.0","1.0","1.0","1.0","1.0","1.0","1.0","1.0","1.0","1.0","1.0","1.0","1.0","1.0","1.0","1.0","1.0","1.0","1.0","1.0","1.0","1.0","1.0","1.0","1.0","1.0","1.0","1.0","1.0","1.0","1.0","1.0","1.0","1.0","1","8"
"WSPy-TypeHintsInference","mimesis.providers.transport","1590998515405998367","0","3725172385","1.0","8","143","5","128","1.0","1.0","1.0","1.0","1.0","1.0","1.0","1.0","1.0","1.0","1.0","1.0","1.0","1.0","1.0","1.0","1.0","1.0","1.0","1.0","1.0","1.0","1.0","1.0","1.0","1.0","1.0","1.0","1.0","1.0","1.0","1.0","1.0","1.0","1.0","1.0","1.0","1.0","1.0","1.0","1.0","1.0","1.0","1.0","1.0","1.0","1.0","1.0","1.0","1.0","1.0","1.0","1.0","1.0","1.0","1.0","1.0","1.0","1.0","1.0","1.0","1.0","1.0","1.0","1.0","1.0","1.0","1.0","1.0","1.0","1.0","1.0","1.0","1.0","1.0","1.0","1.0","1.0","1.0","1.0","1.0","1.0","1.0","1.0","1.0","1.0","1.0","1.0","1.0","1.0","1.0","1.0","1.0","1.0","1.0","1.0","1.0","1.0","1.0","1.0","1.0","1.0","1.0","1.0","1.0","1.0","1.0","1.0","1.0","1.0","1.0","1.0","1.0","1.0","1.0","1.0","1.0","1.0","1.0","1.0","1.0","1.0","1.0","1.0","1.0","1.0","1.0","1.0","1.0","1.0","1.0","1.0","1.0","1.0","1.0","1.0","1.0","1.0","1.0","1.0","1.0","1.0","1.0","1.0","1.0","1.0","1.0","1.0","1.0","1.0","1.0","1.0","1.0","1.0","1.0","1.0","1.0","1.0","1.0","1.0","1.0","1.0","1.0","1.0","1.0","1.0","1.0","1.0","1.0","1.0","1.0","1.0","1.0","1.0","1.0","1.0","1.0","1.0","1.0","1.0","1.0","1.0","1.0","1.0","1.0","1.0","1.0","1.0","1.0","1.0","1.0","1.0","1.0","1.0","1.0","1.0","1.0","1.0","1.0","1.0","1.0","1.0","1.0","1.0","1.0","1.0","1.0","1.0","1.0","1.0","1.0","1.0","1.0","1.0","1.0","1.0","1.0","1.0","1.0","1.0","1.0","1.0","1.0","1.0","1.0","1.0","1.0","1.0","1.0","1.0","1.0","1.0","1.0","1.0","1.0","1.0","1.0","1.0","1.0","1.0","1.0","1.0","1.0","1.0","1.0","1.0","1.0","1.0","1.0","1.0","1.0","1.0","1.0","1.0","1.0","1.0","1.0","1.0","1.0","1.0","1.0","1.0","1.0","1.0","1.0","1.0","1.0","1.0","1.0","1.0","1.0","1.0","1.0","1.0","1.0","1.0","1.0","1.0","1.0","1.0","1.0","1.0","1.0","1.0","1.0","1.0","1.0","1.0","1.0","1.0","1.0","1.0","1.0","1.0","1.0","1.0","1.0","1.0","1.0","1.0","1.0","1.0","1.0","1.0","1.0","1.0","1.0","1.0","1.0","1.0","1.0","1.0","1.0","1.0","1.0","1.0","1.0","1.0","1.0","1.0","1.0","1.0","1.0","1.0","1.0","1.0","1.0","1.0","1.0","1.0","1.0","1.0","1.0","1.0","1.0","1.0","1.0","1.0","1.0","1.0","1.0","1.0","1.0","1.0","1.0","1.0","1.0","1.0","1.0","1.0","1.0","1.0","1.0","1.0","1.0","1.0","1.0","1.0","1.0","1.0","1.0","1.0","1.0","1.0","1.0","1.0","1.0","1.0","1.0","1.0","1.0","1.0","1.0","1.0","1.0","1.0","1.0","1.0","1.0","1.0","1.0","1.0","1.0","1.0","1.0","1.0","1.0","1.0","1.0","1.0","1.0","1.0","1.0","1.0","1.0","1.0","1.0","1.0","1.0","1.0","1.0","1.0","1.0","1.0","1.0","1.0","1.0","1.0","1.0","1.0","1.0","1.0","1.0","1.0","1.0","1.0","1.0","1.0","1.0","1.0","1.0","1.0","1.0","1.0","1.0","1.0","1.0","1.0","1.0","1.0","1.0","1.0","1.0","1.0","1.0","1.0","1.0","1.0","1.0","1.0","1.0","1.0","1.0","1.0","1.0","1.0","1.0","1.0","1.0","1.0","1.0","1.0","1.0","1.0","1.0","1.0","1.0","1.0","1.0","1.0","1.0","1.0","1.0","1.0","1.0","1.0","1.0","1.0","1.0","1.0","1.0","1.0","1.0","1.0","1.0","1.0","1.0","1.0","1.0","1.0","1.0","1.0","1.0","1.0","1.0","1.0","1.0","1.0","1.0","1.0","1.0","1.0","1.0","1.0","1.0","1.0","1.0","1.0","1.0","1.0","1.0","1.0","1.0","1.0","1.0","1.0","1.0","1.0","1.0","1.0","1.0","1.0","1.0","1.0","1.0","1.0","1.0","1.0","1.0","1.0","1.0","1.0","1.0","1.0","1.0","1.0","1.0","1.0","1.0","1.0","1.0","1.0","1.0","1.0","1.0","1.0","1.0","1.0","1.0","1.0","1.0","1.0","1.0","1.0","1.0","1.0","1.0","1.0","1.0","1.0","1.0","1.0","1.0","1.0","1.0","1.0","1.0","1.0","1.0","1.0","1.0","1.0","1.0","1.0","1.0","1.0","1.0","1.0","1.0","1.0","1.0","1.0","1.0","1.0","1.0","1.0","1.0","1.0","1.0","1.0","1.0","1.0","1.0","1.0","1.0","1.0","1.0","1.0","1.0","1.0","1.0","1.0","1.0","1.0","1.0","1.0","1.0","1.0","1.0","1.0","3","15"
"RandooPy-TypeHintsInference","mimesis.builtins.base","1590998511058305141","1","211415984","1.0","1","1","0","0","1.0","1.0","1.0","1.0","1.0","1.0","1.0","1.0","1.0","1.0","1.0","1.0","1.0","1.0","1.0","1.0","1.0","1.0","1.0","1.0","1.0","1.0","1.0","1.0","1.0","1.0","1.0","1.0","1.0","1.0","1.0","1.0","1.0","1.0","1.0","1.0","1.0","1.0","1.0","1.0","1.0","1.0","1.0","1.0","1.0","1.0","1.0","1.0","1.0","1.0","1.0","1.0","1.0","1.0","1.0","1.0","1.0","1.0","1.0","1.0","1.0","1.0","1.0","1.0","1.0","1.0","1.0","1.0","1.0","1.0","1.0","1.0","1.0","1.0","1.0","1.0","1.0","1.0","1.0","1.0","1.0","1.0","1.0","1.0","1.0","1.0","1.0","1.0","1.0","1.0","1.0","1.0","1.0","1.0","1.0","1.0","1.0","1.0","1.0","1.0","1.0","1.0","1.0","1.0","1.0","1.0","1.0","1.0","1.0","1.0","1.0","1.0","1.0","1.0","1.0","1.0","1.0","1.0","1.0","1.0","1.0","1.0","1.0","1.0","1.0","1.0","1.0","1.0","1.0","1.0","1.0","1.0","1.0","1.0","1.0","1.0","1.0","1.0","1.0","1.0","1.0","1.0","1.0","1.0","1.0","1.0","1.0","1.0","1.0","1.0","1.0","1.0","1.0","1.0","1.0","1.0","1.0","1.0","1.0","1.0","1.0","1.0","1.0","1.0","1.0","1.0","1.0","1.0","1.0","1.0","1.0","1.0","1.0","1.0","1.0","1.0","1.0","1.0","1.0","1.0","1.0","1.0","1.0","1.0","1.0","1.0","1.0","1.0","1.0","1.0","1.0","1.0","1.0","1.0","1.0","1.0","1.0","1.0","1.0","1.0","1.0","1.0","1.0","1.0","1.0","1.0","1.0","1.0","1.0","1.0","1.0","1.0","1.0","1.0","1.0","1.0","1.0","1.0","1.0","1.0","1.0","1.0","1.0","1.0","1.0","1.0","1.0","1.0","1.0","1.0","1.0","1.0","1.0","1.0","1.0","1.0","1.0","1.0","1.0","1.0","1.0","1.0","1.0","1.0","1.0","1.0","1.0","1.0","1.0","1.0","1.0","1.0","1.0","1.0","1.0","1.0","1.0","1.0","1.0","1.0","1.0","1.0","1.0","1.0","1.0","1.0","1.0","1.0","1.0","1.0","1.0","1.0","1.0","1.0","1.0","1.0","1.0","1.0","1.0","1.0","1.0","1.0","1.0","1.0","1.0","1.0","1.0","1.0","1.0","1.0","1.0","1.0","1.0","1.0","1.0","1.0","1.0","1.0","1.0","1.0","1.0","1.0","1.0","1.0","1.0","1.0","1.0","1.0","1.0","1.0","1.0","1.0","1.0","1.0","1.0","1.0","1.0","1.0","1.0","1.0","1.0","1.0","1.0","1.0","1.0","1.0","1.0","1.0","1.0","1.0","1.0","1.0","1.0","1.0","1.0","1.0","1.0","1.0","1.0","1.0","1.0","1.0","1.0","1.0","1.0","1.0","1.0","1.0","1.0","1.0","1.0","1.0","1.0","1.0","1.0","1.0","1.0","1.0","1.0","1.0","1.0","1.0","1.0","1.0","1.0","1.0","1.0","1.0","1.0","1.0","1.0","1.0","1.0","1.0","1.0","1.0","1.0","1.0","1.0","1.0","1.0","1.0","1.0","1.0","1.0","1.0","1.0","1.0","1.0","1.0","1.0","1.0","1.0","1.0","1.0","1.0","1.0","1.0","1.0","1.0","1.0","1.0","1.0","1.0","1.0","1.0","1.0","1.0","1.0","1.0","1.0","1.0","1.0","1.0","1.0","1.0","1.0","1.0","1.0","1.0","1.0","1.0","1.0","1.0","1.0","1.0","1.0","1.0","1.0","1.0","1.0","1.0","1.0","1.0","1.0","1.0","1.0","1.0","1.0","1.0","1.0","1.0","1.0","1.0","1.0","1.0","1.0","1.0","1.0","1.0","1.0","1.0","1.0","1.0","1.0","1.0","1.0","1.0","1.0","1.0","1.0","1.0","1.0","1.0","1.0","1.0","1.0","1.0","1.0","1.0","1.0","1.0","1.0","1.0","1.0","1.0","1.0","1.0","1.0","1.0","1.0","1.0","1.0","1.0","1.0","1.0","1.0","1.0","1.0","1.0","1.0","1.0","1.0","1.0","1.0","1.0","1.0","1.0","1.0","1.0","1.0","1.0","1.0","1.0","1.0","1.0","1.0","1.0","1.0","1.0","1.0","1.0","1.0","1.0","1.0","1.0","1.0","1.0","1.0","1.0","1.0","1.0","1.0","1.0","1.0","1.0","1.0","1.0","1.0","1.0","1.0","1.0","1.0","1.0","1.0","1.0","1.0","1.0","1.0","1.0","1.0","1.0","1.0","1.0","1.0","1.0","1.0","1.0","1.0","1.0","1.0","1.0","1.0","1.0","1.0","1.0","1.0","1.0","1.0","1.0","1.0","1.0","1.0","1.0","1.0","1.0","1.0","1.0","1.0","1.0","1.0","1.0","1.0","1.0","1.0","1.0","1.0","1.0","1.0","1.0","1.0","1.0","1.0","1.0","1.0","1.0","1.0","1.0","1.0","1.0","1.0","1.0","1.0","1.0","1.0","1.0","1.0","1.0","1.0","1.0","1","1"
"WSPy-NoTypes","mimesis.providers.file","1590999310760758493","0","3235020549","1.0","10","224","10","224","1.0","1.0","1.0","1.0","1.0","1.0","1.0","1.0","1.0","1.0","1.0","1.0","1.0","1.0","1.0","1.0","1.0","1.0","1.0","1.0","1.0","1.0","1.0","1.0","1.0","1.0","1.0","1.0","1.0","1.0","1.0","1.0","1.0","1.0","1.0","1.0","1.0","1.0","1.0","1.0","1.0","1.0","1.0","1.0","1.0","1.0","1.0","1.0","1.0","1.0","1.0","1.0","1.0","1.0","1.0","1.0","1.0","1.0","1.0","1.0","1.0","1.0","1.0","1.0","1.0","1.0","1.0","1.0","1.0","1.0","1.0","1.0","1.0","1.0","1.0","1.0","1.0","1.0","1.0","1.0","1.0","1.0","1.0","1.0","1.0","1.0","1.0","1.0","1.0","1.0","1.0","1.0","1.0","1.0","1.0","1.0","1.0","1.0","1.0","1.0","1.0","1.0","1.0","1.0","1.0","1.0","1.0","1.0","1.0","1.0","1.0","1.0","1.0","1.0","1.0","1.0","1.0","1.0","1.0","1.0","1.0","1.0","1.0","1.0","1.0","1.0","1.0","1.0","1.0","1.0","1.0","1.0","1.0","1.0","1.0","1.0","1.0","1.0","1.0","1.0","1.0","1.0","1.0","1.0","1.0","1.0","1.0","1.0","1.0","1.0","1.0","1.0","1.0","1.0","1.0","1.0","1.0","1.0","1.0","1.0","1.0","1.0","1.0","1.0","1.0","1.0","1.0","1.0","1.0","1.0","1.0","1.0","1.0","1.0","1.0","1.0","1.0","1.0","1.0","1.0","1.0","1.0","1.0","1.0","1.0","1.0","1.0","1.0","1.0","1.0","1.0","1.0","1.0","1.0","1.0","1.0","1.0","1.0","1.0","1.0","1.0","1.0","1.0","1.0","1.0","1.0","1.0","1.0","1.0","1.0","1.0","1.0","1.0","1.0","1.0","1.0","1.0","1.0","1.0","1.0","1.0","1.0","1.0","1.0","1.0","1.0","1.0","1.0","1.0","1.0","1.0","1.0","1.0","1.0","1.0","1.0","1.0","1.0","1.0","1.0","1.0","1.0","1.0","1.0","1.0","1.0","1.0","1.0","1.0","1.0","1.0","1.0","1.0","1.0","1.0","1.0","1.0","1.0","1.0","1.0","1.0","1.0","1.0","1.0","1.0","1.0","1.0","1.0","1.0","1.0","1.0","1.0","1.0","1.0","1.0","1.0","1.0","1.0","1.0","1.0","1.0","1.0","1.0","1.0","1.0","1.0","1.0","1.0","1.0","1.0","1.0","1.0","1.0","1.0","1.0","1.0","1.0","1.0","1.0","1.0","1.0","1.0","1.0","1.0","1.0","1.0","1.0","1.0","1.0","1.0","1.0","1.0","1.0","1.0","1.0","1.0","1.0","1.0","1.0","1.0","1.0","1.0","1.0","1.0","1.0","1.0","1.0","1.0","1.0","1.0","1.0","1.0","1.0","1.0","1.0","1.0","1.0","1.0","1.0","1.0","1.0","1.0","1.0","1.0","1.0","1.0","1.0","1.0","1.0","1.0","1.0","1.0","1.0","1.0","1.0","1.0","1.0","1.0","1.0","1.0","1.0","1.0","1.0","1.0","1.0","1.0","1.0","1.0","1.0","1.0","1.0","1.0","1.0","1.0","1.0","1.0","1.0","1.0","1.0","1.0","1.0","1.0","1.0","1.0","1.0","1.0","1.0","1.0","1.0","1.0","1.0","1.0","1.0","1.0","1.0","1.0","1.0","1.0","1.0","1.0","1.0","1.0","1.0","1.0","1.0","1.0","1.0","1.0","1.0","1.0","1.0","1.0","1.0","1.0","1.0","1.0","1.0","1.0","1.0","1.0","1.0","1.0","1.0","1.0","1.0","1.0","1.0","1.0","1.0","1.0","1.0","1.0","1.0","1.0","1.0","1.0","1.0","1.0","1.0","1.0","1.0","1.0","1.0","1.0","1.0","1.0","1.0","1.0","1.0","1.0","1.0","1.0","1.0","1.0","1.0","1.0","1.0","1.0","1.0","1.0","1.0","1.0","1.0","1.0","1.0","1.0","1.0","1.0","1.0","1.0","1.0","1.0","1.0","1.0","1.0","1.0","1.0","1.0","1.0","1.0","1.0","1.0","1.0","1.0","1.0","1.0","1.0","1.0","1.0","1.0","1.0","1.0","1.0","1.0","1.0","1.0","1.0","1.0","1.0","1.0","1.0","1.0","1.0","1.0","1.0","1.0","1.0","1.0","1.0","1.0","1.0","1.0","1.0","1.0","1.0","1.0","1.0","1.0","1.0","1.0","1.0","1.0","1.0","1.0","1.0","1.0","1.0","1.0","1.0","1.0","1.0","1.0","1.0","1.0","1.0","1.0","1.0","1.0","1.0","1.0","1.0","1.0","1.0","1.0","1.0","1.0","1.0","1.0","1.0","1.0","1.0","1.0","1.0","1.0","1.0","1.0","1.0","1.0","1.0","1.0","1.0","1.0","1.0","1.0","1.0","1.0","1.0","1.0","1.0","1.0","1.0","1.0","1.0","1.0","1.0","1.0","1.0","1.0","1.0","1.0","1.0","1.0","1.0","1.0","1.0","1.0","1.0","1.0","1.0","1.0","1.0","1.0","1.0","1.0","1.0","1.0","1.0","1.0","1.0","1.0","0","0"
"WSPy-NoTypes","mimesis.providers.clothing","1590999343025955826","0","1973784045","1.0","9","237","7","222","1.0","1.0","1.0","1.0","1.0","1.0","1.0","1.0","1.0","1.0","1.0","1.0","1.0","1.0","1.0","1.0","1.0","1.0","1.0","1.0","1.0","1.0","1.0","1.0","1.0","1.0","1.0","1.0","1.0","1.0","1.0","1.0","1.0","1.0","1.0","1.0","1.0","1.0","1.0","1.0","1.0","1.0","1.0","1.0","1.0","1.0","1.0","1.0","1.0","1.0","1.0","1.0","1.0","1.0","1.0","1.0","1.0","1.0","1.0","1.0","1.0","1.0","1.0","1.0","1.0","1.0","1.0","1.0","1.0","1.0","1.0","1.0","1.0","1.0","1.0","1.0","1.0","1.0","1.0","1.0","1.0","1.0","1.0","1.0","1.0","1.0","1.0","1.0","1.0","1.0","1.0","1.0","1.0","1.0","1.0","1.0","1.0","1.0","1.0","1.0","1.0","1.0","1.0","1.0","1.0","1.0","1.0","1.0","1.0","1.0","1.0","1.0","1.0","1.0","1.0","1.0","1.0","1.0","1.0","1.0","1.0","1.0","1.0","1.0","1.0","1.0","1.0","1.0","1.0","1.0","1.0","1.0","1.0","1.0","1.0","1.0","1.0","1.0","1.0","1.0","1.0","1.0","1.0","1.0","1.0","1.0","1.0","1.0","1.0","1.0","1.0","1.0","1.0","1.0","1.0","1.0","1.0","1.0","1.0","1.0","1.0","1.0","1.0","1.0","1.0","1.0","1.0","1.0","1.0","1.0","1.0","1.0","1.0","1.0","1.0","1.0","1.0","1.0","1.0","1.0","1.0","1.0","1.0","1.0","1.0","1.0","1.0","1.0","1.0","1.0","1.0","1.0","1.0","1.0","1.0","1.0","1.0","1.0","1.0","1.0","1.0","1.0","1.0","1.0","1.0","1.0","1.0","1.0","1.0","1.0","1.0","1.0","1.0","1.0","1.0","1.0","1.0","1.0","1.0","1.0","1.0","1.0","1.0","1.0","1.0","1.0","1.0","1.0","1.0","1.0","1.0","1.0","1.0","1.0","1.0","1.0","1.0","1.0","1.0","1.0","1.0","1.0","1.0","1.0","1.0","1.0","1.0","1.0","1.0","1.0","1.0","1.0","1.0","1.0","1.0","1.0","1.0","1.0","1.0","1.0","1.0","1.0","1.0","1.0","1.0","1.0","1.0","1.0","1.0","1.0","1.0","1.0","1.0","1.0","1.0","1.0","1.0","1.0","1.0","1.0","1.0","1.0","1.0","1.0","1.0","1.0","1.0","1.0","1.0","1.0","1.0","1.0","1.0","1.0","1.0","1.0","1.0","1.0","1.0","1.0","1.0","1.0","1.0","1.0","1.0","1.0","1.0","1.0","1.0","1.0","1.0","1.0","1.0","1.0","1.0","1.0","1.0","1.0","1.0","1.0","1.0","1.0","1.0","1.0","1.0","1.0","1.0","1.0","1.0","1.0","1.0","1.0","1.0","1.0","1.0","1.0","1.0","1.0","1.0","1.0","1.0","1.0","1.0","1.0","1.0","1.0","1.0","1.0","1.0","1.0","1.0","1.0","1.0","1.0","1.0","1.0","1.0","1.0","1.0","1.0","1.0","1.0","1.0","1.0","1.0","1.0","1.0","1.0","1.0","1.0","1.0","1.0","1.0","1.0","1.0","1.0","1.0","1.0","1.0","1.0","1.0","1.0","1.0","1.0","1.0","1.0","1.0","1.0","1.0","1.0","1.0","1.0","1.0","1.0","1.0","1.0","1.0","1.0","1.0","1.0","1.0","1.0","1.0","1.0","1.0","1.0","1.0","1.0","1.0","1.0","1.0","1.0","1.0","1.0","1.0","1.0","1.0","1.0","1.0","1.0","1.0","1.0","1.0","1.0","1.0","1.0","1.0","1.0","1.0","1.0","1.0","1.0","1.0","1.0","1.0","1.0","1.0","1.0","1.0","1.0","1.0","1.0","1.0","1.0","1.0","1.0","1.0","1.0","1.0","1.0","1.0","1.0","1.0","1.0","1.0","1.0","1.0","1.0","1.0","1.0","1.0","1.0","1.0","1.0","1.0","1.0","1.0","1.0","1.0","1.0","1.0","1.0","1.0","1.0","1.0","1.0","1.0","1.0","1.0","1.0","1.0","1.0","1.0","1.0","1.0","1.0","1.0","1.0","1.0","1.0","1.0","1.0","1.0","1.0","1.0","1.0","1.0","1.0","1.0","1.0","1.0","1.0","1.0","1.0","1.0","1.0","1.0","1.0","1.0","1.0","1.0","1.0","1.0","1.0","1.0","1.0","1.0","1.0","1.0","1.0","1.0","1.0","1.0","1.0","1.0","1.0","1.0","1.0","1.0","1.0","1.0","1.0","1.0","1.0","1.0","1.0","1.0","1.0","1.0","1.0","1.0","1.0","1.0","1.0","1.0","1.0","1.0","1.0","1.0","1.0","1.0","1.0","1.0","1.0","1.0","1.0","1.0","1.0","1.0","1.0","1.0","1.0","1.0","1.0","1.0","1.0","1.0","1.0","1.0","1.0","1.0","1.0","1.0","1.0","1.0","1.0","1.0","1.0","1.0","1.0","1.0","1.0","1.0","1.0","1.0","1.0","1.0","1.0","1.0","1.0","1.0","1.0","1.0","1.0","1.0","1.0","1.0","1.0","1.0","1.0","2","15"
"WSPy-NoTypes","mimesis.builtins.base","1590999358719140790","0","4378215736","1.0","10","219","0","0","1.0","1.0","1.0","1.0","1.0","1.0","1.0","1.0","1.0","1.0","1.0","1.0","1.0","1.0","1.0","1.0","1.0","1.0","1.0","1.0","1.0","1.0","1.0","1.0","1.0","1.0","1.0","1.0","1.0","1.0","1.0","1.0","1.0","1.0","1.0","1.0","1.0","1.0","1.0","1.0","1.0","1.0","1.0","1.0","1.0","1.0","1.0","1.0","1.0","1.0","1.0","1.0","1.0","1.0","1.0","1.0","1.0","1.0","1.0","1.0","1.0","1.0","1.0","1.0","1.0","1.0","1.0","1.0","1.0","1.0","1.0","1.0","1.0","1.0","1.0","1.0","1.0","1.0","1.0","1.0","1.0","1.0","1.0","1.0","1.0","1.0","1.0","1.0","1.0","1.0","1.0","1.0","1.0","1.0","1.0","1.0","1.0","1.0","1.0","1.0","1.0","1.0","1.0","1.0","1.0","1.0","1.0","1.0","1.0","1.0","1.0","1.0","1.0","1.0","1.0","1.0","1.0","1.0","1.0","1.0","1.0","1.0","1.0","1.0","1.0","1.0","1.0","1.0","1.0","1.0","1.0","1.0","1.0","1.0","1.0","1.0","1.0","1.0","1.0","1.0","1.0","1.0","1.0","1.0","1.0","1.0","1.0","1.0","1.0","1.0","1.0","1.0","1.0","1.0","1.0","1.0","1.0","1.0","1.0","1.0","1.0","1.0","1.0","1.0","1.0","1.0","1.0","1.0","1.0","1.0","1.0","1.0","1.0","1.0","1.0","1.0","1.0","1.0","1.0","1.0","1.0","1.0","1.0","1.0","1.0","1.0","1.0","1.0","1.0","1.0","1.0","1.0","1.0","1.0","1.0","1.0","1.0","1.0","1.0","1.0","1.0","1.0","1.0","1.0","1.0","1.0","1.0","1.0","1.0","1.0","1.0","1.0","1.0","1.0","1.0","1.0","1.0","1.0","1.0","1.0","1.0","1.0","1.0","1.0","1.0","1.0","1.0","1.0","1.0","1.0","1.0","1.0","1.0","1.0","1.0","1.0","1.0","1.0","1.0","1.0","1.0","1.0","1.0","1.0","1.0","1.0","1.0","1.0","1.0","1.0","1.0","1.0","1.0","1.0","1.0","1.0","1.0","1.0","1.0","1.0","1.0","1.0","1.0","1.0","1.0","1.0","1.0","1.0","1.0","1.0","1.0","1.0","1.0","1.0","1.0","1.0","1.0","1.0","1.0","1.0","1.0","1.0","1.0","1.0","1.0","1.0","1.0","1.0","1.0","1.0","1.0","1.0","1.0","1.0","1.0","1.0","1.0","1.0","1.0","1.0","1.0","1.0","1.0","1.0","1.0","1.0","1.0","1.0","1.0","1.0","1.0","1.0","1.0","1.0","1.0","1.0","1.0","1.0","1.0","1.0","1.0","1.0","1.0","1.0","1.0","1.0","1.0","1.0","1.0","1.0","1.0","1.0","1.0","1.0","1.0","1.0","1.0","1.0","1.0","1.0","1.0","1.0","1.0","1.0","1.0","1.0","1.0","1.0","1.0","1.0","1.0","1.0","1.0","1.0","1.0","1.0","1.0","1.0","1.0","1.0","1.0","1.0","1.0","1.0","1.0","1.0","1.0","1.0","1.0","1.0","1.0","1.0","1.0","1.0","1.0","1.0","1.0","1.0","1.0","1.0","1.0","1.0","1.0","1.0","1.0","1.0","1.0","1.0","1.0","1.0","1.0","1.0","1.0","1.0","1.0","1.0","1.0","1.0","1.0","1.0","1.0","1.0","1.0","1.0","1.0","1.0","1.0","1.0","1.0","1.0","1.0","1.0","1.0","1.0","1.0","1.0","1.0","1.0","1.0","1.0","1.0","1.0","1.0","1.0","1.0","1.0","1.0","1.0","1.0","1.0","1.0","1.0","1.0","1.0","1.0","1.0","1.0","1.0","1.0","1.0","1.0","1.0","1.0","1.0","1.0","1.0","1.0","1.0","1.0","1.0","1.0","1.0","1.0","1.0","1.0","1.0","1.0","1.0","1.0","1.0","1.0","1.0","1.0","1.0","1.0","1.0","1.0","1.0","1.0","1.0","1.0","1.0","1.0","1.0","1.0","1.0","1.0","1.0","1.0","1.0","1.0","1.0","1.0","1.0","1.0","1.0","1.0","1.0","1.0","1.0","1.0","1.0","1.0","1.0","1.0","1.0","1.0","1.0","1.0","1.0","1.0","1.0","1.0","1.0","1.0","1.0","1.0","1.0","1.0","1.0","1.0","1.0","1.0","1.0","1.0","1.0","1.0","1.0","1.0","1.0","1.0","1.0","1.0","1.0","1.0","1.0","1.0","1.0","1.0","1.0","1.0","1.0","1.0","1.0","1.0","1.0","1.0","1.0","1.0","1.0","1.0","1.0","1.0","1.0","1.0","1.0","1.0","1.0","1.0","1.0","1.0","1.0","1.0","1.0","1.0","1.0","1.0","1.0","1.0","1.0","1.0","1.0","1.0","1.0","1.0","1.0","1.0","1.0","1.0","1.0","1.0","1.0","1.0","1.0","1.0","1.0","1.0","1.0","1.0","1.0","1.0","1.0","1.0","1.0","1.0","1.0","1.0","1.0","1.0","1.0","1.0","1.0","1.0","1.0","1.0","1.0","1.0","1.0","1.0","1.0","10","219"
"RandooPy-NoTypes","mimesis.providers.development","1590999144177049765","96","32623456235","1.0","93","2144","4","67","0.75","0.75","0.8355377526911416","0.8912554664107737","0.9375","0.9375","0.9375","0.9375","0.9375","0.9375","0.9375","0.9375","0.9375","0.9375","0.9375","0.9375","0.9375","0.9375","0.9375","0.9375","0.9375","0.9375","0.9375","0.9375","0.9375","0.9375","0.9375","0.9375","0.9375","0.9375","0.9675219720486704","1.0","1.0","1.0","1.0","1.0","1.0","1.0","1.0","1.0","1.0","1.0","1.0","1.0","1.0","1.0","1.0","1.0","1.0","1.0","1.0","1.0","1.0","1.0","1.0","1.0","1.0","1.0","1.0","1.0","1.0","1.0","1.0","1.0","1.0","1.0","1.0","1.0","1.0","1.0","1.0","1.0","1.0","1.0","1.0","1.0","1.0","1.0","1.0","1.0","1.0","1.0","1.0","1.0","1.0","1.0","1.0","1.0","1.0","1.0","1.0","1.0","1.0","1.0","1.0","1.0","1.0","1.0","1.0","1.0","1.0","1.0","1.0","1.0","1.0","1.0","1.0","1.0","1.0","1.0","1.0","1.0","1.0","1.0","1.0","1.0","1.0","1.0","1.0","1.0","1.0","1.0","1.0","1.0","1.0","1.0","1.0","1.0","1.0","1.0","1.0","1.0","1.0","1.0","1.0","1.0","1.0","1.0","1.0","1.0","1.0","1.0","1.0","1.0","1.0","1.0","1.0","1.0","1.0","1.0","1.0","1.0","1.0","1.0","1.0","1.0","1.0","1.0","1.0","1.0","1.0","1.0","1.0","1.0","1.0","1.0","1.0","1.0","1.0","1.0","1.0","1.0","1.0","1.0","1.0","1.0","1.0","1.0","1.0","1.0","1.0","1.0","1.0","1.0","1.0","1.0","1.0","1.0","1.0","1.0","1.0","1.0","1.0","1.0","1.0","1.0","1.0","1.0","1.0","1.0","1.0","1.0","1.0","1.0","1.0","1.0","1.0","1.0","1.0","1.0","1.0","1.0","1.0","1.0","1.0","1.0","1.0","1.0","1.0","1.0","1.0","1.0","1.0","1.0","1.0","1.0","1.0","1.0","1.0","1.0","1.0","1.0","1.0","1.0","1.0","1.0","1.0","1.0","1.0","1.0","1.0","1.0","1.0","1.0","1.0","1.0","1.0","1.0","1.0","1.0","1.0","1.0","1.0","1.0","1.0","1.0","1.0","1.0","1.0","1.0","1.0","1.0","1.0","1.0","1.0","1.0","1.0","1.0","1.0","1.0","1.0","1.0","1.0","1.0","1.0","1.0","1.0","1.0","1.0","1.0","1.0","1.0","1.0","1.0","1.0","1.0","1.0","1.0","1.0","1.0","1.0","1.0","1.0","1.0","1.0","1.0","1.0","1.0","1.0","1.0","1.0","1.0","1.0","1.0","1.0","1.0","1.0","1.0","1.0","1.0","1.0","1.0","1.0","1.0","1.0","1.0","1.0","1.0","1.0","1.0","1.0","1.0","1.0","1.0","1.0","1.0","1.0","1.0","1.0","1.0","1.0","1.0","1.0","1.0","1.0","1.0","1.0","1.0","1.0","1.0","1.0","1.0","1.0","1.0","1.0","1.0","1.0","1.0","1.0","1.0","1.0","1.0","1.0","1.0","1.0","1.0","1.0","1.0","1.0","1.0","1.0","1.0","1.0","1.0","1.0","1.0","1.0","1.0","1.0","1.0","1.0","1.0","1.0","1.0","1.0","1.0","1.0","1.0","1.0","1.0","1.0","1.0","1.0","1.0","1.0","1.0","1.0","1.0","1.0","1.0","1.0","1.0","1.0","1.0","1.0","1.0","1.0","1.0","1.0","1.0","1.0","1.0","1.0","1.0","1.0","1.0","1.0","1.0","1.0","1.0","1.0","1.0","1.0","1.0","1.0","1.0","1.0","1.0","1.0","1.0","1.0","1.0","1.0","1.0","1.0","1.0","1.0","1.0","1.0","1.0","1.0","1.0","1.0","1.0","1.0","1.0","1.0","1.0","1.0","1.0","1.0","1.0","1.0","1.0","1.0","1.0","1.0","1.0","1.0","1.0","1.0","1.0","1.0","1.0","1.0","1.0","1.0","1.0","1.0","1.0","1.0","1.0","1.0","1.0","1.0","1.0","1.0","1.0","1.0","1.0","1.0","1.0","1.0","1.0","1.0","1.0","1.0","1.0","1.0","1.0","1.0","1.0","1.0","1.0","1.0","1.0","1.0","1.0","1.0","1.0","1.0","1.0","1.0","1.0","1.0","1.0","1.0","1.0","1.0","1.0","1.0","1.0","1.0","1.0","1.0","1.0","1.0","1.0","1.0","1.0","1.0","1.0","1.0","1.0","1.0","1.0","1.0","1.0","1.0","1.0","1.0","1.0","1.0","1.0","1.0","1.0","1.0","1.0","1.0","1.0","1.0","1.0","1.0","1.0","1.0","1.0","1.0","1.0","1.0","1.0","1.0","1.0","1.0","1.0","1.0","1.0","1.0","1.0","1.0","1.0","1.0","1.0","1.0","1.0","1.0","1.0","1.0","1.0","1.0","1.0","1.0","1.0","1.0","1.0","1.0","1.0","1.0","1.0","1.0","1.0","1.0","1.0","1.0","1.0","1.0","1.0","1.0","1.0","1.0","1.0","1.0","1.0","1.0","1.0","1.0","1.0","1.0","1.0","1.0","1.0","1.0","1.0","1.0","1.0","1.0","1.0","1.0","1.0","1.0","1.0","89","2077"
"RandooPy-NoTypes","mimesis.providers.science","1590999123653880921","87","33945274850","1.0","83","2102","27","564","0.8","0.8025019336170602","0.9","0.9","0.9","0.9","0.9","0.9","0.9","0.9","0.9","0.9","0.9","0.9","0.9","0.9","0.9","0.9","0.9","0.9","0.9","0.9","0.9","0.9","0.9","0.9","0.9","0.9","0.9","0.9","0.9","0.96750466078482","1.0","1.0","1.0","1.0","1.0","1.0","1.0","1.0","1.0","1.0","1.0","1.0","1.0","1.0","1.0","1.0","1.0","1.0","1.0","1.0","1.0","1.0","1.0","1.0","1.0","1.0","1.0","1.0","1.0","1.0","1.0","1.0","1.0","1.0","1.0","1.0","1.0","1.0","1.0","1.0","1.0","1.0","1.0","1.0","1.0","1.0","1.0","1.0","1.0","1.0","1.0","1.0","1.0","1.0","1.0","1.0","1.0","1.0","1.0","1.0","1.0","1.0","1.0","1.0","1.0","1.0","1.0","1.0","1.0","1.0","1.0","1.0","1.0","1.0","1.0","1.0","1.0","1.0","1.0","1.0","1.0","1.0","1.0","1.0","1.0","1.0","1.0","1.0","1.0","1.0","1.0","1.0","1.0","1.0","1.0","1.0","1.0","1.0","1.0","1.0","1.0","1.0","1.0","1.0","1.0","1.0","1.0","1.0","1.0","1.0","1.0","1.0","1.0","1.0","1.0","1.0","1.0","1.0","1.0","1.0","1.0","1.0","1.0","1.0","1.0","1.0","1.0","1.0","1.0","1.0","1.0","1.0","1.0","1.0","1.0","1.0","1.0","1.0","1.0","1.0","1.0","1.0","1.0","1.0","1.0","1.0","1.0","1.0","1.0","1.0","1.0","1.0","1.0","1.0","1.0","1.0","1.0","1.0","1.0","1.0","1.0","1.0","1.0","1.0","1.0","1.0","1.0","1.0","1.0","1.0","1.0","1.0","1.0","1.0","1.0","1.0","1.0","1.0","1.0","1.0","1.0","1.0","1.0","1.0","1.0","1.0","1.0","1.0","1.0","1.0","1.0","1.0","1.0","1.0","1.0","1.0","1.0","1.0","1.0","1.0","1.0","1.0","1.0","1.0","1.0","1.0","1.0","1.0","1.0","1.0","1.0","1.0","1.0","1.0","1.0","1.0","1.0","1.0","1.0","1.0","1.0","1.0","1.0","1.0","1.0","1.0","1.0","1.0","1.0","1.0","1.0","1.0","1.0","1.0","1.0","1.0","1.0","1.0","1.0","1.0","1.0","1.0","1.0","1.0","1.0","1.0","1.0","1.0","1.0","1.0","1.0","1.0","1.0","1.0","1.0","1.0","1.0","1.0","1.0","1.0","1.0","1.0","1.0","1.0","1.0","1.0","1.0","1.0","1.0","1.0","1.0","1.0","1.0","1.0","1.0","1.0","1.0","1.0","1.0","1.0","1.0","1.0","1.0","1.0","1.0","1.0","1.0","1.0","1.0","1.0","1.0","1.0","1.0","1.0","1.0","1.0","1.0","1.0","1.0","1.0","1.0","1.0","1.0","1.0","1.0","1.0","1.0","1.0","1.0","1.0","1.0","1.0","1.0","1.0","1.0","1.0","1.0","1.0","1.0","1.0","1.0","1.0","1.0","1.0","1.0","1.0","1.0","1.0","1.0","1.0","1.0","1.0","1.0","1.0","1.0","1.0","1.0","1.0","1.0","1.0","1.0","1.0","1.0","1.0","1.0","1.0","1.0","1.0","1.0","1.0","1.0","1.0","1.0","1.0","1.0","1.0","1.0","1.0","1.0","1.0","1.0","1.0","1.0","1.0","1.0","1.0","1.0","1.0","1.0","1.0","1.0","1.0","1.0","1.0","1.0","1.0","1.0","1.0","1.0","1.0","1.0","1.0","1.0","1.0","1.0","1.0","1.0","1.0","1.0","1.0","1.0","1.0","1.0","1.0","1.0","1.0","1.0","1.0","1.0","1.0","1.0","1.0","1.0","1.0","1.0","1.0","1.0","1.0","1.0","1.0","1.0","1.0","1.0","1.0","1.0","1.0","1.0","1.0","1.0","1.0","1.0","1.0","1.0","1.0","1.0","1.0","1.0","1.0","1.0","1.0","1.0","1.0","1.0","1.0","1.0","1.0","1.0","1.0","1.0","1.0","1.0","1.0","1.0","1.0","1.0","1.0","1.0","1.0","1.0","1.0","1.0","1.0","1.0","1.0","1.0","1.0","1.0","1.0","1.0","1.0","1.0","1.0","1.0","1.0","1.0","1.0","1.0","1.0","1.0","1.0","1.0","1.0","1.0","1.0","1.0","1.0","1.0","1.0","1.0","1.0","1.0","1.0","1.0","1.0","1.0","1.0","1.0","1.0","1.0","1.0","1.0","1.0","1.0","1.0","1.0","1.0","1.0","1.0","1.0","1.0","1.0","1.0","1.0","1.0","1.0","1.0","1.0","1.0","1.0","1.0","1.0","1.0","1.0","1.0","1.0","1.0","1.0","1.0","1.0","1.0","1.0","1.0","1.0","1.0","1.0","1.0","1.0","1.0","1.0","1.0","1.0","1.0","1.0","1.0","1.0","1.0","1.0","1.0","1.0","1.0","1.0","1.0","1.0","1.0","1.0","1.0","1.0","1.0","1.0","1.0","1.0","1.0","1.0","1.0","1.0","1.0","1.0","1.0","1.0","1.0","1.0","1.0","1.0","1.0","1.0","1.0","1.0","1.0","56","1538"
"WSPy-NoTypes","mimesis.builtins.en","1590999352042085285","1124","600251083818","0.8461538461538461","10","186","10","186","0.7692307692307693","0.7692307692307693","0.7692307692307693","0.7692307692307693","0.7692307692307693","0.7692307692307693","0.7692307692307693","0.7692307692307693","0.7692307692307693","0.7692307692307693","0.7692307692307693","0.7692307692307693","0.7692307692307693","0.7692307692307693","0.7692307692307693","0.7692307692307693","0.7692307692307693","0.7692307692307693","0.7692307692307693","0.7692307692307693","0.7692307692307693","0.7692307692307693","0.7692307692307693","0.7692307692307693","0.7692307692307693","0.7692307692307693","0.7692307692307693","0.7692307692307693","0.7692307692307693","0.7692307692307693","0.7692307692307693","0.7692307692307693","0.7692307692307693","0.7692307692307693","0.7692307692307693","0.7692307692307693","0.7692307692307693","0.7692307692307693","0.7692307692307693","0.7692307692307693","0.7692307692307693","0.7692307692307693","0.7692307692307693","0.7692307692307693","0.7692307692307693","0.7692307692307693","0.7692307692307693","0.7692307692307693","0.7692307692307693","0.7692307692307693","0.7692307692307693","0.7692307692307693","0.7692307692307693","0.7692307692307693","0.7692307692307693","0.7692307692307693","0.7692307692307693","0.7692307692307693","0.7692307692307693","0.7692307692307693","0.7692307692307693","0.7692307692307693","0.7692307692307693","0.7692307692307693","0.7692307692307693","0.7692307692307693","0.7692307692307693","0.7692307692307693","0.7692307692307693","0.7692307692307693","0.7692307692307693","0.7692307692307693","0.7692307692307693","0.7692307692307693","0.7692307692307693","0.7692307692307693","0.7692307692307693","0.7692307692307693","0.7692307692307693","0.7692307692307693","0.7692307692307693","0.7692307692307693","0.7692307692307693","0.7692307692307693","0.7692307692307693","0.7692307692307693","0.7692307692307693","0.7692307692307693","0.7692307692307693","0.7692307692307693","0.7692307692307693","0.7692307692307693","0.7692307692307693","0.7692307692307693","0.7692307692307693","0.7692307692307693","0.7692307692307693","0.7692307692307693","0.7692307692307693","0.7692307692307693","0.7692307692307693","0.7692307692307693","0.7692307692307693","0.7692307692307693","0.7692307692307693","0.7692307692307693","0.7692307692307693","0.7692307692307693","0.7692307692307693","0.7692307692307693","0.7692307692307693","0.7692307692307693","0.7692307692307693","0.7692307692307693","0.7692307692307693","0.7997381599648097","0.8461538461538461","0.8461538461538461","0.8461538461538461","0.8461538461538461","0.8461538461538461","0.8461538461538461","0.8461538461538461","0.8461538461538461","0.8461538461538461","0.8461538461538461","0.8461538461538461","0.8461538461538461","0.8461538461538461","0.8461538461538461","0.8461538461538461","0.8461538461538461","0.8461538461538461","0.8461538461538461","0.8461538461538461","0.8461538461538461","0.8461538461538461","0.8461538461538461","0.8461538461538461","0.8461538461538461","0.8461538461538461","0.8461538461538461","0.8461538461538461","0.8461538461538461","0.8461538461538461","0.8461538461538461","0.8461538461538461","0.8461538461538461","0.8461538461538461","0.8461538461538461","0.8461538461538461","0.8461538461538461","0.8461538461538461","0.8461538461538461","0.8461538461538461","0.8461538461538461","0.8461538461538461","0.8461538461538461","0.8461538461538461","0.8461538461538461","0.8461538461538461","0.8461538461538461","0.8461538461538461","0.8461538461538461","0.8461538461538461","0.8461538461538461","0.8461538461538461","0.8461538461538461","0.8461538461538461","0.8461538461538461","0.8461538461538461","0.8461538461538461","0.8461538461538461","0.8461538461538461","0.8461538461538461","0.8461538461538461","0.8461538461538461","0.8461538461538461","0.8461538461538461","0.8461538461538461","0.8461538461538461","0.8461538461538461","0.8461538461538461","0.8461538461538461","0.8461538461538461","0.8461538461538461","0.8461538461538461","0.8461538461538461","0.8461538461538461","0.8461538461538461","0.8461538461538461","0.8461538461538461","0.8461538461538461","0.8461538461538461","0.8461538461538461","0.8461538461538461","0.8461538461538461","0.8461538461538461","0.8461538461538461","0.8461538461538461","0.8461538461538461","0.8461538461538461","0.8461538461538461","0.8461538461538461","0.8461538461538461","0.8461538461538461","0.8461538461538461","0.8461538461538461","0.8461538461538461","0.8461538461538461","0.8461538461538461","0.8461538461538461","0.8461538461538461","0.8461538461538461","0.8461538461538461","0.8461538461538461","0.8461538461538461","0.8461538461538461","0.8461538461538461","0.8461538461538461","0.8461538461538461","0.8461538461538461","0.8461538461538461","0.8461538461538461","0.8461538461538461","0.8461538461538461","0.8461538461538461","0.8461538461538461","0.8461538461538461","0.8461538461538461","0.8461538461538461","0.8461538461538461","0.8461538461538461","0.8461538461538461","0.8461538461538461","0.8461538461538461","0.8461538461538461","0.8461538461538461","0.8461538461538461","0.8461538461538461","0.8461538461538461","0.8461538461538461","0.8461538461538461","0.8461538461538461","0.8461538461538461","0.8461538461538461","0.8461538461538461","0.8461538461538461","0.8461538461538461","0.8461538461538461","0.8461538461538461","0.8461538461538461","0.8461538461538461","0.8461538461538461","0.8461538461538461","0.8461538461538461","0.8461538461538461","0.8461538461538461","0.8461538461538461","0.8461538461538461","0.8461538461538461","0.8461538461538461","0.8461538461538461","0.8461538461538461","0.8461538461538461","0.8461538461538461","0.8461538461538461","0.8461538461538461","0.8461538461538461","0.8461538461538461","0.8461538461538461","0.8461538461538461","0.8461538461538461","0.8461538461538461","0.8461538461538461","0.8461538461538461","0.8461538461538461","0.8461538461538461","0.8461538461538461","0.8461538461538461","0.8461538461538461","0.8461538461538461","0.8461538461538461","0.8461538461538461","0.8461538461538461","0.8461538461538461","0.8461538461538461","0.8461538461538461","0.8461538461538461","0.8461538461538461","0.8461538461538461","0.8461538461538461","0.8461538461538461","0.8461538461538461","0.8461538461538461","0.8461538461538461","0.8461538461538461","0.8461538461538461","0.8461538461538461","0.8461538461538461","0.8461538461538461","0.8461538461538461","0.8461538461538461","0.8461538461538461","0.8461538461538461","0.8461538461538461","0.8461538461538461","0.8461538461538461","0.8461538461538461","0.8461538461538461","0.8461538461538461","0.8461538461538461","0.8461538461538461","0.8461538461538461","0.8461538461538461","0.8461538461538461","0.8461538461538461","0.8461538461538461","0.8461538461538461","0.8461538461538461","0.8461538461538461","0.8461538461538461","0.8461538461538461","0.8461538461538461","0.8461538461538461","0.8461538461538461","0.8461538461538461","0.8461538461538461","0.8461538461538461","0.8461538461538461","0.8461538461538461","0.8461538461538461","0.8461538461538461","0.8461538461538461","0.8461538461538461","0.8461538461538461","0.8461538461538461","0.8461538461538461","0.8461538461538461","0.8461538461538461","0.8461538461538461","0.8461538461538461","0.8461538461538461","0.8461538461538461","0.8461538461538461","0.8461538461538461","0.8461538461538461","0.8461538461538461","0.8461538461538461","0.8461538461538461","0.8461538461538461","0.8461538461538461","0.8461538461538461","0.8461538461538461","0.8461538461538461","0.8461538461538461","0.8461538461538461","0.8461538461538461","0.8461538461538461","0.8461538461538461","0.8461538461538461","0.8461538461538461","0.8461538461538461","0.8461538461538461","0.8461538461538461","0.8461538461538461","0.8461538461538461","0.8461538461538461","0.8461538461538461","0.8461538461538461","0.8461538461538461","0.8461538461538461","0.8461538461538461","0.8461538461538461","0.8461538461538461","0.8461538461538461","0.8461538461538461","0.8461538461538461","0.8461538461538461","0.8461538461538461","0.8461538461538461","0.8461538461538461","0.8461538461538461","0.8461538461538461","0.8461538461538461","0.8461538461538461","0.8461538461538461","0.8461538461538461","0.8461538461538461","0.8461538461538461","0.8461538461538461","0.8461538461538461","0.8461538461538461","0.8461538461538461","0.8461538461538461","0.8461538461538461","0.8461538461538461","0.8461538461538461","0.8461538461538461","0.8461538461538461","0.8461538461538461","0.8461538461538461","0.8461538461538461","0.8461538461538461","0.8461538461538461","0.8461538461538461","0.8461538461538461","0.8461538461538461","0.8461538461538461","0.8461538461538461","0.8461538461538461","0.8461538461538461","0.8461538461538461","0.8461538461538461","0.8461538461538461","0.8461538461538461","0.8461538461538461","0.8461538461538461","0.8461538461538461","0.8461538461538461","0.8461538461538461","0.8461538461538461","0.8461538461538461","0.8461538461538461","0.8461538461538461","0.8461538461538461","0.8461538461538461","0.8461538461538461","0.8461538461538461","0.8461538461538461","0.8461538461538461","0.8461538461538461","0.8461538461538461","0.8461538461538461","0.8461538461538461","0.8461538461538461","0.8461538461538461","0.8461538461538461","0.8461538461538461","0.8461538461538461","0.8461538461538461","0.8461538461538461","0.8461538461538461","0.8461538461538461","0.8461538461538461","0.8461538461538461","0.8461538461538461","0.8461538461538461","0.8461538461538461","0.8461538461538461","0.8461538461538461","0.8461538461538461","0.8461538461538461","0.8461538461538461","0.8461538461538461","0.8461538461538461","0.8461538461538461","0.8461538461538461","0.8461538461538461","0.8461538461538461","0.8461538461538461","0.8461538461538461","0.8461538461538461","0.8461538461538461","0.8461538461538461","0.8461538461538461","0.8461538461538461","0.8461538461538461","0.8461538461538461","0.8461538461538461","0.8461538461538461","0.8461538461538461","0.8461538461538461","0.8461538461538461","0.8461538461538461","0.8461538461538461","0.8461538461538461","0.8461538461538461","0.8461538461538461","0.8461538461538461","0.8461538461538461","0.8461538461538461","0.8461538461538461","0.8461538461538461","0.8461538461538461","0.8461538461538461","0.8461538461538461","0.8461538461538461","0.8461538461538461","0.8461538461538461","0.8461538461538461","0.8461538461538461","0.8461538461538461","0.8461538461538461","0.8461538461538461","0.8461538461538461","0.8461538461538461","0.8461538461538461","0.8461538461538461","0.8461538461538461","0.8461538461538461","0.8461538461538461","0.8461538461538461","0.8461538461538461","0.8461538461538461","0.8461538461538461","0.8461538461538461","0.8461538461538461","0.8461538461538461","0.8461538461538461","0.8461538461538461","0.8461538461538461","0.8461538461538461","0.8461538461538461","0.8461538461538461","0.8461538461538461","0.8461538461538461","0.8461538461538461","0.8461538461538461","0.8461538461538461","0.8461538461538461","0.8461538461538461","0.8461538461538461","0.8461538461538461","0.8461538461538461","0.8461538461538461","0.8461538461538461","0.8461538461538461","0.8461538461538461","0.8461538461538461","0.8461538461538461","0.8461538461538461","0.8461538461538461","0.8461538461538461","0.8461538461538461","0.8461538461538461","0.8461538461538461","0.8461538461538461","0.8461538461538461","0.8461538461538461","0.8461538461538461","0.8461538461538461","0.8461538461538461","0.8461538461538461","0.8461538461538461","0.8461538461538461","0.8461538461538461","0.8461538461538461","0.8461538461538461","0.8461538461538461","0.8461538461538461","0.8461538461538461","0.8461538461538461","0.8461538461538461","0.8461538461538461","0.8461538461538461","0.8461538461538461","0.8461538461538461","0.8461538461538461","0.8461538461538461","0.8461538461538461","0.8461538461538461","0.8461538461538461","0.8461538461538461","0.8461538461538461","0.8461538461538461","0.8461538461538461","0.8461538461538461","0.8461538461538461","0.8461538461538461","0.8461538461538461","0.8461538461538461","0.8461538461538461","0.8461538461538461","0.8461538461538461","0.8461538461538461","0.8461538461538461","0.8461538461538461","0.8461538461538461","0.8461538461538461","0.8461538461538461","0.8461538461538461","0.8461538461538461","0.8461538461538461","0.8461538461538461","0.8461538461538461","0.8461538461538461","0.8461538461538461","0.8461538461538461","0.8461538461538461","0.8461538461538461","0.8461538461538461","0.8461538461538461","0.8461538461538461","0.8461538461538461","0.8461538461538461","0.8461538461538461","0.8461538461538461","0.8461538461538461","0.8461538461538461","0","0"
"WSPy-TypeHintsInference","mimesis.providers.hardware","1590998512737327568","0","3294057977","1.0","8","145","1","28","1.0","1.0","1.0","1.0","1.0","1.0","1.0","1.0","1.0","1.0","1.0","1.0","1.0","1.0","1.0","1.0","1.0","1.0","1.0","1.0","1.0","1.0","1.0","1.0","1.0","1.0","1.0","1.0","1.0","1.0","1.0","1.0","1.0","1.0","1.0","1.0","1.0","1.0","1.0","1.0","1.0","1.0","1.0","1.0","1.0","1.0","1.0","1.0","1.0","1.0","1.0","1.0","1.0","1.0","1.0","1.0","1.0","1.0","1.0","1.0","1.0","1.0","1.0","1.0","1.0","1.0","1.0","1.0","1.0","1.0","1.0","1.0","1.0","1.0","1.0","1.0","1.0","1.0","1.0","1.0","1.0","1.0","1.0","1.0","1.0","1.0","1.0","1.0","1.0","1.0","1.0","1.0","1.0","1.0","1.0","1.0","1.0","1.0","1.0","1.0","1.0","1.0","1.0","1.0","1.0","1.0","1.0","1.0","1.0","1.0","1.0","1.0","1.0","1.0","1.0","1.0","1.0","1.0","1.0","1.0","1.0","1.0","1.0","1.0","1.0","1.0","1.0","1.0","1.0","1.0","1.0","1.0","1.0","1.0","1.0","1.0","1.0","1.0","1.0","1.0","1.0","1.0","1.0","1.0","1.0","1.0","1.0","1.0","1.0","1.0","1.0","1.0","1.0","1.0","1.0","1.0","1.0","1.0","1.0","1.0","1.0","1.0","1.0","1.0","1.0","1.0","1.0","1.0","1.0","1.0","1.0","1.0","1.0","1.0","1.0","1.0","1.0","1.0","1.0","1.0","1.0","1.0","1.0","1.0","1.0","1.0","1.0","1.0","1.0","1.0","1.0","1.0","1.0","1.0","1.0","1.0","1.0","1.0","1.0","1.0","1.0","1.0","1.0","1.0","1.0","1.0","1.0","1.0","1.0","1.0","1.0","1.0","1.0","1.0","1.0","1.0","1.0","1.0","1.0","1.0","1.0","1.0","1.0","1.0","1.0","1.0","1.0","1.0","1.0","1.0","1.0","1.0","1.0","1.0","1.0","1.0","1.0","1.0","1.0","1.0","1.0","1.0","1.0","1.0","1.0","1.0","1.0","1.0","1.0","1.0","1.0","1.0","1.0","1.0","1.0","1.0","1.0","1.0","1.0","1.0","1.0","1.0","1.0","1.0","1.0","1.0","1.0","1.0","1.0","1.0","1.0","1.0","1.0","1.0","1.0","1.0","1.0","1.0","1.0","1.0","1.0","1.0","1.0","1.0","1.0","1.0","1.0","1.0","1.0","1.0","1.0","1.0","1.0","1.0","1.0","1.0","1.0","1.0","1.0","1.0","1.0","1.0","1.0","1.0","1.0","1.0","1.0","1.0","1.0","1.0","1.0","1.0","1.0","1.0","1.0","1.0","1.0","1.0","1.0","1.0","1.0","1.0","1.0","1.0","1.0","1.0","1.0","1.0","1.0","1.0","1.0","1.0","1.0","1.0","1.0","1.0","1.0","1.0","1.0","1.0","1.0","1.0","1.0","1.0","1.0","1.0","1.0","1.0","1.0","1.0","1.0","1.0","1.0","1.0","1.0","1.0","1.0","1.0","1.0","1.0","1.0","1.0","1.0","1.0","1.0","1.0","1.0","1.0","1.0","1.0","1.0","1.0","1.0","1.0","1.0","1.0","1.0","1.0","1.0","1.0","1.0","1.0","1.0","1.0","1.0","1.0","1.0","1.0","1.0","1.0","1.0","1.0","1.0","1.0","1.0","1.0","1.0","1.0","1.0","1.0","1.0","1.0","1.0","1.0","1.0","1.0","1.0","1.0","1.0","1.0","1.0","1.0","1.0","1.0","1.0","1.0","1.0","1.0","1.0","1.0","1.0","1.0","1.0","1.0","1.0","1.0","1.0","1.0","1.0","1.0","1.0","1.0","1.0","1.0","1.0","1.0","1.0","1.0","1.0","1.0","1.0","1.0","1.0","1.0","1.0","1.0","1.0","1.0","1.0","1.0","1.0","1.0","1.0","1.0","1.0","1.0","1.0","1.0","1.0","1.0","1.0","1.0","1.0","1.0","1.0","1.0","1.0","1.0","1.0","1.0","1.0","1.0","1.0","1.0","1.0","1.0","1.0","1.0","1.0","1.0","1.0","1.0","1.0","1.0","1.0","1.0","1.0","1.0","1.0","1.0","1.0","1.0","1.0","1.0","1.0","1.0","1.0","1.0","1.0","1.0","1.0","1.0","1.0","1.0","1.0","1.0","1.0","1.0","1.0","1.0","1.0","1.0","1.0","1.0","1.0","1.0","1.0","1.0","1.0","1.0","1.0","1.0","1.0","1.0","1.0","1.0","1.0","1.0","1.0","1.0","1.0","1.0","1.0","1.0","1.0","1.0","1.0","1.0","1.0","1.0","1.0","1.0","1.0","1.0","1.0","1.0","1.0","1.0","1.0","1.0","1.0","1.0","1.0","1.0","1.0","1.0","1.0","1.0","1.0","1.0","1.0","1.0","1.0","1.0","1.0","1.0","1.0","1.0","1.0","1.0","1.0","1.0","1.0","1.0","1.0","1.0","1.0","1.0","1.0","1.0","1.0","1.0","1.0","1.0","1.0","1.0","1.0","1.0","1.0","1.0","1.0","1.0","1.0","1.0","1.0","1.0","1.0","1.0","1.0","1.0","7","117"
"WSPy-NoTypes","mimesis.providers.development","1590999439957907194","0","2515798557","1.0","10","224","5","82","1.0","1.0","1.0","1.0","1.0","1.0","1.0","1.0","1.0","1.0","1.0","1.0","1.0","1.0","1.0","1.0","1.0","1.0","1.0","1.0","1.0","1.0","1.0","1.0","1.0","1.0","1.0","1.0","1.0","1.0","1.0","1.0","1.0","1.0","1.0","1.0","1.0","1.0","1.0","1.0","1.0","1.0","1.0","1.0","1.0","1.0","1.0","1.0","1.0","1.0","1.0","1.0","1.0","1.0","1.0","1.0","1.0","1.0","1.0","1.0","1.0","1.0","1.0","1.0","1.0","1.0","1.0","1.0","1.0","1.0","1.0","1.0","1.0","1.0","1.0","1.0","1.0","1.0","1.0","1.0","1.0","1.0","1.0","1.0","1.0","1.0","1.0","1.0","1.0","1.0","1.0","1.0","1.0","1.0","1.0","1.0","1.0","1.0","1.0","1.0","1.0","1.0","1.0","1.0","1.0","1.0","1.0","1.0","1.0","1.0","1.0","1.0","1.0","1.0","1.0","1.0","1.0","1.0","1.0","1.0","1.0","1.0","1.0","1.0","1.0","1.0","1.0","1.0","1.0","1.0","1.0","1.0","1.0","1.0","1.0","1.0","1.0","1.0","1.0","1.0","1.0","1.0","1.0","1.0","1.0","1.0","1.0","1.0","1.0","1.0","1.0","1.0","1.0","1.0","1.0","1.0","1.0","1.0","1.0","1.0","1.0","1.0","1.0","1.0","1.0","1.0","1.0","1.0","1.0","1.0","1.0","1.0","1.0","1.0","1.0","1.0","1.0","1.0","1.0","1.0","1.0","1.0","1.0","1.0","1.0","1.0","1.0","1.0","1.0","1.0","1.0","1.0","1.0","1.0","1.0","1.0","1.0","1.0","1.0","1.0","1.0","1.0","1.0","1.0","1.0","1.0","1.0","1.0","1.0","1.0","1.0","1.0","1.0","1.0","1.0","1.0","1.0","1.0","1.0","1.0","1.0","1.0","1.0","1.0","1.0","1.0","1.0","1.0","1.0","1.0","1.0","1.0","1.0","1.0","1.0","1.0","1.0","1.0","1.0","1.0","1.0","1.0","1.0","1.0","1.0","1.0","1.0","1.0","1.0","1.0","1.0","1.0","1.0","1.0","1.0","1.0","1.0","1.0","1.0","1.0","1.0","1.0","1.0","1.0","1.0","1.0","1.0","1.0","1.0","1.0","1.0","1.0","1.0","1.0","1.0","1.0","1.0","1.0","1.0","1.0","1.0","1.0","1.0","1.0","1.0","1.0","1.0","1.0","1.0","1.0","1.0","1.0","1.0","1.0","1.0","1.0","1.0","1.0","1.0","1.0","1.0","1.0","1.0","1.0","1.0","1.0","1.0","1.0","1.0","1.0","1.0","1.0","1.0","1.0","1.0","1.0","1.0","1.0","1.0","1.0","1.0","1.0","1.0","1.0","1.0","1.0","1.0","1.0","1.0","1.0","1.0","1.0","1.0","1.0","1.0","1.0","1.0","1.0","1.0","1.0","1.0","1.0","1.0","1.0","1.0","1.0","1.0","1.0","1.0","1.0","1.0","1.0","1.0","1.0","1.0","1.0","1.0","1.0","1.0","1.0","1.0","1.0","1.0","1.0","1.0","1.0","1.0","1.0","1.0","1.0","1.0","1.0","1.0","1.0","1.0","1.0","1.0","1.0","1.0","1.0","1.0","1.0","1.0","1.0","1.0","1.0","1.0","1.0","1.0","1.0","1.0","1.0","1.0","1.0","1.0","1.0","1.0","1.0","1.0","1.0","1.0","1.0","1.0","1.0","1.0","1.0","1.0","1.0","1.0","1.0","1.0","1.0","1.0","1.0","1.0","1.0","1.0","1.0","1.0","1.0","1.0","1.0","1.0","1.0","1.0","1.0","1.0","1.0","1.0","1.0","1.0","1.0","1.0","1.0","1.0","1.0","1.0","1.0","1.0","1.0","1.0","1.0","1.0","1.0","1.0","1.0","1.0","1.0","1.0","1.0","1.0","1.0","1.0","1.0","1.0","1.0","1.0","1.0","1.0","1.0","1.0","1.0","1.0","1.0","1.0","1.0","1.0","1.0","1.0","1.0","1.0","1.0","1.0","1.0","1.0","1.0","1.0","1.0","1.0","1.0","1.0","1.0","1.0","1.0","1.0","1.0","1.0","1.0","1.0","1.0","1.0","1.0","1.0","1.0","1.0","1.0","1.0","1.0","1.0","1.0","1.0","1.0","1.0","1.0","1.0","1.0","1.0","1.0","1.0","1.0","1.0","1.0","1.0","1.0","1.0","1.0","1.0","1.0","1.0","1.0","1.0","1.0","1.0","1.0","1.0","1.0","1.0","1.0","1.0","1.0","1.0","1.0","1.0","1.0","1.0","1.0","1.0","1.0","1.0","1.0","1.0","1.0","1.0","1.0","1.0","1.0","1.0","1.0","1.0","1.0","1.0","1.0","1.0","1.0","1.0","1.0","1.0","1.0","1.0","1.0","1.0","1.0","1.0","1.0","1.0","1.0","1.0","1.0","1.0","1.0","1.0","1.0","1.0","1.0","1.0","1.0","1.0","1.0","1.0","1.0","1.0","1.0","1.0","1.0","1.0","1.0","1.0","1.0","1.0","1.0","1.0","1.0","1.0","1.0","1.0","1.0","1.0","1.0","1.0","1.0","5","142"
"RandooPy-TypeHintsInference","mimesis.decorators","1590998448492604905","356","609378772127","0.14285714285714285","351","7915","0","0","0.14285714285714285","0.14285714285714285","0.14285714285714285","0.14285714285714285","0.14285714285714285","0.14285714285714285","0.14285714285714285","0.14285714285714285","0.14285714285714285","0.14285714285714285","0.14285714285714285","0.14285714285714285","0.14285714285714285","0.14285714285714285","0.14285714285714285","0.14285714285714285","0.14285714285714285","0.14285714285714285","0.14285714285714285","0.14285714285714285","0.14285714285714285","0.14285714285714285","0.14285714285714285","0.14285714285714285","0.14285714285714285","0.14285714285714285","0.14285714285714285","0.14285714285714285","0.14285714285714285","0.14285714285714285","0.14285714285714285","0.14285714285714285","0.14285714285714285","0.14285714285714285","0.14285714285714285","0.14285714285714285","0.14285714285714285","0.14285714285714285","0.14285714285714285","0.14285714285714285","0.14285714285714285","0.14285714285714285","0.14285714285714285","0.14285714285714285","0.14285714285714285","0.14285714285714285","0.14285714285714285","0.14285714285714285","0.14285714285714285","0.14285714285714285","0.14285714285714285","0.14285714285714285","0.14285714285714285","0.14285714285714285","0.14285714285714285","0.14285714285714285","0.14285714285714285","0.14285714285714285","0.14285714285714285","0.14285714285714285","0.14285714285714285","0.14285714285714285","0.14285714285714285","0.14285714285714285","0.14285714285714285","0.14285714285714285","0.14285714285714285","0.14285714285714285","0.14285714285714285","0.14285714285714285","0.14285714285714285","0.14285714285714285","0.14285714285714285","0.14285714285714285","0.14285714285714285","0.14285714285714285","0.14285714285714285","0.14285714285714285","0.14285714285714285","0.14285714285714285","0.14285714285714285","0.14285714285714285","0.14285714285714285","0.14285714285714285","0.14285714285714285","0.14285714285714285","0.14285714285714285","0.14285714285714285","0.14285714285714285","0.14285714285714285","0.14285714285714285","0.14285714285714285","0.14285714285714285","0.14285714285714285","0.14285714285714285","0.14285714285714285","0.14285714285714285","0.14285714285714285","0.14285714285714285","0.14285714285714285","0.14285714285714285","0.14285714285714285","0.14285714285714285","0.14285714285714285","0.14285714285714285","0.14285714285714285","0.14285714285714285","0.14285714285714285","0.14285714285714285","0.14285714285714285","0.14285714285714285","0.14285714285714285","0.14285714285714285","0.14285714285714285","0.14285714285714285","0.14285714285714285","0.14285714285714285","0.14285714285714285","0.14285714285714285","0.14285714285714285","0.14285714285714285","0.14285714285714285","0.14285714285714285","0.14285714285714285","0.14285714285714285","0.14285714285714285","0.14285714285714285","0.14285714285714285","0.14285714285714285","0.14285714285714285","0.14285714285714285","0.14285714285714285","0.14285714285714285","0.14285714285714285","0.14285714285714285","0.14285714285714285","0.14285714285714285","0.14285714285714285","0.14285714285714285","0.14285714285714285","0.14285714285714285","0.14285714285714285","0.14285714285714285","0.14285714285714285","0.14285714285714285","0.14285714285714285","0.14285714285714285","0.14285714285714285","0.14285714285714285","0.14285714285714285","0.14285714285714285","0.14285714285714285","0.14285714285714285","0.14285714285714285","0.14285714285714285","0.14285714285714285","0.14285714285714285","0.14285714285714285","0.14285714285714285","0.14285714285714285","0.14285714285714285","0.14285714285714285","0.14285714285714285","0.14285714285714285","0.14285714285714285","0.14285714285714285","0.14285714285714285","0.14285714285714285","0.14285714285714285","0.14285714285714285","0.14285714285714285","0.14285714285714285","0.14285714285714285","0.14285714285714285","0.14285714285714285","0.14285714285714285","0.14285714285714285","0.14285714285714285","0.14285714285714285","0.14285714285714285","0.14285714285714285","0.14285714285714285","0.14285714285714285","0.14285714285714285","0.14285714285714285","0.14285714285714285","0.14285714285714285","0.14285714285714285","0.14285714285714285","0.14285714285714285","0.14285714285714285","0.14285714285714285","0.14285714285714285","0.14285714285714285","0.14285714285714285","0.14285714285714285","0.14285714285714285","0.14285714285714285","0.14285714285714285","0.14285714285714285","0.14285714285714285","0.14285714285714285","0.14285714285714285","0.14285714285714285","0.14285714285714285","0.14285714285714285","0.14285714285714285","0.14285714285714285","0.14285714285714285","0.14285714285714285","0.14285714285714285","0.14285714285714285","0.14285714285714285","0.14285714285714285","0.14285714285714285","0.14285714285714285","0.14285714285714285","0.14285714285714285","0.14285714285714285","0.14285714285714285","0.14285714285714285","0.14285714285714285","0.14285714285714285","0.14285714285714285","0.14285714285714285","0.14285714285714285","0.14285714285714285","0.14285714285714285","0.14285714285714285","0.14285714285714285","0.14285714285714285","0.14285714285714285","0.14285714285714285","0.14285714285714285","0.14285714285714285","0.14285714285714285","0.14285714285714285","0.14285714285714285","0.14285714285714285","0.14285714285714285","0.14285714285714285","0.14285714285714285","0.14285714285714285","0.14285714285714285","0.14285714285714285","0.14285714285714285","0.14285714285714285","0.14285714285714285","0.14285714285714285","0.14285714285714285","0.14285714285714285","0.14285714285714285","0.14285714285714285","0.14285714285714285","0.14285714285714285","0.14285714285714285","0.14285714285714285","0.14285714285714285","0.14285714285714285","0.14285714285714285","0.14285714285714285","0.14285714285714285","0.14285714285714285","0.14285714285714285","0.14285714285714285","0.14285714285714285","0.14285714285714285","0.14285714285714285","0.14285714285714285","0.14285714285714285","0.14285714285714285","0.14285714285714285","0.14285714285714285","0.14285714285714285","0.14285714285714285","0.14285714285714285","0.14285714285714285","0.14285714285714285","0.14285714285714285","0.14285714285714285","0.14285714285714285","0.14285714285714285","0.14285714285714285","0.14285714285714285","0.14285714285714285","0.14285714285714285","0.14285714285714285","0.14285714285714285","0.14285714285714285","0.14285714285714285","0.14285714285714285","0.14285714285714285","0.14285714285714285","0.14285714285714285","0.14285714285714285","0.14285714285714285","0.14285714285714285","0.14285714285714285","0.14285714285714285","0.14285714285714285","0.14285714285714285","0.14285714285714285","0.14285714285714285","0.14285714285714285","0.14285714285714285","0.14285714285714285","0.14285714285714285","0.14285714285714285","0.14285714285714285","0.14285714285714285","0.14285714285714285","0.14285714285714285","0.14285714285714285","0.14285714285714285","0.14285714285714285","0.14285714285714285","0.14285714285714285","0.14285714285714285","0.14285714285714285","0.14285714285714285","0.14285714285714285","0.14285714285714285","0.14285714285714285","0.14285714285714285","0.14285714285714285","0.14285714285714285","0.14285714285714285","0.14285714285714285","0.14285714285714285","0.14285714285714285","0.14285714285714285","0.14285714285714285","0.14285714285714285","0.14285714285714285","0.14285714285714285","0.14285714285714285","0.14285714285714285","0.14285714285714285","0.14285714285714285","0.14285714285714285","0.14285714285714285","0.14285714285714285","0.14285714285714285","0.14285714285714285","0.14285714285714285","0.14285714285714285","0.14285714285714285","0.14285714285714285","0.14285714285714285","0.14285714285714285","0.14285714285714285","0.14285714285714285","0.14285714285714285","0.14285714285714285","0.14285714285714285","0.14285714285714285","0.14285714285714285","0.14285714285714285","0.14285714285714285","0.14285714285714285","0.14285714285714285","0.14285714285714285","0.14285714285714285","0.14285714285714285","0.14285714285714285","0.14285714285714285","0.14285714285714285","0.14285714285714285","0.14285714285714285","0.14285714285714285","0.14285714285714285","0.14285714285714285","0.14285714285714285","0.14285714285714285","0.14285714285714285","0.14285714285714285","0.14285714285714285","0.14285714285714285","0.14285714285714285","0.14285714285714285","0.14285714285714285","0.14285714285714285","0.14285714285714285","0.14285714285714285","0.14285714285714285","0.14285714285714285","0.14285714285714285","0.14285714285714285","0.14285714285714285","0.14285714285714285","0.14285714285714285","0.14285714285714285","0.14285714285714285","0.14285714285714285","0.14285714285714285","0.14285714285714285","0.14285714285714285","0.14285714285714285","0.14285714285714285","0.14285714285714285","0.14285714285714285","0.14285714285714285","0.14285714285714285","0.14285714285714285","0.14285714285714285","0.14285714285714285","0.14285714285714285","0.14285714285714285","0.14285714285714285","0.14285714285714285","0.14285714285714285","0.14285714285714285","0.14285714285714285","0.14285714285714285","0.14285714285714285","0.14285714285714285","0.14285714285714285","0.14285714285714285","0.14285714285714285","0.14285714285714285","0.14285714285714285","0.14285714285714285","0.14285714285714285","0.14285714285714285","0.14285714285714285","0.14285714285714285","0.14285714285714285","0.14285714285714285","0.14285714285714285","0.14285714285714285","0.14285714285714285","0.14285714285714285","0.14285714285714285","0.14285714285714285","0.14285714285714285","0.14285714285714285","0.14285714285714285","0.14285714285714285","0.14285714285714285","0.14285714285714285","0.14285714285714285","0.14285714285714285","0.14285714285714285","0.14285714285714285","0.14285714285714285","0.14285714285714285","0.14285714285714285","0.14285714285714285","0.14285714285714285","0.14285714285714285","0.14285714285714285","0.14285714285714285","0.14285714285714285","0.14285714285714285","0.14285714285714285","0.14285714285714285","0.14285714285714285","0.14285714285714285","0.14285714285714285","0.14285714285714285","0.14285714285714285","0.14285714285714285","0.14285714285714285","0.14285714285714285","0.14285714285714285","0.14285714285714285","0.14285714285714285","0.14285714285714285","0.14285714285714285","0.14285714285714285","0.14285714285714285","0.14285714285714285","0.14285714285714285","0.14285714285714285","0.14285714285714285","0.14285714285714285","0.14285714285714285","0.14285714285714285","0.14285714285714285","0.14285714285714285","0.14285714285714285","0.14285714285714285","0.14285714285714285","0.14285714285714285","0.14285714285714285","0.14285714285714285","0.14285714285714285","0.14285714285714285","0.14285714285714285","0.14285714285714285","0.14285714285714285","0.14285714285714285","0.14285714285714285","0.14285714285714285","0.14285714285714285","0.14285714285714285","0.14285714285714285","0.14285714285714285","0.14285714285714285","0.14285714285714285","0.14285714285714285","0.14285714285714285","0.14285714285714285","0.14285714285714285","0.14285714285714285","0.14285714285714285","0.14285714285714285","0.14285714285714285","0.14285714285714285","0.14285714285714285","0.14285714285714285","0.14285714285714285","0.14285714285714285","0.14285714285714285","0.14285714285714285","0.14285714285714285","0.14285714285714285","0.14285714285714285","0.14285714285714285","0.14285714285714285","0.14285714285714285","0.14285714285714285","0.14285714285714285","0.14285714285714285","0.14285714285714285","0.14285714285714285","0.14285714285714285","0.14285714285714285","0.14285714285714285","0.14285714285714285","0.14285714285714285","0.14285714285714285","0.14285714285714285","0.14285714285714285","0.14285714285714285","0.14285714285714285","0.14285714285714285","0.14285714285714285","0.14285714285714285","0.14285714285714285","0.14285714285714285","0.14285714285714285","0.14285714285714285","0.14285714285714285","0.14285714285714285","0.14285714285714285","0.14285714285714285","0.14285714285714285","0.14285714285714285","0.14285714285714285","0.14285714285714285","0.14285714285714285","0.14285714285714285","0.14285714285714285","0.14285714285714285","0.14285714285714285","0.14285714285714285","0.14285714285714285","0.14285714285714285","0.14285714285714285","0.14285714285714285","0.14285714285714285","0.14285714285714285","0.14285714285714285","0.14285714285714285","0.14285714285714285","0.14285714285714285","0.14285714285714285","0.14285714285714285","0.14285714285714285","0.14285714285714285","0.14285714285714285","0.14285714285714285","0.14285714285714285","0.14285714285714285","0.14285714285714285","0.14285714285714285","0.14285714285714285","0.14285714285714285","0.14285714285714285","0.14285714285714285","0.14285714285714285","0.14285714285714285","0.14285714285714285","0.14285714285714285","0.14285714285714285","0.14285714285714285","0.14285714285714285","0.14285714285714285","0.14285714285714285","0.14285714285714285","0.14285714285714285","0.14285714285714285","0.14285714285714285","0.14285714285714285","0.14285714285714285","0.14285714285714285","0.14285714285714285","0.14285714285714285","0.14285714285714285","351","7915"
"WSPy-NoTypes","mimesis.providers.base","1590999318276030077","1228","600163861660","0.45","10","171","8","160","0.45","0.45","0.45","0.45","0.45","0.45","0.45","0.45","0.45","0.45","0.45","0.45","0.45","0.45","0.45","0.45","0.45","0.45","0.45","0.45","0.45","0.45","0.45","0.45","0.45","0.45","0.45","0.45","0.45","0.45","0.45","0.45","0.45","0.45","0.45","0.45","0.45","0.45","0.45","0.45","0.45","0.45","0.45","0.45","0.45","0.45","0.45","0.45","0.45","0.45","0.45","0.45","0.45","0.45","0.45","0.45","0.45","0.45","0.45","0.45","0.45","0.45","0.45","0.45","0.45","0.45","0.45","0.45","0.45","0.45","0.45","0.45","0.45","0.45","0.45","0.45","0.45","0.45","0.45","0.45","0.45","0.45","0.45","0.45","0.45","0.45","0.45","0.45","0.45","0.45","0.45","0.45","0.45","0.45","0.45","0.45","0.45","0.45","0.45","0.45","0.45","0.45","0.45","0.45","0.45","0.45","0.45","0.45","0.45","0.45","0.45","0.45","0.45","0.45","0.45","0.45","0.45","0.45","0.45","0.45","0.45","0.45","0.45","0.45","0.45","0.45","0.45","0.45","0.45","0.45","0.45","0.45","0.45","0.45","0.45","0.45","0.45","0.45","0.45","0.45","0.45","0.45","0.45","0.45","0.45","0.45","0.45","0.45","0.45","0.45","0.45","0.45","0.45","0.45","0.45","0.45","0.45","0.45","0.45","0.45","0.45","0.45","0.45","0.45","0.45","0.45","0.45","0.45","0.45","0.45","0.45","0.45","0.45","0.45","0.45","0.45","0.45","0.45","0.45","0.45","0.45","0.45","0.45","0.45","0.45","0.45","0.45","0.45","0.45","0.45","0.45","0.45","0.45","0.45","0.45","0.45","0.45","0.45","0.45","0.45","0.45","0.45","0.45","0.45","0.45","0.45","0.45","0.45","0.45","0.45","0.45","0.45","0.45","0.45","0.45","0.45","0.45","0.45","0.45","0.45","0.45","0.45","0.45","0.45","0.45","0.45","0.45","0.45","0.45","0.45","0.45","0.45","0.45","0.45","0.45","0.45","0.45","0.45","0.45","0.45","0.45","0.45","0.45","0.45","0.45","0.45","0.45","0.45","0.45","0.45","0.45","0.45","0.45","0.45","0.45","0.45","0.45","0.45","0.45","0.45","0.45","0.45","0.45","0.45","0.45","0.45","0.45","0.45","0.45","0.45","0.45","0.45","0.45","0.45","0.45","0.45","0.45","0.45","0.45","0.45","0.45","0.45","0.45","0.45","0.45","0.45","0.45","0.45","0.45","0.45","0.45","0.45","0.45","0.45","0.45","0.45","0.45","0.45","0.45","0.45","0.45","0.45","0.45","0.45","0.45","0.45","0.45","0.45","0.45","0.45","0.45","0.45","0.45","0.45","0.45","0.45","0.45","0.45","0.45","0.45","0.45","0.45","0.45","0.45","0.45","0.45","0.45","0.45","0.45","0.45","0.45","0.45","0.45","0.45","0.45","0.45","0.45","0.45","0.45","0.45","0.45","0.45","0.45","0.45","0.45","0.45","0.45","0.45","0.45","0.45","0.45","0.45","0.45","0.45","0.45","0.45","0.45","0.45","0.45","0.45","0.45","0.45","0.45","0.45","0.45","0.45","0.45","0.45","0.45","0.45","0.45","0.45","0.45","0.45","0.45","0.45","0.45","0.45","0.45","0.45","0.45","0.45","0.45","0.45","0.45","0.45","0.45","0.45","0.45","0.45","0.45","0.45","0.45","0.45","0.45","0.45","0.45","0.45","0.45","0.45","0.45","0.45","0.45","0.45","0.45","0.45","0.45","0.45","0.45","0.45","0.45","0.45","0.45","0.45","0.45","0.45","0.45","0.45","0.45","0.45","0.45","0.45","0.45","0.45","0.45","0.45","0.45","0.45","0.45","0.45","0.45","0.45","0.45","0.45","0.45","0.45","0.45","0.45","0.45","0.45","0.45","0.45","0.45","0.45","0.45","0.45","0.45","0.45","0.45","0.45","0.45","0.45","0.45","0.45","0.45","0.45","0.45","0.45","0.45","0.45","0.45","0.45","0.45","0.45","0.45","0.45","0.45","0.45","0.45","0.45","0.45","0.45","0.45","0.45","0.45","0.45","0.45","0.45","0.45","0.45","0.45","0.45","0.45","0.45","0.45","0.45","0.45","0.45","0.45","0.45","0.45","0.45","0.45","0.45","0.45","0.45","0.45","0.45","0.45","0.45","0.45","0.45","0.45","0.45","0.45","0.45","0.45","0.45","0.45","0.45","0.45","0.45","0.45","0.45","0.45","0.45","0.45","0.45","0.45","0.45","0.45","0.45","0.45","0.45","0.45","0.45","0.45","0.45","0.45","0.45","0.45","0.45","0.45","0.45","0.45","0.45","0.45","0.45","0.45","0.45","0.45","0.45","0.45","0.45","0.45","0.45","0.45","0.45","0.45","0.45","0.45","0.45","0.45","0.45","0.45","0.45","0.45","0.45","0.45","0.45","0.45","0.45","0.45","0.45","0.45","0.45","0.45","0.45","0.45","0.45","0.45","0.45","0.45","0.45","0.45","0.45","0.45","0.45","0.45","0.45","0.45","0.45","0.45","0.45","0.45","0.45","0.45","0.45","0.45","0.45","0.45","0.45","0.45","0.45","0.45","0.45","0.45","0.45","0.45","0.45","2","11"
"RandooPy-NoTypes","mimesis.providers.food","1590999103592385376","8","80100873","1.0","6","34","0","0","1.0","1.0","1.0","1.0","1.0","1.0","1.0","1.0","1.0","1.0","1.0","1.0","1.0","1.0","1.0","1.0","1.0","1.0","1.0","1.0","1.0","1.0","1.0","1.0","1.0","1.0","1.0","1.0","1.0","1.0","1.0","1.0","1.0","1.0","1.0","1.0","1.0","1.0","1.0","1.0","1.0","1.0","1.0","1.0","1.0","1.0","1.0","1.0","1.0","1.0","1.0","1.0","1.0","1.0","1.0","1.0","1.0","1.0","1.0","1.0","1.0","1.0","1.0","1.0","1.0","1.0","1.0","1.0","1.0","1.0","1.0","1.0","1.0","1.0","1.0","1.0","1.0","1.0","1.0","1.0","1.0","1.0","1.0","1.0","1.0","1.0","1.0","1.0","1.0","1.0","1.0","1.0","1.0","1.0","1.0","1.0","1.0","1.0","1.0","1.0","1.0","1.0","1.0","1.0","1.0","1.0","1.0","1.0","1.0","1.0","1.0","1.0","1.0","1.0","1.0","1.0","1.0","1.0","1.0","1.0","1.0","1.0","1.0","1.0","1.0","1.0","1.0","1.0","1.0","1.0","1.0","1.0","1.0","1.0","1.0","1.0","1.0","1.0","1.0","1.0","1.0","1.0","1.0","1.0","1.0","1.0","1.0","1.0","1.0","1.0","1.0","1.0","1.0","1.0","1.0","1.0","1.0","1.0","1.0","1.0","1.0","1.0","1.0","1.0","1.0","1.0","1.0","1.0","1.0","1.0","1.0","1.0","1.0","1.0","1.0","1.0","1.0","1.0","1.0","1.0","1.0","1.0","1.0","1.0","1.0","1.0","1.0","1.0","1.0","1.0","1.0","1.0","1.0","1.0","1.0","1.0","1.0","1.0","1.0","1.0","1.0","1.0","1.0","1.0","1.0","1.0","1.0","1.0","1.0","1.0","1.0","1.0","1.0","1.0","1.0","1.0","1.0","1.0","1.0","1.0","1.0","1.0","1.0","1.0","1.0","1.0","1.0","1.0","1.0","1.0","1.0","1.0","1.0","1.0","1.0","1.0","1.0","1.0","1.0","1.0","1.0","1.0","1.0","1.0","1.0","1.0","1.0","1.0","1.0","1.0","1.0","1.0","1.0","1.0","1.0","1.0","1.0","1.0","1.0","1.0","1.0","1.0","1.0","1.0","1.0","1.0","1.0","1.0","1.0","1.0","1.0","1.0","1.0","1.0","1.0","1.0","1.0","1.0","1.0","1.0","1.0","1.0","1.0","1.0","1.0","1.0","1.0","1.0","1.0","1.0","1.0","1.0","1.0","1.0","1.0","1.0","1.0","1.0","1.0","1.0","1.0","1.0","1.0","1.0","1.0","1.0","1.0","1.0","1.0","1.0","1.0","1.0","1.0","1.0","1.0","1.0","1.0","1.0","1.0","1.0","1.0","1.0","1.0","1.0","1.0","1.0","1.0","1.0","1.0","1.0","1.0","1.0","1.0","1.0","1.0","1.0","1.0","1.0","1.0","1.0","1.0","1.0","1.0","1.0","1.0","1.0","1.0","1.0","1.0","1.0","1.0","1.0","1.0","1.0","1.0","1.0","1.0","1.0","1.0","1.0","1.0","1.0","1.0","1.0","1.0","1.0","1.0","1.0","1.0","1.0","1.0","1.0","1.0","1.0","1.0","1.0","1.0","1.0","1.0","1.0","1.0","1.0","1.0","1.0","1.0","1.0","1.0","1.0","1.0","1.0","1.0","1.0","1.0","1.0","1.0","1.0","1.0","1.0","1.0","1.0","1.0","1.0","1.0","1.0","1.0","1.0","1.0","1.0","1.0","1.0","1.0","1.0","1.0","1.0","1.0","1.0","1.0","1.0","1.0","1.0","1.0","1.0","1.0","1.0","1.0","1.0","1.0","1.0","1.0","1.0","1.0","1.0","1.0","1.0","1.0","1.0","1.0","1.0","1.0","1.0","1.0","1.0","1.0","1.0","1.0","1.0","1.0","1.0","1.0","1.0","1.0","1.0","1.0","1.0","1.0","1.0","1.0","1.0","1.0","1.0","1.0","1.0","1.0","1.0","1.0","1.0","1.0","1.0","1.0","1.0","1.0","1.0","1.0","1.0","1.0","1.0","1.0","1.0","1.0","1.0","1.0","1.0","1.0","1.0","1.0","1.0","1.0","1.0","1.0","1.0","1.0","1.0","1.0","1.0","1.0","1.0","1.0","1.0","1.0","1.0","1.0","1.0","1.0","1.0","1.0","1.0","1.0","1.0","1.0","1.0","1.0","1.0","1.0","1.0","1.0","1.0","1.0","1.0","1.0","1.0","1.0","1.0","1.0","1.0","1.0","1.0","1.0","1.0","1.0","1.0","1.0","1.0","1.0","1.0","1.0","1.0","1.0","1.0","1.0","1.0","1.0","1.0","1.0","1.0","1.0","1.0","1.0","1.0","1.0","1.0","1.0","1.0","1.0","1.0","1.0","1.0","1.0","1.0","1.0","1.0","1.0","1.0","1.0","1.0","1.0","1.0","1.0","1.0","1.0","1.0","1.0","1.0","1.0","1.0","1.0","1.0","1.0","1.0","1.0","1.0","1.0","1.0","1.0","1.0","1.0","1.0","1.0","1.0","1.0","1.0","1.0","1.0","1.0","1.0","1.0","1.0","1.0","1.0","1.0","1.0","6","34"
"WSPy-NoTypes","mimesis.providers.numbers","1590999310462058006","68","43114867494","1.0","10","232","10","232","0.6086956521739131","0.6292893356673961","0.7391304347826086","0.782608695652174","0.782608695652174","0.782608695652174","0.782608695652174","0.782608695652174","0.8163768458141585","0.8260869565217391","0.8260869565217391","0.8260869565217391","0.8260869565217391","0.8260869565217391","0.8260869565217391","0.8260869565217391","0.8260869565217391","0.8260869565217391","0.8260869565217391","0.8260869565217391","0.8260869565217391","0.8260869565217391","0.8260869565217391","0.8260869565217391","0.8560954791713438","0.8695652173913043","0.8695652173913043","0.8695652173913043","0.8695652173913043","0.8695652173913043","0.8695652173913043","0.8695652173913043","0.8695652173913043","0.8695652173913043","0.8695652173913043","0.9565217391304348","0.9565217391304348","0.9565217391304348","0.9565217391304348","0.9565217391304348","0.9565217391304348","0.9565217391304348","0.9943520932420283","1.0","1.0","1.0","1.0","1.0","1.0","1.0","1.0","1.0","1.0","1.0","1.0","1.0","1.0","1.0","1.0","1.0","1.0","1.0","1.0","1.0","1.0","1.0","1.0","1.0","1.0","1.0","1.0","1.0","1.0","1.0","1.0","1.0","1.0","1.0","1.0","1.0","1.0","1.0","1.0","1.0","1.0","1.0","1.0","1.0","1.0","1.0","1.0","1.0","1.0","1.0","1.0","1.0","1.0","1.0","1.0","1.0","1.0","1.0","1.0","1.0","1.0","1.0","1.0","1.0","1.0","1.0","1.0","1.0","1.0","1.0","1.0","1.0","1.0","1.0","1.0","1.0","1.0","1.0","1.0","1.0","1.0","1.0","1.0","1.0","1.0","1.0","1.0","1.0","1.0","1.0","1.0","1.0","1.0","1.0","1.0","1.0","1.0","1.0","1.0","1.0","1.0","1.0","1.0","1.0","1.0","1.0","1.0","1.0","1.0","1.0","1.0","1.0","1.0","1.0","1.0","1.0","1.0","1.0","1.0","1.0","1.0","1.0","1.0","1.0","1.0","1.0","1.0","1.0","1.0","1.0","1.0","1.0","1.0","1.0","1.0","1.0","1.0","1.0","1.0","1.0","1.0","1.0","1.0","1.0","1.0","1.0","1.0","1.0","1.0","1.0","1.0","1.0","1.0","1.0","1.0","1.0","1.0","1.0","1.0","1.0","1.0","1.0","1.0","1.0","1.0","1.0","1.0","1.0","1.0","1.0","1.0","1.0","1.0","1.0","1.0","1.0","1.0","1.0","1.0","1.0","1.0","1.0","1.0","1.0","1.0","1.0","1.0","1.0","1.0","1.0","1.0","1.0","1.0","1.0","1.0","1.0","1.0","1.0","1.0","1.0","1.0","1.0","1.0","1.0","1.0","1.0","1.0","1.0","1.0","1.0","1.0","1.0","1.0","1.0","1.0","1.0","1.0","1.0","1.0","1.0","1.0","1.0","1.0","1.0","1.0","1.0","1.0","1.0","1.0","1.0","1.0","1.0","1.0","1.0","1.0","1.0","1.0","1.0","1.0","1.0","1.0","1.0","1.0","1.0","1.0","1.0","1.0","1.0","1.0","1.0","1.0","1.0","1.0","1.0","1.0","1.0","1.0","1.0","1.0","1.0","1.0","1.0","1.0","1.0","1.0","1.0","1.0","1.0","1.0","1.0","1.0","1.0","1.0","1.0","1.0","1.0","1.0","1.0","1.0","1.0","1.0","1.0","1.0","1.0","1.0","1.0","1.0","1.0","1.0","1.0","1.0","1.0","1.0","1.0","1.0","1.0","1.0","1.0","1.0","1.0","1.0","1.0","1.0","1.0","1.0","1.0","1.0","1.0","1.0","1.0","1.0","1.0","1.0","1.0","1.0","1.0","1.0","1.0","1.0","1.0","1.0","1.0","1.0","1.0","1.0","1.0","1.0","1.0","1.0","1.0","1.0","1.0","1.0","1.0","1.0","1.0","1.0","1.0","1.0","1.0","1.0","1.0","1.0","1.0","1.0","1.0","1.0","1.0","1.0","1.0","1.0","1.0","1.0","1.0","1.0","1.0","1.0","1.0","1.0","1.0","1.0","1.0","1.0","1.0","1.0","1.0","1.0","1.0","1.0","1.0","1.0","1.0","1.0","1.0","1.0","1.0","1.0","1.0","1.0","1.0","1.0","1.0","1.0","1.0","1.0","1.0","1.0","1.0","1.0","1.0","1.0","1.0","1.0","1.0","1.0","1.0","1.0","1.0","1.0","1.0","1.0","1.0","1.0","1.0","1.0","1.0","1.0","1.0","1.0","1.0","1.0","1.0","1.0","1.0","1.0","1.0","1.0","1.0","1.0","1.0","1.0","1.0","1.0","1.0","1.0","1.0","1.0","1.0","1.0","1.0","1.0","1.0","1.0","1.0","1.0","1.0","1.0","1.0","1.0","1.0","1.0","1.0","1.0","1.0","1.0","1.0","1.0","1.0","1.0","1.0","1.0","1.0","1.0","1.0","1.0","1.0","1.0","1.0","1.0","1.0","1.0","1.0","1.0","1.0","1.0","1.0","1.0","1.0","1.0","1.0","1.0","1.0","1.0","1.0","1.0","1.0","1.0","1.0","1.0","1.0","1.0","1.0","1.0","1.0","1.0","1.0","1.0","1.0","1.0","1.0","1.0","1.0","1.0","1.0","1.0","1.0","1.0","1.0","1.0","1.0","1.0","1.0","1.0","1.0","1.0","1.0","1.0","1.0","1.0","1.0","1.0","1.0","1.0","1.0","1.0","1.0","1.0","1.0","1.0","1.0","1.0","1.0","1.0","1.0","1.0","1.0","1.0","1.0","1.0","1.0","1.0","1.0","1.0","1.0","1.0","1.0","1.0","1.0","1.0","1.0","1.0","1.0","1.0","1.0","1.0","1.0","1.0","1.0","1.0","1.0","1.0","1.0","1.0","1.0","1.0","1.0","0","0"
"WSPy-TypeHintsInference","mimesis.builtins.de","1590998535017571856","0","5046044637","1.0","3","81","1","33","1.0","1.0","1.0","1.0","1.0","1.0","1.0","1.0","1.0","1.0","1.0","1.0","1.0","1.0","1.0","1.0","1.0","1.0","1.0","1.0","1.0","1.0","1.0","1.0","1.0","1.0","1.0","1.0","1.0","1.0","1.0","1.0","1.0","1.0","1.0","1.0","1.0","1.0","1.0","1.0","1.0","1.0","1.0","1.0","1.0","1.0","1.0","1.0","1.0","1.0","1.0","1.0","1.0","1.0","1.0","1.0","1.0","1.0","1.0","1.0","1.0","1.0","1.0","1.0","1.0","1.0","1.0","1.0","1.0","1.0","1.0","1.0","1.0","1.0","1.0","1.0","1.0","1.0","1.0","1.0","1.0","1.0","1.0","1.0","1.0","1.0","1.0","1.0","1.0","1.0","1.0","1.0","1.0","1.0","1.0","1.0","1.0","1.0","1.0","1.0","1.0","1.0","1.0","1.0","1.0","1.0","1.0","1.0","1.0","1.0","1.0","1.0","1.0","1.0","1.0","1.0","1.0","1.0","1.0","1.0","1.0","1.0","1.0","1.0","1.0","1.0","1.0","1.0","1.0","1.0","1.0","1.0","1.0","1.0","1.0","1.0","1.0","1.0","1.0","1.0","1.0","1.0","1.0","1.0","1.0","1.0","1.0","1.0","1.0","1.0","1.0","1.0","1.0","1.0","1.0","1.0","1.0","1.0","1.0","1.0","1.0","1.0","1.0","1.0","1.0","1.0","1.0","1.0","1.0","1.0","1.0","1.0","1.0","1.0","1.0","1.0","1.0","1.0","1.0","1.0","1.0","1.0","1.0","1.0","1.0","1.0","1.0","1.0","1.0","1.0","1.0","1.0","1.0","1.0","1.0","1.0","1.0","1.0","1.0","1.0","1.0","1.0","1.0","1.0","1.0","1.0","1.0","1.0","1.0","1.0","1.0","1.0","1.0","1.0","1.0","1.0","1.0","1.0","1.0","1.0","1.0","1.0","1.0","1.0","1.0","1.0","1.0","1.0","1.0","1.0","1.0","1.0","1.0","1.0","1.0","1.0","1.0","1.0","1.0","1.0","1.0","1.0","1.0","1.0","1.0","1.0","1.0","1.0","1.0","1.0","1.0","1.0","1.0","1.0","1.0","1.0","1.0","1.0","1.0","1.0","1.0","1.0","1.0","1.0","1.0","1.0","1.0","1.0","1.0","1.0","1.0","1.0","1.0","1.0","1.0","1.0","1.0","1.0","1.0","1.0","1.0","1.0","1.0","1.0","1.0","1.0","1.0","1.0","1.0","1.0","1.0","1.0","1.0","1.0","1.0","1.0","1.0","1.0","1.0","1.0","1.0","1.0","1.0","1.0","1.0","1.0","1.0","1.0","1.0","1.0","1.0","1.0","1.0","1.0","1.0","1.0","1.0","1.0","1.0","1.0","1.0","1.0","1.0","1.0","1.0","1.0","1.0","1.0","1.0","1.0","1.0","1.0","1.0","1.0","1.0","1.0","1.0","1.0","1.0","1.0","1.0","1.0","1.0","1.0","1.0","1.0","1.0","1.0","1.0","1.0","1.0","1.0","1.0","1.0","1.0","1.0","1.0","1.0","1.0","1.0","1.0","1.0","1.0","1.0","1.0","1.0","1.0","1.0","1.0","1.0","1.0","1.0","1.0","1.0","1.0","1.0","1.0","1.0","1.0","1.0","1.0","1.0","1.0","1.0","1.0","1.0","1.0","1.0","1.0","1.0","1.0","1.0","1.0","1.0","1.0","1.0","1.0","1.0","1.0","1.0","1.0","1.0","1.0","1.0","1.0","1.0","1.0","1.0","1.0","1.0","1.0","1.0","1.0","1.0","1.0","1.0","1.0","1.0","1.0","1.0","1.0","1.0","1.0","1.0","1.0","1.0","1.0","1.0","1.0","1.0","1.0","1.0","1.0","1.0","1.0","1.0","1.0","1.0","1.0","1.0","1.0","1.0","1.0","1.0","1.0","1.0","1.0","1.0","1.0","1.0","1.0","1.0","1.0","1.0","1.0","1.0","1.0","1.0","1.0","1.0","1.0","1.0","1.0","1.0","1.0","1.0","1.0","1.0","1.0","1.0","1.0","1.0","1.0","1.0","1.0","1.0","1.0","1.0","1.0","1.0","1.0","1.0","1.0","1.0","1.0","1.0","1.0","1.0","1.0","1.0","1.0","1.0","1.0","1.0","1.0","1.0","1.0","1.0","1.0","1.0","1.0","1.0","1.0","1.0","1.0","1.0","1.0","1.0","1.0","1.0","1.0","1.0","1.0","1.0","1.0","1.0","1.0","1.0","1.0","1.0","1.0","1.0","1.0","1.0","1.0","1.0","1.0","1.0","1.0","1.0","1.0","1.0","1.0","1.0","1.0","1.0","1.0","1.0","1.0","1.0","1.0","1.0","1.0","1.0","1.0","1.0","1.0","1.0","1.0","1.0","1.0","1.0","1.0","1.0","1.0","1.0","1.0","1.0","1.0","1.0","1.0","1.0","1.0","1.0","1.0","1.0","1.0","1.0","1.0","1.0","1.0","1.0","1.0","1.0","1.0","1.0","1.0","1.0","1.0","1.0","1.0","1.0","1.0","1.0","1.0","1.0","1.0","1.0","1.0","1.0","1.0","1.0","1.0","1.0","1.0","1.0","1.0","1.0","1.0","1.0","2","48"
"RandooPy-NoTypes","mimesis.providers.base","1590999115447763764","437","607088608053","0.45","435","11375","130","2828","0.425","0.45","0.45","0.45","0.45","0.45","0.45","0.45","0.45","0.45","0.45","0.45","0.45","0.45","0.45","0.45","0.45","0.45","0.45","0.45","0.45","0.45","0.45","0.45","0.45","0.45","0.45","0.45","0.45","0.45","0.45","0.45","0.45","0.45","0.45","0.45","0.45","0.45","0.45","0.45","0.45","0.45","0.45","0.45","0.45","0.45","0.45","0.45","0.45","0.45","0.45","0.45","0.45","0.45","0.45","0.45","0.45","0.45","0.45","0.45","0.45","0.45","0.45","0.45","0.45","0.45","0.45","0.45","0.45","0.45","0.45","0.45","0.45","0.45","0.45","0.45","0.45","0.45","0.45","0.45","0.45","0.45","0.45","0.45","0.45","0.45","0.45","0.45","0.45","0.45","0.45","0.45","0.45","0.45","0.45","0.45","0.45","0.45","0.45","0.45","0.45","0.45","0.45","0.45","0.45","0.45","0.45","0.45","0.45","0.45","0.45","0.45","0.45","0.45","0.45","0.45","0.45","0.45","0.45","0.45","0.45","0.45","0.45","0.45","0.45","0.45","0.45","0.45","0.45","0.45","0.45","0.45","0.45","0.45","0.45","0.45","0.45","0.45","0.45","0.45","0.45","0.45","0.45","0.45","0.45","0.45","0.45","0.45","0.45","0.45","0.45","0.45","0.45","0.45","0.45","0.45","0.45","0.45","0.45","0.45","0.45","0.45","0.45","0.45","0.45","0.45","0.45","0.45","0.45","0.45","0.45","0.45","0.45","0.45","0.45","0.45","0.45","0.45","0.45","0.45","0.45","0.45","0.45","0.45","0.45","0.45","0.45","0.45","0.45","0.45","0.45","0.45","0.45","0.45","0.45","0.45","0.45","0.45","0.45","0.45","0.45","0.45","0.45","0.45","0.45","0.45","0.45","0.45","0.45","0.45","0.45","0.45","0.45","0.45","0.45","0.45","0.45","0.45","0.45","0.45","0.45","0.45","0.45","0.45","0.45","0.45","0.45","0.45","0.45","0.45","0.45","0.45","0.45","0.45","0.45","0.45","0.45","0.45","0.45","0.45","0.45","0.45","0.45","0.45","0.45","0.45","0.45","0.45","0.45","0.45","0.45","0.45","0.45","0.45","0.45","0.45","0.45","0.45","0.45","0.45","0.45","0.45","0.45","0.45","0.45","0.45","0.45","0.45","0.45","0.45","0.45","0.45","0.45","0.45","0.45","0.45","0.45","0.45","0.45","0.45","0.45","0.45","0.45","0.45","0.45","0.45","0.45","0.45","0.45","0.45","0.45","0.45","0.45","0.45","0.45","0.45","0.45","0.45","0.45","0.45","0.45","0.45","0.45","0.45","0.45","0.45","0.45","0.45","0.45","0.45","0.45","0.45","0.45","0.45","0.45","0.45","0.45","0.45","0.45","0.45","0.45","0.45","0.45","0.45","0.45","0.45","0.45","0.45","0.45","0.45","0.45","0.45","0.45","0.45","0.45","0.45","0.45","0.45","0.45","0.45","0.45","0.45","0.45","0.45","0.45","0.45","0.45","0.45","0.45","0.45","0.45","0.45","0.45","0.45","0.45","0.45","0.45","0.45","0.45","0.45","0.45","0.45","0.45","0.45","0.45","0.45","0.45","0.45","0.45","0.45","0.45","0.45","0.45","0.45","0.45","0.45","0.45","0.45","0.45","0.45","0.45","0.45","0.45","0.45","0.45","0.45","0.45","0.45","0.45","0.45","0.45","0.45","0.45","0.45","0.45","0.45","0.45","0.45","0.45","0.45","0.45","0.45","0.45","0.45","0.45","0.45","0.45","0.45","0.45","0.45","0.45","0.45","0.45","0.45","0.45","0.45","0.45","0.45","0.45","0.45","0.45","0.45","0.45","0.45","0.45","0.45","0.45","0.45","0.45","0.45","0.45","0.45","0.45","0.45","0.45","0.45","0.45","0.45","0.45","0.45","0.45","0.45","0.45","0.45","0.45","0.45","0.45","0.45","0.45","0.45","0.45","0.45","0.45","0.45","0.45","0.45","0.45","0.45","0.45","0.45","0.45","0.45","0.45","0.45","0.45","0.45","0.45","0.45","0.45","0.45","0.45","0.45","0.45","0.45","0.45","0.45","0.45","0.45","0.45","0.45","0.45","0.45","0.45","0.45","0.45","0.45","0.45","0.45","0.45","0.45","0.45","0.45","0.45","0.45","0.45","0.45","0.45","0.45","0.45","0.45","0.45","0.45","0.45","0.45","0.45","0.45","0.45","0.45","0.45","0.45","0.45","0.45","0.45","0.45","0.45","0.45","0.45","0.45","0.45","0.45","0.45","0.45","0.45","0.45","0.45","0.45","0.45","0.45","0.45","0.45","0.45","0.45","0.45","0.45","0.45","0.45","0.45","0.45","0.45","0.45","0.45","0.45","0.45","0.45","0.45","0.45","0.45","0.45","0.45","0.45","0.45","0.45","0.45","0.45","0.45","0.45","0.45","0.45","0.45","0.45","0.45","0.45","0.45","0.45","0.45","0.45","0.45","0.45","0.45","0.45","0.45","0.45","0.45","0.45","0.45","0.45","0.45","0.45","0.45","0.45","0.45","0.45","0.45","0.45","0.45","0.45","0.45","0.45","0.45","0.45","0.45","0.45","0.45","0.45","0.45","0.45","0.45","0.45","0.45","0.45","305","8547"
"WSPy-NoTypes","mimesis.shortcuts","1590999381334930723","21","12715604572","1.0","11","268","11","268","0.8","0.8","0.8666666666666667","0.9197378602736628","0.9333333333333333","0.9333333333333333","0.9333333333333333","0.9333333333333333","0.9333333333333333","0.9333333333333333","0.9333333333333333","0.9397167297646845","1.0","1.0","1.0","1.0","1.0","1.0","1.0","1.0","1.0","1.0","1.0","1.0","1.0","1.0","1.0","1.0","1.0","1.0","1.0","1.0","1.0","1.0","1.0","1.0","1.0","1.0","1.0","1.0","1.0","1.0","1.0","1.0","1.0","1.0","1.0","1.0","1.0","1.0","1.0","1.0","1.0","1.0","1.0","1.0","1.0","1.0","1.0","1.0","1.0","1.0","1.0","1.0","1.0","1.0","1.0","1.0","1.0","1.0","1.0","1.0","1.0","1.0","1.0","1.0","1.0","1.0","1.0","1.0","1.0","1.0","1.0","1.0","1.0","1.0","1.0","1.0","1.0","1.0","1.0","1.0","1.0","1.0","1.0","1.0","1.0","1.0","1.0","1.0","1.0","1.0","1.0","1.0","1.0","1.0","1.0","1.0","1.0","1.0","1.0","1.0","1.0","1.0","1.0","1.0","1.0","1.0","1.0","1.0","1.0","1.0","1.0","1.0","1.0","1.0","1.0","1.0","1.0","1.0","1.0","1.0","1.0","1.0","1.0","1.0","1.0","1.0","1.0","1.0","1.0","1.0","1.0","1.0","1.0","1.0","1.0","1.0","1.0","1.0","1.0","1.0","1.0","1.0","1.0","1.0","1.0","1.0","1.0","1.0","1.0","1.0","1.0","1.0","1.0","1.0","1.0","1.0","1.0","1.0","1.0","1.0","1.0","1.0","1.0","1.0","1.0","1.0","1.0","1.0","1.0","1.0","1.0","1.0","1.0","1.0","1.0","1.0","1.0","1.0","1.0","1.0","1.0","1.0","1.0","1.0","1.0","1.0","1.0","1.0","1.0","1.0","1.0","1.0","1.0","1.0","1.0","1.0","1.0","1.0","1.0","1.0","1.0","1.0","1.0","1.0","1.0","1.0","1.0","1.0","1.0","1.0","1.0","1.0","1.0","1.0","1.0","1.0","1.0","1.0","1.0","1.0","1.0","1.0","1.0","1.0","1.0","1.0","1.0","1.0","1.0","1.0","1.0","1.0","1.0","1.0","1.0","1.0","1.0","1.0","1.0","1.0","1.0","1.0","1.0","1.0","1.0","1.0","1.0","1.0","1.0","1.0","1.0","1.0","1.0","1.0","1.0","1.0","1.0","1.0","1.0","1.0","1.0","1.0","1.0","1.0","1.0","1.0","1.0","1.0","1.0","1.0","1.0","1.0","1.0","1.0","1.0","1.0","1.0","1.0","1.0","1.0","1.0","1.0","1.0","1.0","1.0","1.0","1.0","1.0","1.0","1.0","1.0","1.0","1.0","1.0","1.0","1.0","1.0","1.0","1.0","1.0","1.0","1.0","1.0","1.0","1.0","1.0","1.0","1.0","1.0","1.0","1.0","1.0","1.0","1.0","1.0","1.0","1.0","1.0","1.0","1.0","1.0","1.0","1.0","1.0","1.0","1.0","1.0","1.0","1.0","1.0","1.0","1.0","1.0","1.0","1.0","1.0","1.0","1.0","1.0","1.0","1.0","1.0","1.0","1.0","1.0","1.0","1.0","1.0","1.0","1.0","1.0","1.0","1.0","1.0","1.0","1.0","1.0","1.0","1.0","1.0","1.0","1.0","1.0","1.0","1.0","1.0","1.0","1.0","1.0","1.0","1.0","1.0","1.0","1.0","1.0","1.0","1.0","1.0","1.0","1.0","1.0","1.0","1.0","1.0","1.0","1.0","1.0","1.0","1.0","1.0","1.0","1.0","1.0","1.0","1.0","1.0","1.0","1.0","1.0","1.0","1.0","1.0","1.0","1.0","1.0","1.0","1.0","1.0","1.0","1.0","1.0","1.0","1.0","1.0","1.0","1.0","1.0","1.0","1.0","1.0","1.0","1.0","1.0","1.0","1.0","1.0","1.0","1.0","1.0","1.0","1.0","1.0","1.0","1.0","1.0","1.0","1.0","1.0","1.0","1.0","1.0","1.0","1.0","1.0","1.0","1.0","1.0","1.0","1.0","1.0","1.0","1.0","1.0","1.0","1.0","1.0","1.0","1.0","1.0","1.0","1.0","1.0","1.0","1.0","1.0","1.0","1.0","1.0","1.0","1.0","1.0","1.0","1.0","1.0","1.0","1.0","1.0","1.0","1.0","1.0","1.0","1.0","1.0","1.0","1.0","1.0","1.0","1.0","1.0","1.0","1.0","1.0","1.0","1.0","1.0","1.0","1.0","1.0","1.0","1.0","1.0","1.0","1.0","1.0","1.0","1.0","1.0","1.0","1.0","1.0","1.0","1.0","1.0","1.0","1.0","1.0","1.0","1.0","1.0","1.0","1.0","1.0","1.0","1.0","1.0","1.0","1.0","1.0","1.0","1.0","1.0","1.0","1.0","1.0","1.0","1.0","1.0","1.0","1.0","1.0","1.0","1.0","1.0","1.0","1.0","1.0","1.0","1.0","1.0","1.0","1.0","1.0","1.0","1.0","1.0","1.0","1.0","1.0","1.0","1.0","1.0","1.0","1.0","1.0","1.0","1.0","1.0","1.0","1.0","1.0","1.0","1.0","1.0","1.0","1.0","1.0","1.0","1.0","1.0","1.0","1.0","1.0","1.0","1.0","1.0","1.0","1.0","1.0","0","0"
"WSPy-NoTypes","mimesis.exceptions","1590999407747656226","1212","740643326334","0.9545454545454546","7","180","5","166","0.9545454545454546","0.9545454545454546","0.9545454545454546","0.9545454545454546","0.9545454545454546","0.9545454545454546","0.9545454545454546","0.9545454545454546","0.9545454545454546","0.9545454545454546","0.9545454545454546","0.9545454545454546","0.9545454545454546","0.9545454545454546","0.9545454545454546","0.9545454545454546","0.9545454545454546","0.9545454545454546","0.9545454545454546","0.9545454545454546","0.9545454545454546","0.9545454545454546","0.9545454545454546","0.9545454545454546","0.9545454545454546","0.9545454545454546","0.9545454545454546","0.9545454545454546","0.9545454545454546","0.9545454545454546","0.9545454545454546","0.9545454545454546","0.9545454545454546","0.9545454545454546","0.9545454545454546","0.9545454545454546","0.9545454545454546","0.9545454545454546","0.9545454545454546","0.9545454545454546","0.9545454545454546","0.9545454545454546","0.9545454545454546","0.9545454545454546","0.9545454545454546","0.9545454545454546","0.9545454545454546","0.9545454545454546","0.9545454545454546","0.9545454545454546","0.9545454545454546","0.9545454545454546","0.9545454545454546","0.9545454545454546","0.9545454545454546","0.9545454545454546","0.9545454545454546","0.9545454545454546","0.9545454545454546","0.9545454545454546","0.9545454545454546","0.9545454545454546","0.9545454545454546","0.9545454545454546","0.9545454545454546","0.9545454545454546","0.9545454545454546","0.9545454545454546","0.9545454545454546","0.9545454545454546","0.9545454545454546","0.9545454545454546","0.9545454545454546","0.9545454545454546","0.9545454545454546","0.9545454545454546","0.9545454545454546","0.9545454545454546","0.9545454545454546","0.9545454545454546","0.9545454545454546","0.9545454545454546","0.9545454545454546","0.9545454545454546","0.9545454545454546","0.9545454545454546","0.9545454545454546","0.9545454545454546","0.9545454545454546","0.9545454545454546","0.9545454545454546","0.9545454545454546","0.9545454545454546","0.9545454545454546","0.9545454545454546","0.9545454545454546","0.9545454545454546","0.9545454545454546","0.9545454545454546","0.9545454545454546","0.9545454545454546","0.9545454545454546","0.9545454545454546","0.9545454545454546","0.9545454545454546","0.9545454545454546","0.9545454545454546","0.9545454545454546","0.9545454545454546","0.9545454545454546","0.9545454545454546","0.9545454545454546","0.9545454545454546","0.9545454545454546","0.9545454545454546","0.9545454545454546","0.9545454545454546","0.9545454545454546","0.9545454545454546","0.9545454545454546","0.9545454545454546","0.9545454545454546","0.9545454545454546","0.9545454545454546","0.9545454545454546","0.9545454545454546","0.9545454545454546","0.9545454545454546","0.9545454545454546","0.9545454545454546","0.9545454545454546","0.9545454545454546","0.9545454545454546","0.9545454545454546","0.9545454545454546","0.9545454545454546","0.9545454545454546","0.9545454545454546","0.9545454545454546","0.9545454545454546","0.9545454545454546","0.9545454545454546","0.9545454545454546","0.9545454545454546","0.9545454545454546","0.9545454545454546","0.9545454545454546","0.9545454545454546","0.9545454545454546","0.9545454545454546","0.9545454545454546","0.9545454545454546","0.9545454545454546","0.9545454545454546","0.9545454545454546","0.9545454545454546","0.9545454545454546","0.9545454545454546","0.9545454545454546","0.9545454545454546","0.9545454545454546","0.9545454545454546","0.9545454545454546","0.9545454545454546","0.9545454545454546","0.9545454545454546","0.9545454545454546","0.9545454545454546","0.9545454545454546","0.9545454545454546","0.9545454545454546","0.9545454545454546","0.9545454545454546","0.9545454545454546","0.9545454545454546","0.9545454545454546","0.9545454545454546","0.9545454545454546","0.9545454545454546","0.9545454545454546","0.9545454545454546","0.9545454545454546","0.9545454545454546","0.9545454545454546","0.9545454545454546","0.9545454545454546","0.9545454545454546","0.9545454545454546","0.9545454545454546","0.9545454545454546","0.9545454545454546","0.9545454545454546","0.9545454545454546","0.9545454545454546","0.9545454545454546","0.9545454545454546","0.9545454545454546","0.9545454545454546","0.9545454545454546","0.9545454545454546","0.9545454545454546","0.9545454545454546","0.9545454545454546","0.9545454545454546","0.9545454545454546","0.9545454545454546","0.9545454545454546","0.9545454545454546","0.9545454545454546","0.9545454545454546","0.9545454545454546","0.9545454545454546","0.9545454545454546","0.9545454545454546","0.9545454545454546","0.9545454545454546","0.9545454545454546","0.9545454545454546","0.9545454545454546","0.9545454545454546","0.9545454545454546","0.9545454545454546","0.9545454545454546","0.9545454545454546","0.9545454545454546","0.9545454545454546","0.9545454545454546","0.9545454545454546","0.9545454545454546","0.9545454545454546","0.9545454545454546","0.9545454545454546","0.9545454545454546","0.9545454545454546","0.9545454545454546","0.9545454545454546","0.9545454545454546","0.9545454545454546","0.9545454545454546","0.9545454545454546","0.9545454545454546","0.9545454545454546","0.9545454545454546","0.9545454545454546","0.9545454545454546","0.9545454545454546","0.9545454545454546","0.9545454545454546","0.9545454545454546","0.9545454545454546","0.9545454545454546","0.9545454545454546","0.9545454545454546","0.9545454545454546","0.9545454545454546","0.9545454545454546","0.9545454545454546","0.9545454545454546","0.9545454545454546","0.9545454545454546","0.9545454545454546","0.9545454545454546","0.9545454545454546","0.9545454545454546","0.9545454545454546","0.9545454545454546","0.9545454545454546","0.9545454545454546","0.9545454545454546","0.9545454545454546","0.9545454545454546","0.9545454545454546","0.9545454545454546","0.9545454545454546","0.9545454545454546","0.9545454545454546","0.9545454545454546","0.9545454545454546","0.9545454545454546","0.9545454545454546","0.9545454545454546","0.9545454545454546","0.9545454545454546","0.9545454545454546","0.9545454545454546","0.9545454545454546","0.9545454545454546","0.9545454545454546","0.9545454545454546","0.9545454545454546","0.9545454545454546","0.9545454545454546","0.9545454545454546","0.9545454545454546","0.9545454545454546","0.9545454545454546","0.9545454545454546","0.9545454545454546","0.9545454545454546","0.9545454545454546","0.9545454545454546","0.9545454545454546","0.9545454545454546","0.9545454545454546","0.9545454545454546","0.9545454545454546","0.9545454545454546","0.9545454545454546","0.9545454545454546","0.9545454545454546","0.9545454545454546","0.9545454545454546","0.9545454545454546","0.9545454545454546","0.9545454545454546","0.9545454545454546","0.9545454545454546","0.9545454545454546","0.9545454545454546","0.9545454545454546","0.9545454545454546","0.9545454545454546","0.9545454545454546","0.9545454545454546","0.9545454545454546","0.9545454545454546","0.9545454545454546","0.9545454545454546","0.9545454545454546","0.9545454545454546","0.9545454545454546","0.9545454545454546","0.9545454545454546","0.9545454545454546","0.9545454545454546","0.9545454545454546","0.9545454545454546","0.9545454545454546","0.9545454545454546","0.9545454545454546","0.9545454545454546","0.9545454545454546","0.9545454545454546","0.9545454545454546","0.9545454545454546","0.9545454545454546","0.9545454545454546","0.9545454545454546","0.9545454545454546","0.9545454545454546","0.9545454545454546","0.9545454545454546","0.9545454545454546","0.9545454545454546","0.9545454545454546","0.9545454545454546","0.9545454545454546","0.9545454545454546","0.9545454545454546","0.9545454545454546","0.9545454545454546","0.9545454545454546","0.9545454545454546","0.9545454545454546","0.9545454545454546","0.9545454545454546","0.9545454545454546","0.9545454545454546","0.9545454545454546","0.9545454545454546","0.9545454545454546","0.9545454545454546","0.9545454545454546","0.9545454545454546","0.9545454545454546","0.9545454545454546","0.9545454545454546","0.9545454545454546","0.9545454545454546","0.9545454545454546","0.9545454545454546","0.9545454545454546","0.9545454545454546","0.9545454545454546","0.9545454545454546","0.9545454545454546","0.9545454545454546","0.9545454545454546","0.9545454545454546","0.9545454545454546","0.9545454545454546","0.9545454545454546","0.9545454545454546","0.9545454545454546","0.9545454545454546","0.9545454545454546","0.9545454545454546","0.9545454545454546","0.9545454545454546","0.9545454545454546","0.9545454545454546","0.9545454545454546","0.9545454545454546","0.9545454545454546","0.9545454545454546","0.9545454545454546","0.9545454545454546","0.9545454545454546","0.9545454545454546","0.9545454545454546","0.9545454545454546","0.9545454545454546","0.9545454545454546","0.9545454545454546","0.9545454545454546","0.9545454545454546","0.9545454545454546","0.9545454545454546","0.9545454545454546","0.9545454545454546","0.9545454545454546","0.9545454545454546","0.9545454545454546","0.9545454545454546","0.9545454545454546","0.9545454545454546","0.9545454545454546","0.9545454545454546","0.9545454545454546","0.9545454545454546","0.9545454545454546","0.9545454545454546","0.9545454545454546","0.9545454545454546","0.9545454545454546","0.9545454545454546","0.9545454545454546","0.9545454545454546","0.9545454545454546","0.9545454545454546","0.9545454545454546","0.9545454545454546","0.9545454545454546","0.9545454545454546","0.9545454545454546","0.9545454545454546","0.9545454545454546","0.9545454545454546","0.9545454545454546","0.9545454545454546","0.9545454545454546","0.9545454545454546","0.9545454545454546","0.9545454545454546","0.9545454545454546","0.9545454545454546","0.9545454545454546","0.9545454545454546","0.9545454545454546","0.9545454545454546","0.9545454545454546","0.9545454545454546","0.9545454545454546","0.9545454545454546","0.9545454545454546","0.9545454545454546","0.9545454545454546","0.9545454545454546","0.9545454545454546","0.9545454545454546","0.9545454545454546","0.9545454545454546","0.9545454545454546","0.9545454545454546","0.9545454545454546","0.9545454545454546","0.9545454545454546","0.9545454545454546","0.9545454545454546","0.9545454545454546","0.9545454545454546","0.9545454545454546","0.9545454545454546","0.9545454545454546","0.9545454545454546","0.9545454545454546","0.9545454545454546","0.9545454545454546","0.9545454545454546","0.9545454545454546","0.9545454545454546","0.9545454545454546","0.9545454545454546","0.9545454545454546","0.9545454545454546","0.9545454545454546","0.9545454545454546","0.9545454545454546","0.9545454545454546","0.9545454545454546","0.9545454545454546","0.9545454545454546","0.9545454545454546","0.9545454545454546","0.9545454545454546","0.9545454545454546","0.9545454545454546","0.9545454545454546","0.9545454545454546","0.9545454545454546","0.9545454545454546","0.9545454545454546","0.9545454545454546","0.9545454545454546","0.9545454545454546","0.9545454545454546","0.9545454545454546","0.9545454545454546","0.9545454545454546","0.9545454545454546","0.9545454545454546","0.9545454545454546","0.9545454545454546","0.9545454545454546","0.9545454545454546","0.9545454545454546","0.9545454545454546","0.9545454545454546","0.9545454545454546","0.9545454545454546","0.9545454545454546","0.9545454545454546","0.9545454545454546","0.9545454545454546","0.9545454545454546","0.9545454545454546","0.9545454545454546","0.9545454545454546","0.9545454545454546","0.9545454545454546","0.9545454545454546","0.9545454545454546","0.9545454545454546","0.9545454545454546","0.9545454545454546","0.9545454545454546","0.9545454545454546","0.9545454545454546","0.9545454545454546","0.9545454545454546","0.9545454545454546","0.9545454545454546","0.9545454545454546","0.9545454545454546","0.9545454545454546","0.9545454545454546","0.9545454545454546","0.9545454545454546","0.9545454545454546","0.9545454545454546","0.9545454545454546","0.9545454545454546","0.9545454545454546","0.9545454545454546","0.9545454545454546","0.9545454545454546","0.9545454545454546","0.9545454545454546","0.9545454545454546","0.9545454545454546","0.9545454545454546","0.9545454545454546","0.9545454545454546","0.9545454545454546","0.9545454545454546","0.9545454545454546","0.9545454545454546","0.9545454545454546","0.9545454545454546","0.9545454545454546","0.9545454545454546","0.9545454545454546","0.9545454545454546","0.9545454545454546","0.9545454545454546","0.9545454545454546","0.9545454545454546","0.9545454545454546","0.9545454545454546","0.9545454545454546","0.9545454545454546","0.9545454545454546","0.9545454545454546","0.9545454545454546","0.9545454545454546","0.9545454545454546","0.9545454545454546","0.9545454545454546","0.9545454545454546","0.9545454545454546","2","14"
"RandooPy-TypeHintsInference","mimesis.shortcuts","1590998449738721480","724","611725135615","0.9333333333333333","710","19251","589","15597","0.9333333333333333","0.9333333333333333","0.9333333333333333","0.9333333333333333","0.9333333333333333","0.9333333333333333","0.9333333333333333","0.9333333333333333","0.9333333333333333","0.9333333333333333","0.9333333333333333","0.9333333333333333","0.9333333333333333","0.9333333333333333","0.9333333333333333","0.9333333333333333","0.9333333333333333","0.9333333333333333","0.9333333333333333","0.9333333333333333","0.9333333333333333","0.9333333333333333","0.9333333333333333","0.9333333333333333","0.9333333333333333","0.9333333333333333","0.9333333333333333","0.9333333333333333","0.9333333333333333","0.9333333333333333","0.9333333333333333","0.9333333333333333","0.9333333333333333","0.9333333333333333","0.9333333333333333","0.9333333333333333","0.9333333333333333","0.9333333333333333","0.9333333333333333","0.9333333333333333","0.9333333333333333","0.9333333333333333","0.9333333333333333","0.9333333333333333","0.9333333333333333","0.9333333333333333","0.9333333333333333","0.9333333333333333","0.9333333333333333","0.9333333333333333","0.9333333333333333","0.9333333333333333","0.9333333333333333","0.9333333333333333","0.9333333333333333","0.9333333333333333","0.9333333333333333","0.9333333333333333","0.9333333333333333","0.9333333333333333","0.9333333333333333","0.9333333333333333","0.9333333333333333","0.9333333333333333","0.9333333333333333","0.9333333333333333","0.9333333333333333","0.9333333333333333","0.9333333333333333","0.9333333333333333","0.9333333333333333","0.9333333333333333","0.9333333333333333","0.9333333333333333","0.9333333333333333","0.9333333333333333","0.9333333333333333","0.9333333333333333","0.9333333333333333","0.9333333333333333","0.9333333333333333","0.9333333333333333","0.9333333333333333","0.9333333333333333","0.9333333333333333","0.9333333333333333","0.9333333333333333","0.9333333333333333","0.9333333333333333","0.9333333333333333","0.9333333333333333","0.9333333333333333","0.9333333333333333","0.9333333333333333","0.9333333333333333","0.9333333333333333","0.9333333333333333","0.9333333333333333","0.9333333333333333","0.9333333333333333","0.9333333333333333","0.9333333333333333","0.9333333333333333","0.9333333333333333","0.9333333333333333","0.9333333333333333","0.9333333333333333","0.9333333333333333","0.9333333333333333","0.9333333333333333","0.9333333333333333","0.9333333333333333","0.9333333333333333","0.9333333333333333","0.9333333333333333","0.9333333333333333","0.9333333333333333","0.9333333333333333","0.9333333333333333","0.9333333333333333","0.9333333333333333","0.9333333333333333","0.9333333333333333","0.9333333333333333","0.9333333333333333","0.9333333333333333","0.9333333333333333","0.9333333333333333","0.9333333333333333","0.9333333333333333","0.9333333333333333","0.9333333333333333","0.9333333333333333","0.9333333333333333","0.9333333333333333","0.9333333333333333","0.9333333333333333","0.9333333333333333","0.9333333333333333","0.9333333333333333","0.9333333333333333","0.9333333333333333","0.9333333333333333","0.9333333333333333","0.9333333333333333","0.9333333333333333","0.9333333333333333","0.9333333333333333","0.9333333333333333","0.9333333333333333","0.9333333333333333","0.9333333333333333","0.9333333333333333","0.9333333333333333","0.9333333333333333","0.9333333333333333","0.9333333333333333","0.9333333333333333","0.9333333333333333","0.9333333333333333","0.9333333333333333","0.9333333333333333","0.9333333333333333","0.9333333333333333","0.9333333333333333","0.9333333333333333","0.9333333333333333","0.9333333333333333","0.9333333333333333","0.9333333333333333","0.9333333333333333","0.9333333333333333","0.9333333333333333","0.9333333333333333","0.9333333333333333","0.9333333333333333","0.9333333333333333","0.9333333333333333","0.9333333333333333","0.9333333333333333","0.9333333333333333","0.9333333333333333","0.9333333333333333","0.9333333333333333","0.9333333333333333","0.9333333333333333","0.9333333333333333","0.9333333333333333","0.9333333333333333","0.9333333333333333","0.9333333333333333","0.9333333333333333","0.9333333333333333","0.9333333333333333","0.9333333333333333","0.9333333333333333","0.9333333333333333","0.9333333333333333","0.9333333333333333","0.9333333333333333","0.9333333333333333","0.9333333333333333","0.9333333333333333","0.9333333333333333","0.9333333333333333","0.9333333333333333","0.9333333333333333","0.9333333333333333","0.9333333333333333","0.9333333333333333","0.9333333333333333","0.9333333333333333","0.9333333333333333","0.9333333333333333","0.9333333333333333","0.9333333333333333","0.9333333333333333","0.9333333333333333","0.9333333333333333","0.9333333333333333","0.9333333333333333","0.9333333333333333","0.9333333333333333","0.9333333333333333","0.9333333333333333","0.9333333333333333","0.9333333333333333","0.9333333333333333","0.9333333333333333","0.9333333333333333","0.9333333333333333","0.9333333333333333","0.9333333333333333","0.9333333333333333","0.9333333333333333","0.9333333333333333","0.9333333333333333","0.9333333333333333","0.9333333333333333","0.9333333333333333","0.9333333333333333","0.9333333333333333","0.9333333333333333","0.9333333333333333","0.9333333333333333","0.9333333333333333","0.9333333333333333","0.9333333333333333","0.9333333333333333","0.9333333333333333","0.9333333333333333","0.9333333333333333","0.9333333333333333","0.9333333333333333","0.9333333333333333","0.9333333333333333","0.9333333333333333","0.9333333333333333","0.9333333333333333","0.9333333333333333","0.9333333333333333","0.9333333333333333","0.9333333333333333","0.9333333333333333","0.9333333333333333","0.9333333333333333","0.9333333333333333","0.9333333333333333","0.9333333333333333","0.9333333333333333","0.9333333333333333","0.9333333333333333","0.9333333333333333","0.9333333333333333","0.9333333333333333","0.9333333333333333","0.9333333333333333","0.9333333333333333","0.9333333333333333","0.9333333333333333","0.9333333333333333","0.9333333333333333","0.9333333333333333","0.9333333333333333","0.9333333333333333","0.9333333333333333","0.9333333333333333","0.9333333333333333","0.9333333333333333","0.9333333333333333","0.9333333333333333","0.9333333333333333","0.9333333333333333","0.9333333333333333","0.9333333333333333","0.9333333333333333","0.9333333333333333","0.9333333333333333","0.9333333333333333","0.9333333333333333","0.9333333333333333","0.9333333333333333","0.9333333333333333","0.9333333333333333","0.9333333333333333","0.9333333333333333","0.9333333333333333","0.9333333333333333","0.9333333333333333","0.9333333333333333","0.9333333333333333","0.9333333333333333","0.9333333333333333","0.9333333333333333","0.9333333333333333","0.9333333333333333","0.9333333333333333","0.9333333333333333","0.9333333333333333","0.9333333333333333","0.9333333333333333","0.9333333333333333","0.9333333333333333","0.9333333333333333","0.9333333333333333","0.9333333333333333","0.9333333333333333","0.9333333333333333","0.9333333333333333","0.9333333333333333","0.9333333333333333","0.9333333333333333","0.9333333333333333","0.9333333333333333","0.9333333333333333","0.9333333333333333","0.9333333333333333","0.9333333333333333","0.9333333333333333","0.9333333333333333","0.9333333333333333","0.9333333333333333","0.9333333333333333","0.9333333333333333","0.9333333333333333","0.9333333333333333","0.9333333333333333","0.9333333333333333","0.9333333333333333","0.9333333333333333","0.9333333333333333","0.9333333333333333","0.9333333333333333","0.9333333333333333","0.9333333333333333","0.9333333333333333","0.9333333333333333","0.9333333333333333","0.9333333333333333","0.9333333333333333","0.9333333333333333","0.9333333333333333","0.9333333333333333","0.9333333333333333","0.9333333333333333","0.9333333333333333","0.9333333333333333","0.9333333333333333","0.9333333333333333","0.9333333333333333","0.9333333333333333","0.9333333333333333","0.9333333333333333","0.9333333333333333","0.9333333333333333","0.9333333333333333","0.9333333333333333","0.9333333333333333","0.9333333333333333","0.9333333333333333","0.9333333333333333","0.9333333333333333","0.9333333333333333","0.9333333333333333","0.9333333333333333","0.9333333333333333","0.9333333333333333","0.9333333333333333","0.9333333333333333","0.9333333333333333","0.9333333333333333","0.9333333333333333","0.9333333333333333","0.9333333333333333","0.9333333333333333","0.9333333333333333","0.9333333333333333","0.9333333333333333","0.9333333333333333","0.9333333333333333","0.9333333333333333","0.9333333333333333","0.9333333333333333","0.9333333333333333","0.9333333333333333","0.9333333333333333","0.9333333333333333","0.9333333333333333","0.9333333333333333","0.9333333333333333","0.9333333333333333","0.9333333333333333","0.9333333333333333","0.9333333333333333","0.9333333333333333","0.9333333333333333","0.9333333333333333","0.9333333333333333","0.9333333333333333","0.9333333333333333","0.9333333333333333","0.9333333333333333","0.9333333333333333","0.9333333333333333","0.9333333333333333","0.9333333333333333","0.9333333333333333","0.9333333333333333","0.9333333333333333","0.9333333333333333","0.9333333333333333","0.9333333333333333","0.9333333333333333","0.9333333333333333","0.9333333333333333","0.9333333333333333","0.9333333333333333","0.9333333333333333","0.9333333333333333","0.9333333333333333","0.9333333333333333","0.9333333333333333","0.9333333333333333","0.9333333333333333","0.9333333333333333","0.9333333333333333","0.9333333333333333","0.9333333333333333","0.9333333333333333","0.9333333333333333","0.9333333333333333","0.9333333333333333","0.9333333333333333","0.9333333333333333","0.9333333333333333","0.9333333333333333","0.9333333333333333","0.9333333333333333","0.9333333333333333","0.9333333333333333","0.9333333333333333","0.9333333333333333","0.9333333333333333","0.9333333333333333","0.9333333333333333","0.9333333333333333","0.9333333333333333","0.9333333333333333","0.9333333333333333","0.9333333333333333","0.9333333333333333","0.9333333333333333","0.9333333333333333","0.9333333333333333","0.9333333333333333","0.9333333333333333","0.9333333333333333","0.9333333333333333","0.9333333333333333","0.9333333333333333","0.9333333333333333","0.9333333333333333","0.9333333333333333","0.9333333333333333","0.9333333333333333","0.9333333333333333","0.9333333333333333","0.9333333333333333","0.9333333333333333","0.9333333333333333","0.9333333333333333","0.9333333333333333","0.9333333333333333","0.9333333333333333","0.9333333333333333","0.9333333333333333","0.9333333333333333","0.9333333333333333","0.9333333333333333","0.9333333333333333","0.9333333333333333","0.9333333333333333","0.9333333333333333","0.9333333333333333","0.9333333333333333","0.9333333333333333","0.9333333333333333","0.9333333333333333","0.9333333333333333","0.9333333333333333","0.9333333333333333","0.9333333333333333","0.9333333333333333","0.9333333333333333","0.9333333333333333","0.9333333333333333","0.9333333333333333","0.9333333333333333","0.9333333333333333","0.9333333333333333","0.9333333333333333","0.9333333333333333","0.9333333333333333","0.9333333333333333","0.9333333333333333","0.9333333333333333","0.9333333333333333","0.9333333333333333","0.9333333333333333","0.9333333333333333","0.9333333333333333","0.9333333333333333","0.9333333333333333","0.9333333333333333","0.9333333333333333","0.9333333333333333","0.9333333333333333","0.9333333333333333","0.9333333333333333","0.9333333333333333","0.9333333333333333","0.9333333333333333","0.9333333333333333","0.9333333333333333","0.9333333333333333","0.9333333333333333","0.9333333333333333","0.9333333333333333","0.9333333333333333","0.9333333333333333","0.9333333333333333","0.9333333333333333","0.9333333333333333","0.9333333333333333","0.9333333333333333","0.9333333333333333","0.9333333333333333","0.9333333333333333","0.9333333333333333","0.9333333333333333","0.9333333333333333","0.9333333333333333","0.9333333333333333","0.9333333333333333","0.9333333333333333","0.9333333333333333","0.9333333333333333","0.9333333333333333","0.9333333333333333","0.9333333333333333","0.9333333333333333","0.9333333333333333","0.9333333333333333","0.9333333333333333","0.9333333333333333","0.9333333333333333","0.9333333333333333","0.9333333333333333","0.9333333333333333","0.9333333333333333","0.9333333333333333","0.9333333333333333","0.9333333333333333","0.9333333333333333","0.9333333333333333","0.9333333333333333","0.9333333333333333","0.9333333333333333","0.9333333333333333","0.9333333333333333","0.9333333333333333","0.9333333333333333","0.9333333333333333","0.9333333333333333","0.9333333333333333","0.9333333333333333","0.9333333333333333","0.9333333333333333","0.9333333333333333","0.9333333333333333","121","3654"
"RandooPy-NoTypes","mimesis.random","1590999141200618842","599","607707487590","0.7714285714285715","597","15863","414","10692","0.6857142857142857","0.7142857142857143","0.7714285714285715","0.7714285714285715","0.7714285714285715","0.7714285714285715","0.7714285714285715","0.7714285714285715","0.7714285714285715","0.7714285714285715","0.7714285714285715","0.7714285714285715","0.7714285714285715","0.7714285714285715","0.7714285714285715","0.7714285714285715","0.7714285714285715","0.7714285714285715","0.7714285714285715","0.7714285714285715","0.7714285714285715","0.7714285714285715","0.7714285714285715","0.7714285714285715","0.7714285714285715","0.7714285714285715","0.7714285714285715","0.7714285714285715","0.7714285714285715","0.7714285714285715","0.7714285714285715","0.7714285714285715","0.7714285714285715","0.7714285714285715","0.7714285714285715","0.7714285714285715","0.7714285714285715","0.7714285714285715","0.7714285714285715","0.7714285714285715","0.7714285714285715","0.7714285714285715","0.7714285714285715","0.7714285714285715","0.7714285714285715","0.7714285714285715","0.7714285714285715","0.7714285714285715","0.7714285714285715","0.7714285714285715","0.7714285714285715","0.7714285714285715","0.7714285714285715","0.7714285714285715","0.7714285714285715","0.7714285714285715","0.7714285714285715","0.7714285714285715","0.7714285714285715","0.7714285714285715","0.7714285714285715","0.7714285714285715","0.7714285714285715","0.7714285714285715","0.7714285714285715","0.7714285714285715","0.7714285714285715","0.7714285714285715","0.7714285714285715","0.7714285714285715","0.7714285714285715","0.7714285714285715","0.7714285714285715","0.7714285714285715","0.7714285714285715","0.7714285714285715","0.7714285714285715","0.7714285714285715","0.7714285714285715","0.7714285714285715","0.7714285714285715","0.7714285714285715","0.7714285714285715","0.7714285714285715","0.7714285714285715","0.7714285714285715","0.7714285714285715","0.7714285714285715","0.7714285714285715","0.7714285714285715","0.7714285714285715","0.7714285714285715","0.7714285714285715","0.7714285714285715","0.7714285714285715","0.7714285714285715","0.7714285714285715","0.7714285714285715","0.7714285714285715","0.7714285714285715","0.7714285714285715","0.7714285714285715","0.7714285714285715","0.7714285714285715","0.7714285714285715","0.7714285714285715","0.7714285714285715","0.7714285714285715","0.7714285714285715","0.7714285714285715","0.7714285714285715","0.7714285714285715","0.7714285714285715","0.7714285714285715","0.7714285714285715","0.7714285714285715","0.7714285714285715","0.7714285714285715","0.7714285714285715","0.7714285714285715","0.7714285714285715","0.7714285714285715","0.7714285714285715","0.7714285714285715","0.7714285714285715","0.7714285714285715","0.7714285714285715","0.7714285714285715","0.7714285714285715","0.7714285714285715","0.7714285714285715","0.7714285714285715","0.7714285714285715","0.7714285714285715","0.7714285714285715","0.7714285714285715","0.7714285714285715","0.7714285714285715","0.7714285714285715","0.7714285714285715","0.7714285714285715","0.7714285714285715","0.7714285714285715","0.7714285714285715","0.7714285714285715","0.7714285714285715","0.7714285714285715","0.7714285714285715","0.7714285714285715","0.7714285714285715","0.7714285714285715","0.7714285714285715","0.7714285714285715","0.7714285714285715","0.7714285714285715","0.7714285714285715","0.7714285714285715","0.7714285714285715","0.7714285714285715","0.7714285714285715","0.7714285714285715","0.7714285714285715","0.7714285714285715","0.7714285714285715","0.7714285714285715","0.7714285714285715","0.7714285714285715","0.7714285714285715","0.7714285714285715","0.7714285714285715","0.7714285714285715","0.7714285714285715","0.7714285714285715","0.7714285714285715","0.7714285714285715","0.7714285714285715","0.7714285714285715","0.7714285714285715","0.7714285714285715","0.7714285714285715","0.7714285714285715","0.7714285714285715","0.7714285714285715","0.7714285714285715","0.7714285714285715","0.7714285714285715","0.7714285714285715","0.7714285714285715","0.7714285714285715","0.7714285714285715","0.7714285714285715","0.7714285714285715","0.7714285714285715","0.7714285714285715","0.7714285714285715","0.7714285714285715","0.7714285714285715","0.7714285714285715","0.7714285714285715","0.7714285714285715","0.7714285714285715","0.7714285714285715","0.7714285714285715","0.7714285714285715","0.7714285714285715","0.7714285714285715","0.7714285714285715","0.7714285714285715","0.7714285714285715","0.7714285714285715","0.7714285714285715","0.7714285714285715","0.7714285714285715","0.7714285714285715","0.7714285714285715","0.7714285714285715","0.7714285714285715","0.7714285714285715","0.7714285714285715","0.7714285714285715","0.7714285714285715","0.7714285714285715","0.7714285714285715","0.7714285714285715","0.7714285714285715","0.7714285714285715","0.7714285714285715","0.7714285714285715","0.7714285714285715","0.7714285714285715","0.7714285714285715","0.7714285714285715","0.7714285714285715","0.7714285714285715","0.7714285714285715","0.7714285714285715","0.7714285714285715","0.7714285714285715","0.7714285714285715","0.7714285714285715","0.7714285714285715","0.7714285714285715","0.7714285714285715","0.7714285714285715","0.7714285714285715","0.7714285714285715","0.7714285714285715","0.7714285714285715","0.7714285714285715","0.7714285714285715","0.7714285714285715","0.7714285714285715","0.7714285714285715","0.7714285714285715","0.7714285714285715","0.7714285714285715","0.7714285714285715","0.7714285714285715","0.7714285714285715","0.7714285714285715","0.7714285714285715","0.7714285714285715","0.7714285714285715","0.7714285714285715","0.7714285714285715","0.7714285714285715","0.7714285714285715","0.7714285714285715","0.7714285714285715","0.7714285714285715","0.7714285714285715","0.7714285714285715","0.7714285714285715","0.7714285714285715","0.7714285714285715","0.7714285714285715","0.7714285714285715","0.7714285714285715","0.7714285714285715","0.7714285714285715","0.7714285714285715","0.7714285714285715","0.7714285714285715","0.7714285714285715","0.7714285714285715","0.7714285714285715","0.7714285714285715","0.7714285714285715","0.7714285714285715","0.7714285714285715","0.7714285714285715","0.7714285714285715","0.7714285714285715","0.7714285714285715","0.7714285714285715","0.7714285714285715","0.7714285714285715","0.7714285714285715","0.7714285714285715","0.7714285714285715","0.7714285714285715","0.7714285714285715","0.7714285714285715","0.7714285714285715","0.7714285714285715","0.7714285714285715","0.7714285714285715","0.7714285714285715","0.7714285714285715","0.7714285714285715","0.7714285714285715","0.7714285714285715","0.7714285714285715","0.7714285714285715","0.7714285714285715","0.7714285714285715","0.7714285714285715","0.7714285714285715","0.7714285714285715","0.7714285714285715","0.7714285714285715","0.7714285714285715","0.7714285714285715","0.7714285714285715","0.7714285714285715","0.7714285714285715","0.7714285714285715","0.7714285714285715","0.7714285714285715","0.7714285714285715","0.7714285714285715","0.7714285714285715","0.7714285714285715","0.7714285714285715","0.7714285714285715","0.7714285714285715","0.7714285714285715","0.7714285714285715","0.7714285714285715","0.7714285714285715","0.7714285714285715","0.7714285714285715","0.7714285714285715","0.7714285714285715","0.7714285714285715","0.7714285714285715","0.7714285714285715","0.7714285714285715","0.7714285714285715","0.7714285714285715","0.7714285714285715","0.7714285714285715","0.7714285714285715","0.7714285714285715","0.7714285714285715","0.7714285714285715","0.7714285714285715","0.7714285714285715","0.7714285714285715","0.7714285714285715","0.7714285714285715","0.7714285714285715","0.7714285714285715","0.7714285714285715","0.7714285714285715","0.7714285714285715","0.7714285714285715","0.7714285714285715","0.7714285714285715","0.7714285714285715","0.7714285714285715","0.7714285714285715","0.7714285714285715","0.7714285714285715","0.7714285714285715","0.7714285714285715","0.7714285714285715","0.7714285714285715","0.7714285714285715","0.7714285714285715","0.7714285714285715","0.7714285714285715","0.7714285714285715","0.7714285714285715","0.7714285714285715","0.7714285714285715","0.7714285714285715","0.7714285714285715","0.7714285714285715","0.7714285714285715","0.7714285714285715","0.7714285714285715","0.7714285714285715","0.7714285714285715","0.7714285714285715","0.7714285714285715","0.7714285714285715","0.7714285714285715","0.7714285714285715","0.7714285714285715","0.7714285714285715","0.7714285714285715","0.7714285714285715","0.7714285714285715","0.7714285714285715","0.7714285714285715","0.7714285714285715","0.7714285714285715","0.7714285714285715","0.7714285714285715","0.7714285714285715","0.7714285714285715","0.7714285714285715","0.7714285714285715","0.7714285714285715","0.7714285714285715","0.7714285714285715","0.7714285714285715","0.7714285714285715","0.7714285714285715","0.7714285714285715","0.7714285714285715","0.7714285714285715","0.7714285714285715","0.7714285714285715","0.7714285714285715","0.7714285714285715","0.7714285714285715","0.7714285714285715","0.7714285714285715","0.7714285714285715","0.7714285714285715","0.7714285714285715","0.7714285714285715","0.7714285714285715","0.7714285714285715","0.7714285714285715","0.7714285714285715","0.7714285714285715","0.7714285714285715","0.7714285714285715","0.7714285714285715","0.7714285714285715","0.7714285714285715","0.7714285714285715","0.7714285714285715","0.7714285714285715","0.7714285714285715","0.7714285714285715","0.7714285714285715","0.7714285714285715","0.7714285714285715","0.7714285714285715","0.7714285714285715","0.7714285714285715","0.7714285714285715","0.7714285714285715","0.7714285714285715","0.7714285714285715","0.7714285714285715","0.7714285714285715","0.7714285714285715","0.7714285714285715","0.7714285714285715","0.7714285714285715","0.7714285714285715","0.7714285714285715","0.7714285714285715","0.7714285714285715","0.7714285714285715","0.7714285714285715","0.7714285714285715","0.7714285714285715","0.7714285714285715","0.7714285714285715","0.7714285714285715","0.7714285714285715","0.7714285714285715","0.7714285714285715","0.7714285714285715","0.7714285714285715","0.7714285714285715","0.7714285714285715","0.7714285714285715","0.7714285714285715","0.7714285714285715","0.7714285714285715","0.7714285714285715","0.7714285714285715","0.7714285714285715","0.7714285714285715","0.7714285714285715","0.7714285714285715","0.7714285714285715","0.7714285714285715","0.7714285714285715","0.7714285714285715","0.7714285714285715","0.7714285714285715","0.7714285714285715","0.7714285714285715","0.7714285714285715","0.7714285714285715","0.7714285714285715","0.7714285714285715","0.7714285714285715","0.7714285714285715","0.7714285714285715","0.7714285714285715","0.7714285714285715","0.7714285714285715","0.7714285714285715","0.7714285714285715","0.7714285714285715","0.7714285714285715","0.7714285714285715","0.7714285714285715","0.7714285714285715","0.7714285714285715","0.7714285714285715","0.7714285714285715","0.7714285714285715","0.7714285714285715","0.7714285714285715","0.7714285714285715","0.7714285714285715","0.7714285714285715","0.7714285714285715","0.7714285714285715","0.7714285714285715","0.7714285714285715","0.7714285714285715","0.7714285714285715","0.7714285714285715","0.7714285714285715","0.7714285714285715","0.7714285714285715","0.7714285714285715","0.7714285714285715","0.7714285714285715","0.7714285714285715","0.7714285714285715","0.7714285714285715","0.7714285714285715","0.7714285714285715","0.7714285714285715","0.7714285714285715","0.7714285714285715","0.7714285714285715","0.7714285714285715","0.7714285714285715","0.7714285714285715","0.7714285714285715","0.7714285714285715","0.7714285714285715","0.7714285714285715","0.7714285714285715","0.7714285714285715","0.7714285714285715","0.7714285714285715","0.7714285714285715","0.7714285714285715","0.7714285714285715","0.7714285714285715","0.7714285714285715","0.7714285714285715","0.7714285714285715","0.7714285714285715","0.7714285714285715","0.7714285714285715","0.7714285714285715","0.7714285714285715","0.7714285714285715","0.7714285714285715","0.7714285714285715","0.7714285714285715","0.7714285714285715","0.7714285714285715","0.7714285714285715","0.7714285714285715","0.7714285714285715","0.7714285714285715","0.7714285714285715","0.7714285714285715","0.7714285714285715","0.7714285714285715","0.7714285714285715","0.7714285714285715","0.7714285714285715","0.7714285714285715","0.7714285714285715","0.7714285714285715","0.7714285714285715","0.7714285714285715","0.7714285714285715","0.7714285714285715","0.7714285714285715","0.7714285714285715","0.7714285714285715","0.7714285714285715","183","5171"
"WSPy-TypeHintsInference","mimesis.builtins.base","1590998510793653559","0","4136146424","1.0","10","195","0","0","1.0","1.0","1.0","1.0","1.0","1.0","1.0","1.0","1.0","1.0","1.0","1.0","1.0","1.0","1.0","1.0","1.0","1.0","1.0","1.0","1.0","1.0","1.0","1.0","1.0","1.0","1.0","1.0","1.0","1.0","1.0","1.0","1.0","1.0","1.0","1.0","1.0","1.0","1.0","1.0","1.0","1.0","1.0","1.0","1.0","1.0","1.0","1.0","1.0","1.0","1.0","1.0","1.0","1.0","1.0","1.0","1.0","1.0","1.0","1.0","1.0","1.0","1.0","1.0","1.0","1.0","1.0","1.0","1.0","1.0","1.0","1.0","1.0","1.0","1.0","1.0","1.0","1.0","1.0","1.0","1.0","1.0","1.0","1.0","1.0","1.0","1.0","1.0","1.0","1.0","1.0","1.0","1.0","1.0","1.0","1.0","1.0","1.0","1.0","1.0","1.0","1.0","1.0","1.0","1.0","1.0","1.0","1.0","1.0","1.0","1.0","1.0","1.0","1.0","1.0","1.0","1.0","1.0","1.0","1.0","1.0","1.0","1.0","1.0","1.0","1.0","1.0","1.0","1.0","1.0","1.0","1.0","1.0","1.0","1.0","1.0","1.0","1.0","1.0","1.0","1.0","1.0","1.0","1.0","1.0","1.0","1.0","1.0","1.0","1.0","1.0","1.0","1.0","1.0","1.0","1.0","1.0","1.0","1.0","1.0","1.0","1.0","1.0","1.0","1.0","1.0","1.0","1.0","1.0","1.0","1.0","1.0","1.0","1.0","1.0","1.0","1.0","1.0","1.0","1.0","1.0","1.0","1.0","1.0","1.0","1.0","1.0","1.0","1.0","1.0","1.0","1.0","1.0","1.0","1.0","1.0","1.0","1.0","1.0","1.0","1.0","1.0","1.0","1.0","1.0","1.0","1.0","1.0","1.0","1.0","1.0","1.0","1.0","1.0","1.0","1.0","1.0","1.0","1.0","1.0","1.0","1.0","1.0","1.0","1.0","1.0","1.0","1.0","1.0","1.0","1.0","1.0","1.0","1.0","1.0","1.0","1.0","1.0","1.0","1.0","1.0","1.0","1.0","1.0","1.0","1.0","1.0","1.0","1.0","1.0","1.0","1.0","1.0","1.0","1.0","1.0","1.0","1.0","1.0","1.0","1.0","1.0","1.0","1.0","1.0","1.0","1.0","1.0","1.0","1.0","1.0","1.0","1.0","1.0","1.0","1.0","1.0","1.0","1.0","1.0","1.0","1.0","1.0","1.0","1.0","1.0","1.0","1.0","1.0","1.0","1.0","1.0","1.0","1.0","1.0","1.0","1.0","1.0","1.0","1.0","1.0","1.0","1.0","1.0","1.0","1.0","1.0","1.0","1.0","1.0","1.0","1.0","1.0","1.0","1.0","1.0","1.0","1.0","1.0","1.0","1.0","1.0","1.0","1.0","1.0","1.0","1.0","1.0","1.0","1.0","1.0","1.0","1.0","1.0","1.0","1.0","1.0","1.0","1.0","1.0","1.0","1.0","1.0","1.0","1.0","1.0","1.0","1.0","1.0","1.0","1.0","1.0","1.0","1.0","1.0","1.0","1.0","1.0","1.0","1.0","1.0","1.0","1.0","1.0","1.0","1.0","1.0","1.0","1.0","1.0","1.0","1.0","1.0","1.0","1.0","1.0","1.0","1.0","1.0","1.0","1.0","1.0","1.0","1.0","1.0","1.0","1.0","1.0","1.0","1.0","1.0","1.0","1.0","1.0","1.0","1.0","1.0","1.0","1.0","1.0","1.0","1.0","1.0","1.0","1.0","1.0","1.0","1.0","1.0","1.0","1.0","1.0","1.0","1.0","1.0","1.0","1.0","1.0","1.0","1.0","1.0","1.0","1.0","1.0","1.0","1.0","1.0","1.0","1.0","1.0","1.0","1.0","1.0","1.0","1.0","1.0","1.0","1.0","1.0","1.0","1.0","1.0","1.0","1.0","1.0","1.0","1.0","1.0","1.0","1.0","1.0","1.0","1.0","1.0","1.0","1.0","1.0","1.0","1.0","1.0","1.0","1.0","1.0","1.0","1.0","1.0","1.0","1.0","1.0","1.0","1.0","1.0","1.0","1.0","1.0","1.0","1.0","1.0","1.0","1.0","1.0","1.0","1.0","1.0","1.0","1.0","1.0","1.0","1.0","1.0","1.0","1.0","1.0","1.0","1.0","1.0","1.0","1.0","1.0","1.0","1.0","1.0","1.0","1.0","1.0","1.0","1.0","1.0","1.0","1.0","1.0","1.0","1.0","1.0","1.0","1.0","1.0","1.0","1.0","1.0","1.0","1.0","1.0","1.0","1.0","1.0","1.0","1.0","1.0","1.0","1.0","1.0","1.0","1.0","1.0","1.0","1.0","1.0","1.0","1.0","1.0","1.0","1.0","1.0","1.0","1.0","1.0","1.0","1.0","1.0","1.0","1.0","1.0","1.0","1.0","1.0","1.0","1.0","1.0","1.0","1.0","1.0","1.0","1.0","1.0","1.0","1.0","1.0","1.0","1.0","1.0","1.0","1.0","1.0","1.0","1.0","1.0","1.0","1.0","1.0","1.0","1.0","1.0","1.0","1.0","1.0","1.0","1.0","1.0","1.0","1.0","1.0","1.0","1.0","1.0","1.0","1.0","1.0","1.0","1.0","10","195"
"RandooPy-TypeHintsInference","mimesis.builtins.de","1590998449738612136","14","1061065606","1.0","14","144","0","0","1.0","1.0","1.0","1.0","1.0","1.0","1.0","1.0","1.0","1.0","1.0","1.0","1.0","1.0","1.0","1.0","1.0","1.0","1.0","1.0","1.0","1.0","1.0","1.0","1.0","1.0","1.0","1.0","1.0","1.0","1.0","1.0","1.0","1.0","1.0","1.0","1.0","1.0","1.0","1.0","1.0","1.0","1.0","1.0","1.0","1.0","1.0","1.0","1.0","1.0","1.0","1.0","1.0","1.0","1.0","1.0","1.0","1.0","1.0","1.0","1.0","1.0","1.0","1.0","1.0","1.0","1.0","1.0","1.0","1.0","1.0","1.0","1.0","1.0","1.0","1.0","1.0","1.0","1.0","1.0","1.0","1.0","1.0","1.0","1.0","1.0","1.0","1.0","1.0","1.0","1.0","1.0","1.0","1.0","1.0","1.0","1.0","1.0","1.0","1.0","1.0","1.0","1.0","1.0","1.0","1.0","1.0","1.0","1.0","1.0","1.0","1.0","1.0","1.0","1.0","1.0","1.0","1.0","1.0","1.0","1.0","1.0","1.0","1.0","1.0","1.0","1.0","1.0","1.0","1.0","1.0","1.0","1.0","1.0","1.0","1.0","1.0","1.0","1.0","1.0","1.0","1.0","1.0","1.0","1.0","1.0","1.0","1.0","1.0","1.0","1.0","1.0","1.0","1.0","1.0","1.0","1.0","1.0","1.0","1.0","1.0","1.0","1.0","1.0","1.0","1.0","1.0","1.0","1.0","1.0","1.0","1.0","1.0","1.0","1.0","1.0","1.0","1.0","1.0","1.0","1.0","1.0","1.0","1.0","1.0","1.0","1.0","1.0","1.0","1.0","1.0","1.0","1.0","1.0","1.0","1.0","1.0","1.0","1.0","1.0","1.0","1.0","1.0","1.0","1.0","1.0","1.0","1.0","1.0","1.0","1.0","1.0","1.0","1.0","1.0","1.0","1.0","1.0","1.0","1.0","1.0","1.0","1.0","1.0","1.0","1.0","1.0","1.0","1.0","1.0","1.0","1.0","1.0","1.0","1.0","1.0","1.0","1.0","1.0","1.0","1.0","1.0","1.0","1.0","1.0","1.0","1.0","1.0","1.0","1.0","1.0","1.0","1.0","1.0","1.0","1.0","1.0","1.0","1.0","1.0","1.0","1.0","1.0","1.0","1.0","1.0","1.0","1.0","1.0","1.0","1.0","1.0","1.0","1.0","1.0","1.0","1.0","1.0","1.0","1.0","1.0","1.0","1.0","1.0","1.0","1.0","1.0","1.0","1.0","1.0","1.0","1.0","1.0","1.0","1.0","1.0","1.0","1.0","1.0","1.0","1.0","1.0","1.0","1.0","1.0","1.0","1.0","1.0","1.0","1.0","1.0","1.0","1.0","1.0","1.0","1.0","1.0","1.0","1.0","1.0","1.0","1.0","1.0","1.0","1.0","1.0","1.0","1.0","1.0","1.0","1.0","1.0","1.0","1.0","1.0","1.0","1.0","1.0","1.0","1.0","1.0","1.0","1.0","1.0","1.0","1.0","1.0","1.0","1.0","1.0","1.0","1.0","1.0","1.0","1.0","1.0","1.0","1.0","1.0","1.0","1.0","1.0","1.0","1.0","1.0","1.0","1.0","1.0","1.0","1.0","1.0","1.0","1.0","1.0","1.0","1.0","1.0","1.0","1.0","1.0","1.0","1.0","1.0","1.0","1.0","1.0","1.0","1.0","1.0","1.0","1.0","1.0","1.0","1.0","1.0","1.0","1.0","1.0","1.0","1.0","1.0","1.0","1.0","1.0","1.0","1.0","1.0","1.0","1.0","1.0","1.0","1.0","1.0","1.0","1.0","1.0","1.0","1.0","1.0","1.0","1.0","1.0","1.0","1.0","1.0","1.0","1.0","1.0","1.0","1.0","1.0","1.0","1.0","1.0","1.0","1.0","1.0","1.0","1.0","1.0","1.0","1.0","1.0","1.0","1.0","1.0","1.0","1.0","1.0","1.0","1.0","1.0","1.0","1.0","1.0","1.0","1.0","1.0","1.0","1.0","1.0","1.0","1.0","1.0","1.0","1.0","1.0","1.0","1.0","1.0","1.0","1.0","1.0","1.0","1.0","1.0","1.0","1.0","1.0","1.0","1.0","1.0","1.0","1.0","1.0","1.0","1.0","1.0","1.0","1.0","1.0","1.0","1.0","1.0","1.0","1.0","1.0","1.0","1.0","1.0","1.0","1.0","1.0","1.0","1.0","1.0","1.0","1.0","1.0","1.0","1.0","1.0","1.0","1.0","1.0","1.0","1.0","1.0","1.0","1.0","1.0","1.0","1.0","1.0","1.0","1.0","1.0","1.0","1.0","1.0","1.0","1.0","1.0","1.0","1.0","1.0","1.0","1.0","1.0","1.0","1.0","1.0","1.0","1.0","1.0","1.0","1.0","1.0","1.0","1.0","1.0","1.0","1.0","1.0","1.0","1.0","1.0","1.0","1.0","1.0","1.0","1.0","1.0","1.0","1.0","1.0","1.0","1.0","1.0","1.0","1.0","1.0","1.0","1.0","1.0","1.0","1.0","1.0","1.0","1.0","1.0","1.0","1.0","1.0","1.0","1.0","1.0","1.0","1.0","1.0","1.0","1.0","1.0","1.0","1.0","1.0","1.0","1.0","1.0","1.0","14","144"
"WSPy-NoTypes","mimesis.providers.path","1590999355944401997","1525","777105827897","0.35714285714285715","7","130","7","130","0.35714285714285715","0.35714285714285715","0.35714285714285715","0.35714285714285715","0.35714285714285715","0.35714285714285715","0.35714285714285715","0.35714285714285715","0.35714285714285715","0.35714285714285715","0.35714285714285715","0.35714285714285715","0.35714285714285715","0.35714285714285715","0.35714285714285715","0.35714285714285715","0.35714285714285715","0.35714285714285715","0.35714285714285715","0.35714285714285715","0.35714285714285715","0.35714285714285715","0.35714285714285715","0.35714285714285715","0.35714285714285715","0.35714285714285715","0.35714285714285715","0.35714285714285715","0.35714285714285715","0.35714285714285715","0.35714285714285715","0.35714285714285715","0.35714285714285715","0.35714285714285715","0.35714285714285715","0.35714285714285715","0.35714285714285715","0.35714285714285715","0.35714285714285715","0.35714285714285715","0.35714285714285715","0.35714285714285715","0.35714285714285715","0.35714285714285715","0.35714285714285715","0.35714285714285715","0.35714285714285715","0.35714285714285715","0.35714285714285715","0.35714285714285715","0.35714285714285715","0.35714285714285715","0.35714285714285715","0.35714285714285715","0.35714285714285715","0.35714285714285715","0.35714285714285715","0.35714285714285715","0.35714285714285715","0.35714285714285715","0.35714285714285715","0.35714285714285715","0.35714285714285715","0.35714285714285715","0.35714285714285715","0.35714285714285715","0.35714285714285715","0.35714285714285715","0.35714285714285715","0.35714285714285715","0.35714285714285715","0.35714285714285715","0.35714285714285715","0.35714285714285715","0.35714285714285715","0.35714285714285715","0.35714285714285715","0.35714285714285715","0.35714285714285715","0.35714285714285715","0.35714285714285715","0.35714285714285715","0.35714285714285715","0.35714285714285715","0.35714285714285715","0.35714285714285715","0.35714285714285715","0.35714285714285715","0.35714285714285715","0.35714285714285715","0.35714285714285715","0.35714285714285715","0.35714285714285715","0.35714285714285715","0.35714285714285715","0.35714285714285715","0.35714285714285715","0.35714285714285715","0.35714285714285715","0.35714285714285715","0.35714285714285715","0.35714285714285715","0.35714285714285715","0.35714285714285715","0.35714285714285715","0.35714285714285715","0.35714285714285715","0.35714285714285715","0.35714285714285715","0.35714285714285715","0.35714285714285715","0.35714285714285715","0.35714285714285715","0.35714285714285715","0.35714285714285715","0.35714285714285715","0.35714285714285715","0.35714285714285715","0.35714285714285715","0.35714285714285715","0.35714285714285715","0.35714285714285715","0.35714285714285715","0.35714285714285715","0.35714285714285715","0.35714285714285715","0.35714285714285715","0.35714285714285715","0.35714285714285715","0.35714285714285715","0.35714285714285715","0.35714285714285715","0.35714285714285715","0.35714285714285715","0.35714285714285715","0.35714285714285715","0.35714285714285715","0.35714285714285715","0.35714285714285715","0.35714285714285715","0.35714285714285715","0.35714285714285715","0.35714285714285715","0.35714285714285715","0.35714285714285715","0.35714285714285715","0.35714285714285715","0.35714285714285715","0.35714285714285715","0.35714285714285715","0.35714285714285715","0.35714285714285715","0.35714285714285715","0.35714285714285715","0.35714285714285715","0.35714285714285715","0.35714285714285715","0.35714285714285715","0.35714285714285715","0.35714285714285715","0.35714285714285715","0.35714285714285715","0.35714285714285715","0.35714285714285715","0.35714285714285715","0.35714285714285715","0.35714285714285715","0.35714285714285715","0.35714285714285715","0.35714285714285715","0.35714285714285715","0.35714285714285715","0.35714285714285715","0.35714285714285715","0.35714285714285715","0.35714285714285715","0.35714285714285715","0.35714285714285715","0.35714285714285715","0.35714285714285715","0.35714285714285715","0.35714285714285715","0.35714285714285715","0.35714285714285715","0.35714285714285715","0.35714285714285715","0.35714285714285715","0.35714285714285715","0.35714285714285715","0.35714285714285715","0.35714285714285715","0.35714285714285715","0.35714285714285715","0.35714285714285715","0.35714285714285715","0.35714285714285715","0.35714285714285715","0.35714285714285715","0.35714285714285715","0.35714285714285715","0.35714285714285715","0.35714285714285715","0.35714285714285715","0.35714285714285715","0.35714285714285715","0.35714285714285715","0.35714285714285715","0.35714285714285715","0.35714285714285715","0.35714285714285715","0.35714285714285715","0.35714285714285715","0.35714285714285715","0.35714285714285715","0.35714285714285715","0.35714285714285715","0.35714285714285715","0.35714285714285715","0.35714285714285715","0.35714285714285715","0.35714285714285715","0.35714285714285715","0.35714285714285715","0.35714285714285715","0.35714285714285715","0.35714285714285715","0.35714285714285715","0.35714285714285715","0.35714285714285715","0.35714285714285715","0.35714285714285715","0.35714285714285715","0.35714285714285715","0.35714285714285715","0.35714285714285715","0.35714285714285715","0.35714285714285715","0.35714285714285715","0.35714285714285715","0.35714285714285715","0.35714285714285715","0.35714285714285715","0.35714285714285715","0.35714285714285715","0.35714285714285715","0.35714285714285715","0.35714285714285715","0.35714285714285715","0.35714285714285715","0.35714285714285715","0.35714285714285715","0.35714285714285715","0.35714285714285715","0.35714285714285715","0.35714285714285715","0.35714285714285715","0.35714285714285715","0.35714285714285715","0.35714285714285715","0.35714285714285715","0.35714285714285715","0.35714285714285715","0.35714285714285715","0.35714285714285715","0.35714285714285715","0.35714285714285715","0.35714285714285715","0.35714285714285715","0.35714285714285715","0.35714285714285715","0.35714285714285715","0.35714285714285715","0.35714285714285715","0.35714285714285715","0.35714285714285715","0.35714285714285715","0.35714285714285715","0.35714285714285715","0.35714285714285715","0.35714285714285715","0.35714285714285715","0.35714285714285715","0.35714285714285715","0.35714285714285715","0.35714285714285715","0.35714285714285715","0.35714285714285715","0.35714285714285715","0.35714285714285715","0.35714285714285715","0.35714285714285715","0.35714285714285715","0.35714285714285715","0.35714285714285715","0.35714285714285715","0.35714285714285715","0.35714285714285715","0.35714285714285715","0.35714285714285715","0.35714285714285715","0.35714285714285715","0.35714285714285715","0.35714285714285715","0.35714285714285715","0.35714285714285715","0.35714285714285715","0.35714285714285715","0.35714285714285715","0.35714285714285715","0.35714285714285715","0.35714285714285715","0.35714285714285715","0.35714285714285715","0.35714285714285715","0.35714285714285715","0.35714285714285715","0.35714285714285715","0.35714285714285715","0.35714285714285715","0.35714285714285715","0.35714285714285715","0.35714285714285715","0.35714285714285715","0.35714285714285715","0.35714285714285715","0.35714285714285715","0.35714285714285715","0.35714285714285715","0.35714285714285715","0.35714285714285715","0.35714285714285715","0.35714285714285715","0.35714285714285715","0.35714285714285715","0.35714285714285715","0.35714285714285715","0.35714285714285715","0.35714285714285715","0.35714285714285715","0.35714285714285715","0.35714285714285715","0.35714285714285715","0.35714285714285715","0.35714285714285715","0.35714285714285715","0.35714285714285715","0.35714285714285715","0.35714285714285715","0.35714285714285715","0.35714285714285715","0.35714285714285715","0.35714285714285715","0.35714285714285715","0.35714285714285715","0.35714285714285715","0.35714285714285715","0.35714285714285715","0.35714285714285715","0.35714285714285715","0.35714285714285715","0.35714285714285715","0.35714285714285715","0.35714285714285715","0.35714285714285715","0.35714285714285715","0.35714285714285715","0.35714285714285715","0.35714285714285715","0.35714285714285715","0.35714285714285715","0.35714285714285715","0.35714285714285715","0.35714285714285715","0.35714285714285715","0.35714285714285715","0.35714285714285715","0.35714285714285715","0.35714285714285715","0.35714285714285715","0.35714285714285715","0.35714285714285715","0.35714285714285715","0.35714285714285715","0.35714285714285715","0.35714285714285715","0.35714285714285715","0.35714285714285715","0.35714285714285715","0.35714285714285715","0.35714285714285715","0.35714285714285715","0.35714285714285715","0.35714285714285715","0.35714285714285715","0.35714285714285715","0.35714285714285715","0.35714285714285715","0.35714285714285715","0.35714285714285715","0.35714285714285715","0.35714285714285715","0.35714285714285715","0.35714285714285715","0.35714285714285715","0.35714285714285715","0.35714285714285715","0.35714285714285715","0.35714285714285715","0.35714285714285715","0.35714285714285715","0.35714285714285715","0.35714285714285715","0.35714285714285715","0.35714285714285715","0.35714285714285715","0.35714285714285715","0.35714285714285715","0.35714285714285715","0.35714285714285715","0.35714285714285715","0.35714285714285715","0.35714285714285715","0.35714285714285715","0.35714285714285715","0.35714285714285715","0.35714285714285715","0.35714285714285715","0.35714285714285715","0.35714285714285715","0.35714285714285715","0.35714285714285715","0.35714285714285715","0.35714285714285715","0.35714285714285715","0.35714285714285715","0.35714285714285715","0.35714285714285715","0.35714285714285715","0.35714285714285715","0.35714285714285715","0.35714285714285715","0.35714285714285715","0.35714285714285715","0.35714285714285715","0.35714285714285715","0.35714285714285715","0.35714285714285715","0.35714285714285715","0.35714285714285715","0.35714285714285715","0.35714285714285715","0.35714285714285715","0.35714285714285715","0.35714285714285715","0.35714285714285715","0.35714285714285715","0.35714285714285715","0.35714285714285715","0.35714285714285715","0.35714285714285715","0.35714285714285715","0.35714285714285715","0.35714285714285715","0.35714285714285715","0.35714285714285715","0.35714285714285715","0.35714285714285715","0.35714285714285715","0.35714285714285715","0.35714285714285715","0.35714285714285715","0.35714285714285715","0.35714285714285715","0.35714285714285715","0.35714285714285715","0.35714285714285715","0.35714285714285715","0.35714285714285715","0.35714285714285715","0.35714285714285715","0.35714285714285715","0.35714285714285715","0.35714285714285715","0.35714285714285715","0.35714285714285715","0.35714285714285715","0.35714285714285715","0.35714285714285715","0.35714285714285715","0.35714285714285715","0.35714285714285715","0.35714285714285715","0.35714285714285715","0.35714285714285715","0.35714285714285715","0.35714285714285715","0.35714285714285715","0.35714285714285715","0.35714285714285715","0.35714285714285715","0.35714285714285715","0.35714285714285715","0.35714285714285715","0.35714285714285715","0.35714285714285715","0.35714285714285715","0.35714285714285715","0.35714285714285715","0.35714285714285715","0.35714285714285715","0.35714285714285715","0.35714285714285715","0.35714285714285715","0.35714285714285715","0.35714285714285715","0.35714285714285715","0.35714285714285715","0.35714285714285715","0.35714285714285715","0.35714285714285715","0.35714285714285715","0.35714285714285715","0.35714285714285715","0.35714285714285715","0.35714285714285715","0.35714285714285715","0.35714285714285715","0.35714285714285715","0.35714285714285715","0.35714285714285715","0.35714285714285715","0.35714285714285715","0.35714285714285715","0.35714285714285715","0.35714285714285715","0.35714285714285715","0.35714285714285715","0.35714285714285715","0.35714285714285715","0.35714285714285715","0.35714285714285715","0.35714285714285715","0.35714285714285715","0.35714285714285715","0.35714285714285715","0.35714285714285715","0.35714285714285715","0.35714285714285715","0.35714285714285715","0.35714285714285715","0.35714285714285715","0.35714285714285715","0.35714285714285715","0.35714285714285715","0.35714285714285715","0.35714285714285715","0.35714285714285715","0.35714285714285715","0.35714285714285715","0.35714285714285715","0.35714285714285715","0.35714285714285715","0.35714285714285715","0.35714285714285715","0.35714285714285715","0.35714285714285715","0.35714285714285715","0.35714285714285715","0.35714285714285715","0.35714285714285715","0.35714285714285715","0.35714285714285715","0.35714285714285715","0.35714285714285715","0.35714285714285715","0.35714285714285715","0.35714285714285715","0.35714285714285715","0.35714285714285715","0.35714285714285715","0.35714285714285715","0.35714285714285715","0.35714285714285715","0.35714285714285715","0.35714285714285715","0.35714285714285715","0.35714285714285715","0.35714285714285715","0.35714285714285715","0.35714285714285715","0.35714285714285715","0.35714285714285715","0.35714285714285715","0.35714285714285715","0.35714285714285715","0.35714285714285715","0.35714285714285715","0.35714285714285715","0.35714285714285715","0.35714285714285715","0","0"
"WSPy-TypeHintsInference","mimesis.providers.development","1590998546159866406","0","2651496132","1.0","7","165","2","46","1.0","1.0","1.0","1.0","1.0","1.0","1.0","1.0","1.0","1.0","1.0","1.0","1.0","1.0","1.0","1.0","1.0","1.0","1.0","1.0","1.0","1.0","1.0","1.0","1.0","1.0","1.0","1.0","1.0","1.0","1.0","1.0","1.0","1.0","1.0","1.0","1.0","1.0","1.0","1.0","1.0","1.0","1.0","1.0","1.0","1.0","1.0","1.0","1.0","1.0","1.0","1.0","1.0","1.0","1.0","1.0","1.0","1.0","1.0","1.0","1.0","1.0","1.0","1.0","1.0","1.0","1.0","1.0","1.0","1.0","1.0","1.0","1.0","1.0","1.0","1.0","1.0","1.0","1.0","1.0","1.0","1.0","1.0","1.0","1.0","1.0","1.0","1.0","1.0","1.0","1.0","1.0","1.0","1.0","1.0","1.0","1.0","1.0","1.0","1.0","1.0","1.0","1.0","1.0","1.0","1.0","1.0","1.0","1.0","1.0","1.0","1.0","1.0","1.0","1.0","1.0","1.0","1.0","1.0","1.0","1.0","1.0","1.0","1.0","1.0","1.0","1.0","1.0","1.0","1.0","1.0","1.0","1.0","1.0","1.0","1.0","1.0","1.0","1.0","1.0","1.0","1.0","1.0","1.0","1.0","1.0","1.0","1.0","1.0","1.0","1.0","1.0","1.0","1.0","1.0","1.0","1.0","1.0","1.0","1.0","1.0","1.0","1.0","1.0","1.0","1.0","1.0","1.0","1.0","1.0","1.0","1.0","1.0","1.0","1.0","1.0","1.0","1.0","1.0","1.0","1.0","1.0","1.0","1.0","1.0","1.0","1.0","1.0","1.0","1.0","1.0","1.0","1.0","1.0","1.0","1.0","1.0","1.0","1.0","1.0","1.0","1.0","1.0","1.0","1.0","1.0","1.0","1.0","1.0","1.0","1.0","1.0","1.0","1.0","1.0","1.0","1.0","1.0","1.0","1.0","1.0","1.0","1.0","1.0","1.0","1.0","1.0","1.0","1.0","1.0","1.0","1.0","1.0","1.0","1.0","1.0","1.0","1.0","1.0","1.0","1.0","1.0","1.0","1.0","1.0","1.0","1.0","1.0","1.0","1.0","1.0","1.0","1.0","1.0","1.0","1.0","1.0","1.0","1.0","1.0","1.0","1.0","1.0","1.0","1.0","1.0","1.0","1.0","1.0","1.0","1.0","1.0","1.0","1.0","1.0","1.0","1.0","1.0","1.0","1.0","1.0","1.0","1.0","1.0","1.0","1.0","1.0","1.0","1.0","1.0","1.0","1.0","1.0","1.0","1.0","1.0","1.0","1.0","1.0","1.0","1.0","1.0","1.0","1.0","1.0","1.0","1.0","1.0","1.0","1.0","1.0","1.0","1.0","1.0","1.0","1.0","1.0","1.0","1.0","1.0","1.0","1.0","1.0","1.0","1.0","1.0","1.0","1.0","1.0","1.0","1.0","1.0","1.0","1.0","1.0","1.0","1.0","1.0","1.0","1.0","1.0","1.0","1.0","1.0","1.0","1.0","1.0","1.0","1.0","1.0","1.0","1.0","1.0","1.0","1.0","1.0","1.0","1.0","1.0","1.0","1.0","1.0","1.0","1.0","1.0","1.0","1.0","1.0","1.0","1.0","1.0","1.0","1.0","1.0","1.0","1.0","1.0","1.0","1.0","1.0","1.0","1.0","1.0","1.0","1.0","1.0","1.0","1.0","1.0","1.0","1.0","1.0","1.0","1.0","1.0","1.0","1.0","1.0","1.0","1.0","1.0","1.0","1.0","1.0","1.0","1.0","1.0","1.0","1.0","1.0","1.0","1.0","1.0","1.0","1.0","1.0","1.0","1.0","1.0","1.0","1.0","1.0","1.0","1.0","1.0","1.0","1.0","1.0","1.0","1.0","1.0","1.0","1.0","1.0","1.0","1.0","1.0","1.0","1.0","1.0","1.0","1.0","1.0","1.0","1.0","1.0","1.0","1.0","1.0","1.0","1.0","1.0","1.0","1.0","1.0","1.0","1.0","1.0","1.0","1.0","1.0","1.0","1.0","1.0","1.0","1.0","1.0","1.0","1.0","1.0","1.0","1.0","1.0","1.0","1.0","1.0","1.0","1.0","1.0","1.0","1.0","1.0","1.0","1.0","1.0","1.0","1.0","1.0","1.0","1.0","1.0","1.0","1.0","1.0","1.0","1.0","1.0","1.0","1.0","1.0","1.0","1.0","1.0","1.0","1.0","1.0","1.0","1.0","1.0","1.0","1.0","1.0","1.0","1.0","1.0","1.0","1.0","1.0","1.0","1.0","1.0","1.0","1.0","1.0","1.0","1.0","1.0","1.0","1.0","1.0","1.0","1.0","1.0","1.0","1.0","1.0","1.0","1.0","1.0","1.0","1.0","1.0","1.0","1.0","1.0","1.0","1.0","1.0","1.0","1.0","1.0","1.0","1.0","1.0","1.0","1.0","1.0","1.0","1.0","1.0","1.0","1.0","1.0","1.0","1.0","1.0","1.0","1.0","1.0","1.0","1.0","1.0","1.0","1.0","1.0","1.0","1.0","1.0","1.0","1.0","1.0","1.0","1.0","1.0","1.0","1.0","1.0","1.0","1.0","1.0","1.0","1.0","1.0","1.0","1.0","1.0","1.0","1.0","1.0","1.0","5","119"
"WSPy-NoTypes","mimesis.providers.hardware","1590999355942233716","0","2984251626","1.0","7","151","2","63","1.0","1.0","1.0","1.0","1.0","1.0","1.0","1.0","1.0","1.0","1.0","1.0","1.0","1.0","1.0","1.0","1.0","1.0","1.0","1.0","1.0","1.0","1.0","1.0","1.0","1.0","1.0","1.0","1.0","1.0","1.0","1.0","1.0","1.0","1.0","1.0","1.0","1.0","1.0","1.0","1.0","1.0","1.0","1.0","1.0","1.0","1.0","1.0","1.0","1.0","1.0","1.0","1.0","1.0","1.0","1.0","1.0","1.0","1.0","1.0","1.0","1.0","1.0","1.0","1.0","1.0","1.0","1.0","1.0","1.0","1.0","1.0","1.0","1.0","1.0","1.0","1.0","1.0","1.0","1.0","1.0","1.0","1.0","1.0","1.0","1.0","1.0","1.0","1.0","1.0","1.0","1.0","1.0","1.0","1.0","1.0","1.0","1.0","1.0","1.0","1.0","1.0","1.0","1.0","1.0","1.0","1.0","1.0","1.0","1.0","1.0","1.0","1.0","1.0","1.0","1.0","1.0","1.0","1.0","1.0","1.0","1.0","1.0","1.0","1.0","1.0","1.0","1.0","1.0","1.0","1.0","1.0","1.0","1.0","1.0","1.0","1.0","1.0","1.0","1.0","1.0","1.0","1.0","1.0","1.0","1.0","1.0","1.0","1.0","1.0","1.0","1.0","1.0","1.0","1.0","1.0","1.0","1.0","1.0","1.0","1.0","1.0","1.0","1.0","1.0","1.0","1.0","1.0","1.0","1.0","1.0","1.0","1.0","1.0","1.0","1.0","1.0","1.0","1.0","1.0","1.0","1.0","1.0","1.0","1.0","1.0","1.0","1.0","1.0","1.0","1.0","1.0","1.0","1.0","1.0","1.0","1.0","1.0","1.0","1.0","1.0","1.0","1.0","1.0","1.0","1.0","1.0","1.0","1.0","1.0","1.0","1.0","1.0","1.0","1.0","1.0","1.0","1.0","1.0","1.0","1.0","1.0","1.0","1.0","1.0","1.0","1.0","1.0","1.0","1.0","1.0","1.0","1.0","1.0","1.0","1.0","1.0","1.0","1.0","1.0","1.0","1.0","1.0","1.0","1.0","1.0","1.0","1.0","1.0","1.0","1.0","1.0","1.0","1.0","1.0","1.0","1.0","1.0","1.0","1.0","1.0","1.0","1.0","1.0","1.0","1.0","1.0","1.0","1.0","1.0","1.0","1.0","1.0","1.0","1.0","1.0","1.0","1.0","1.0","1.0","1.0","1.0","1.0","1.0","1.0","1.0","1.0","1.0","1.0","1.0","1.0","1.0","1.0","1.0","1.0","1.0","1.0","1.0","1.0","1.0","1.0","1.0","1.0","1.0","1.0","1.0","1.0","1.0","1.0","1.0","1.0","1.0","1.0","1.0","1.0","1.0","1.0","1.0","1.0","1.0","1.0","1.0","1.0","1.0","1.0","1.0","1.0","1.0","1.0","1.0","1.0","1.0","1.0","1.0","1.0","1.0","1.0","1.0","1.0","1.0","1.0","1.0","1.0","1.0","1.0","1.0","1.0","1.0","1.0","1.0","1.0","1.0","1.0","1.0","1.0","1.0","1.0","1.0","1.0","1.0","1.0","1.0","1.0","1.0","1.0","1.0","1.0","1.0","1.0","1.0","1.0","1.0","1.0","1.0","1.0","1.0","1.0","1.0","1.0","1.0","1.0","1.0","1.0","1.0","1.0","1.0","1.0","1.0","1.0","1.0","1.0","1.0","1.0","1.0","1.0","1.0","1.0","1.0","1.0","1.0","1.0","1.0","1.0","1.0","1.0","1.0","1.0","1.0","1.0","1.0","1.0","1.0","1.0","1.0","1.0","1.0","1.0","1.0","1.0","1.0","1.0","1.0","1.0","1.0","1.0","1.0","1.0","1.0","1.0","1.0","1.0","1.0","1.0","1.0","1.0","1.0","1.0","1.0","1.0","1.0","1.0","1.0","1.0","1.0","1.0","1.0","1.0","1.0","1.0","1.0","1.0","1.0","1.0","1.0","1.0","1.0","1.0","1.0","1.0","1.0","1.0","1.0","1.0","1.0","1.0","1.0","1.0","1.0","1.0","1.0","1.0","1.0","1.0","1.0","1.0","1.0","1.0","1.0","1.0","1.0","1.0","1.0","1.0","1.0","1.0","1.0","1.0","1.0","1.0","1.0","1.0","1.0","1.0","1.0","1.0","1.0","1.0","1.0","1.0","1.0","1.0","1.0","1.0","1.0","1.0","1.0","1.0","1.0","1.0","1.0","1.0","1.0","1.0","1.0","1.0","1.0","1.0","1.0","1.0","1.0","1.0","1.0","1.0","1.0","1.0","1.0","1.0","1.0","1.0","1.0","1.0","1.0","1.0","1.0","1.0","1.0","1.0","1.0","1.0","1.0","1.0","1.0","1.0","1.0","1.0","1.0","1.0","1.0","1.0","1.0","1.0","1.0","1.0","1.0","1.0","1.0","1.0","1.0","1.0","1.0","1.0","1.0","1.0","1.0","1.0","1.0","1.0","1.0","1.0","1.0","1.0","1.0","1.0","1.0","1.0","1.0","1.0","1.0","1.0","1.0","1.0","1.0","1.0","1.0","1.0","1.0","1.0","1.0","1.0","1.0","1.0","1.0","1.0","1.0","1.0","1.0","1.0","1.0","1.0","1.0","5","88"
"RandooPy-NoTypes","mimesis.builtins.base","1590999147711335637","1","4098709","1.0","1","1","0","0","1.0","1.0","1.0","1.0","1.0","1.0","1.0","1.0","1.0","1.0","1.0","1.0","1.0","1.0","1.0","1.0","1.0","1.0","1.0","1.0","1.0","1.0","1.0","1.0","1.0","1.0","1.0","1.0","1.0","1.0","1.0","1.0","1.0","1.0","1.0","1.0","1.0","1.0","1.0","1.0","1.0","1.0","1.0","1.0","1.0","1.0","1.0","1.0","1.0","1.0","1.0","1.0","1.0","1.0","1.0","1.0","1.0","1.0","1.0","1.0","1.0","1.0","1.0","1.0","1.0","1.0","1.0","1.0","1.0","1.0","1.0","1.0","1.0","1.0","1.0","1.0","1.0","1.0","1.0","1.0","1.0","1.0","1.0","1.0","1.0","1.0","1.0","1.0","1.0","1.0","1.0","1.0","1.0","1.0","1.0","1.0","1.0","1.0","1.0","1.0","1.0","1.0","1.0","1.0","1.0","1.0","1.0","1.0","1.0","1.0","1.0","1.0","1.0","1.0","1.0","1.0","1.0","1.0","1.0","1.0","1.0","1.0","1.0","1.0","1.0","1.0","1.0","1.0","1.0","1.0","1.0","1.0","1.0","1.0","1.0","1.0","1.0","1.0","1.0","1.0","1.0","1.0","1.0","1.0","1.0","1.0","1.0","1.0","1.0","1.0","1.0","1.0","1.0","1.0","1.0","1.0","1.0","1.0","1.0","1.0","1.0","1.0","1.0","1.0","1.0","1.0","1.0","1.0","1.0","1.0","1.0","1.0","1.0","1.0","1.0","1.0","1.0","1.0","1.0","1.0","1.0","1.0","1.0","1.0","1.0","1.0","1.0","1.0","1.0","1.0","1.0","1.0","1.0","1.0","1.0","1.0","1.0","1.0","1.0","1.0","1.0","1.0","1.0","1.0","1.0","1.0","1.0","1.0","1.0","1.0","1.0","1.0","1.0","1.0","1.0","1.0","1.0","1.0","1.0","1.0","1.0","1.0","1.0","1.0","1.0","1.0","1.0","1.0","1.0","1.0","1.0","1.0","1.0","1.0","1.0","1.0","1.0","1.0","1.0","1.0","1.0","1.0","1.0","1.0","1.0","1.0","1.0","1.0","1.0","1.0","1.0","1.0","1.0","1.0","1.0","1.0","1.0","1.0","1.0","1.0","1.0","1.0","1.0","1.0","1.0","1.0","1.0","1.0","1.0","1.0","1.0","1.0","1.0","1.0","1.0","1.0","1.0","1.0","1.0","1.0","1.0","1.0","1.0","1.0","1.0","1.0","1.0","1.0","1.0","1.0","1.0","1.0","1.0","1.0","1.0","1.0","1.0","1.0","1.0","1.0","1.0","1.0","1.0","1.0","1.0","1.0","1.0","1.0","1.0","1.0","1.0","1.0","1.0","1.0","1.0","1.0","1.0","1.0","1.0","1.0","1.0","1.0","1.0","1.0","1.0","1.0","1.0","1.0","1.0","1.0","1.0","1.0","1.0","1.0","1.0","1.0","1.0","1.0","1.0","1.0","1.0","1.0","1.0","1.0","1.0","1.0","1.0","1.0","1.0","1.0","1.0","1.0","1.0","1.0","1.0","1.0","1.0","1.0","1.0","1.0","1.0","1.0","1.0","1.0","1.0","1.0","1.0","1.0","1.0","1.0","1.0","1.0","1.0","1.0","1.0","1.0","1.0","1.0","1.0","1.0","1.0","1.0","1.0","1.0","1.0","1.0","1.0","1.0","1.0","1.0","1.0","1.0","1.0","1.0","1.0","1.0","1.0","1.0","1.0","1.0","1.0","1.0","1.0","1.0","1.0","1.0","1.0","1.0","1.0","1.0","1.0","1.0","1.0","1.0","1.0","1.0","1.0","1.0","1.0","1.0","1.0","1.0","1.0","1.0","1.0","1.0","1.0","1.0","1.0","1.0","1.0","1.0","1.0","1.0","1.0","1.0","1.0","1.0","1.0","1.0","1.0","1.0","1.0","1.0","1.0","1.0","1.0","1.0","1.0","1.0","1.0","1.0","1.0","1.0","1.0","1.0","1.0","1.0","1.0","1.0","1.0","1.0","1.0","1.0","1.0","1.0","1.0","1.0","1.0","1.0","1.0","1.0","1.0","1.0","1.0","1.0","1.0","1.0","1.0","1.0","1.0","1.0","1.0","1.0","1.0","1.0","1.0","1.0","1.0","1.0","1.0","1.0","1.0","1.0","1.0","1.0","1.0","1.0","1.0","1.0","1.0","1.0","1.0","1.0","1.0","1.0","1.0","1.0","1.0","1.0","1.0","1.0","1.0","1.0","1.0","1.0","1.0","1.0","1.0","1.0","1.0","1.0","1.0","1.0","1.0","1.0","1.0","1.0","1.0","1.0","1.0","1.0","1.0","1.0","1.0","1.0","1.0","1.0","1.0","1.0","1.0","1.0","1.0","1.0","1.0","1.0","1.0","1.0","1.0","1.0","1.0","1.0","1.0","1.0","1.0","1.0","1.0","1.0","1.0","1.0","1.0","1.0","1.0","1.0","1.0","1.0","1.0","1.0","1.0","1.0","1.0","1.0","1.0","1.0","1.0","1.0","1.0","1.0","1.0","1.0","1.0","1.0","1.0","1.0","1.0","1.0","1.0","1.0","1.0","1.0","1.0","1.0","1.0","1.0","1.0","1.0","1.0","1.0","1.0","1.0","1","1"
"WSPy-NoTypes","mimesis.builtins.pl","1590999312430737492","883","600440140045","0.6666666666666666","10","225","7","195","0.6666666666666666","0.6666666666666666","0.6666666666666666","0.6666666666666666","0.6666666666666666","0.6666666666666666","0.6666666666666666","0.6666666666666666","0.6666666666666666","0.6666666666666666","0.6666666666666666","0.6666666666666666","0.6666666666666666","0.6666666666666666","0.6666666666666666","0.6666666666666666","0.6666666666666666","0.6666666666666666","0.6666666666666666","0.6666666666666666","0.6666666666666666","0.6666666666666666","0.6666666666666666","0.6666666666666666","0.6666666666666666","0.6666666666666666","0.6666666666666666","0.6666666666666666","0.6666666666666666","0.6666666666666666","0.6666666666666666","0.6666666666666666","0.6666666666666666","0.6666666666666666","0.6666666666666666","0.6666666666666666","0.6666666666666666","0.6666666666666666","0.6666666666666666","0.6666666666666666","0.6666666666666666","0.6666666666666666","0.6666666666666666","0.6666666666666666","0.6666666666666666","0.6666666666666666","0.6666666666666666","0.6666666666666666","0.6666666666666666","0.6666666666666666","0.6666666666666666","0.6666666666666666","0.6666666666666666","0.6666666666666666","0.6666666666666666","0.6666666666666666","0.6666666666666666","0.6666666666666666","0.6666666666666666","0.6666666666666666","0.6666666666666666","0.6666666666666666","0.6666666666666666","0.6666666666666666","0.6666666666666666","0.6666666666666666","0.6666666666666666","0.6666666666666666","0.6666666666666666","0.6666666666666666","0.6666666666666666","0.6666666666666666","0.6666666666666666","0.6666666666666666","0.6666666666666666","0.6666666666666666","0.6666666666666666","0.6666666666666666","0.6666666666666666","0.6666666666666666","0.6666666666666666","0.6666666666666666","0.6666666666666666","0.6666666666666666","0.6666666666666666","0.6666666666666666","0.6666666666666666","0.6666666666666666","0.6666666666666666","0.6666666666666666","0.6666666666666666","0.6666666666666666","0.6666666666666666","0.6666666666666666","0.6666666666666666","0.6666666666666666","0.6666666666666666","0.6666666666666666","0.6666666666666666","0.6666666666666666","0.6666666666666666","0.6666666666666666","0.6666666666666666","0.6666666666666666","0.6666666666666666","0.6666666666666666","0.6666666666666666","0.6666666666666666","0.6666666666666666","0.6666666666666666","0.6666666666666666","0.6666666666666666","0.6666666666666666","0.6666666666666666","0.6666666666666666","0.6666666666666666","0.6666666666666666","0.6666666666666666","0.6666666666666666","0.6666666666666666","0.6666666666666666","0.6666666666666666","0.6666666666666666","0.6666666666666666","0.6666666666666666","0.6666666666666666","0.6666666666666666","0.6666666666666666","0.6666666666666666","0.6666666666666666","0.6666666666666666","0.6666666666666666","0.6666666666666666","0.6666666666666666","0.6666666666666666","0.6666666666666666","0.6666666666666666","0.6666666666666666","0.6666666666666666","0.6666666666666666","0.6666666666666666","0.6666666666666666","0.6666666666666666","0.6666666666666666","0.6666666666666666","0.6666666666666666","0.6666666666666666","0.6666666666666666","0.6666666666666666","0.6666666666666666","0.6666666666666666","0.6666666666666666","0.6666666666666666","0.6666666666666666","0.6666666666666666","0.6666666666666666","0.6666666666666666","0.6666666666666666","0.6666666666666666","0.6666666666666666","0.6666666666666666","0.6666666666666666","0.6666666666666666","0.6666666666666666","0.6666666666666666","0.6666666666666666","0.6666666666666666","0.6666666666666666","0.6666666666666666","0.6666666666666666","0.6666666666666666","0.6666666666666666","0.6666666666666666","0.6666666666666666","0.6666666666666666","0.6666666666666666","0.6666666666666666","0.6666666666666666","0.6666666666666666","0.6666666666666666","0.6666666666666666","0.6666666666666666","0.6666666666666666","0.6666666666666666","0.6666666666666666","0.6666666666666666","0.6666666666666666","0.6666666666666666","0.6666666666666666","0.6666666666666666","0.6666666666666666","0.6666666666666666","0.6666666666666666","0.6666666666666666","0.6666666666666666","0.6666666666666666","0.6666666666666666","0.6666666666666666","0.6666666666666666","0.6666666666666666","0.6666666666666666","0.6666666666666666","0.6666666666666666","0.6666666666666666","0.6666666666666666","0.6666666666666666","0.6666666666666666","0.6666666666666666","0.6666666666666666","0.6666666666666666","0.6666666666666666","0.6666666666666666","0.6666666666666666","0.6666666666666666","0.6666666666666666","0.6666666666666666","0.6666666666666666","0.6666666666666666","0.6666666666666666","0.6666666666666666","0.6666666666666666","0.6666666666666666","0.6666666666666666","0.6666666666666666","0.6666666666666666","0.6666666666666666","0.6666666666666666","0.6666666666666666","0.6666666666666666","0.6666666666666666","0.6666666666666666","0.6666666666666666","0.6666666666666666","0.6666666666666666","0.6666666666666666","0.6666666666666666","0.6666666666666666","0.6666666666666666","0.6666666666666666","0.6666666666666666","0.6666666666666666","0.6666666666666666","0.6666666666666666","0.6666666666666666","0.6666666666666666","0.6666666666666666","0.6666666666666666","0.6666666666666666","0.6666666666666666","0.6666666666666666","0.6666666666666666","0.6666666666666666","0.6666666666666666","0.6666666666666666","0.6666666666666666","0.6666666666666666","0.6666666666666666","0.6666666666666666","0.6666666666666666","0.6666666666666666","0.6666666666666666","0.6666666666666666","0.6666666666666666","0.6666666666666666","0.6666666666666666","0.6666666666666666","0.6666666666666666","0.6666666666666666","0.6666666666666666","0.6666666666666666","0.6666666666666666","0.6666666666666666","0.6666666666666666","0.6666666666666666","0.6666666666666666","0.6666666666666666","0.6666666666666666","0.6666666666666666","0.6666666666666666","0.6666666666666666","0.6666666666666666","0.6666666666666666","0.6666666666666666","0.6666666666666666","0.6666666666666666","0.6666666666666666","0.6666666666666666","0.6666666666666666","0.6666666666666666","0.6666666666666666","0.6666666666666666","0.6666666666666666","0.6666666666666666","0.6666666666666666","0.6666666666666666","0.6666666666666666","0.6666666666666666","0.6666666666666666","0.6666666666666666","0.6666666666666666","0.6666666666666666","0.6666666666666666","0.6666666666666666","0.6666666666666666","0.6666666666666666","0.6666666666666666","0.6666666666666666","0.6666666666666666","0.6666666666666666","0.6666666666666666","0.6666666666666666","0.6666666666666666","0.6666666666666666","0.6666666666666666","0.6666666666666666","0.6666666666666666","0.6666666666666666","0.6666666666666666","0.6666666666666666","0.6666666666666666","0.6666666666666666","0.6666666666666666","0.6666666666666666","0.6666666666666666","0.6666666666666666","0.6666666666666666","0.6666666666666666","0.6666666666666666","0.6666666666666666","0.6666666666666666","0.6666666666666666","0.6666666666666666","0.6666666666666666","0.6666666666666666","0.6666666666666666","0.6666666666666666","0.6666666666666666","0.6666666666666666","0.6666666666666666","0.6666666666666666","0.6666666666666666","0.6666666666666666","0.6666666666666666","0.6666666666666666","0.6666666666666666","0.6666666666666666","0.6666666666666666","0.6666666666666666","0.6666666666666666","0.6666666666666666","0.6666666666666666","0.6666666666666666","0.6666666666666666","0.6666666666666666","0.6666666666666666","0.6666666666666666","0.6666666666666666","0.6666666666666666","0.6666666666666666","0.6666666666666666","0.6666666666666666","0.6666666666666666","0.6666666666666666","0.6666666666666666","0.6666666666666666","0.6666666666666666","0.6666666666666666","0.6666666666666666","0.6666666666666666","0.6666666666666666","0.6666666666666666","0.6666666666666666","0.6666666666666666","0.6666666666666666","0.6666666666666666","0.6666666666666666","0.6666666666666666","0.6666666666666666","0.6666666666666666","0.6666666666666666","0.6666666666666666","0.6666666666666666","0.6666666666666666","0.6666666666666666","0.6666666666666666","0.6666666666666666","0.6666666666666666","0.6666666666666666","0.6666666666666666","0.6666666666666666","0.6666666666666666","0.6666666666666666","0.6666666666666666","0.6666666666666666","0.6666666666666666","0.6666666666666666","0.6666666666666666","0.6666666666666666","0.6666666666666666","0.6666666666666666","0.6666666666666666","0.6666666666666666","0.6666666666666666","0.6666666666666666","0.6666666666666666","0.6666666666666666","0.6666666666666666","0.6666666666666666","0.6666666666666666","0.6666666666666666","0.6666666666666666","0.6666666666666666","0.6666666666666666","0.6666666666666666","0.6666666666666666","0.6666666666666666","0.6666666666666666","0.6666666666666666","0.6666666666666666","0.6666666666666666","0.6666666666666666","0.6666666666666666","0.6666666666666666","0.6666666666666666","0.6666666666666666","0.6666666666666666","0.6666666666666666","0.6666666666666666","0.6666666666666666","0.6666666666666666","0.6666666666666666","0.6666666666666666","0.6666666666666666","0.6666666666666666","0.6666666666666666","0.6666666666666666","0.6666666666666666","0.6666666666666666","0.6666666666666666","0.6666666666666666","0.6666666666666666","0.6666666666666666","0.6666666666666666","0.6666666666666666","0.6666666666666666","0.6666666666666666","0.6666666666666666","0.6666666666666666","0.6666666666666666","0.6666666666666666","0.6666666666666666","0.6666666666666666","0.6666666666666666","0.6666666666666666","0.6666666666666666","0.6666666666666666","0.6666666666666666","0.6666666666666666","0.6666666666666666","0.6666666666666666","0.6666666666666666","0.6666666666666666","0.6666666666666666","0.6666666666666666","0.6666666666666666","0.6666666666666666","0.6666666666666666","0.6666666666666666","0.6666666666666666","0.6666666666666666","0.6666666666666666","0.6666666666666666","0.6666666666666666","0.6666666666666666","0.6666666666666666","0.6666666666666666","0.6666666666666666","0.6666666666666666","0.6666666666666666","0.6666666666666666","0.6666666666666666","0.6666666666666666","0.6666666666666666","0.6666666666666666","0.6666666666666666","0.6666666666666666","0.6666666666666666","0.6666666666666666","0.6666666666666666","0.6666666666666666","0.6666666666666666","0.6666666666666666","0.6666666666666666","0.6666666666666666","0.6666666666666666","0.6666666666666666","0.6666666666666666","0.6666666666666666","0.6666666666666666","0.6666666666666666","0.6666666666666666","0.6666666666666666","0.6666666666666666","0.6666666666666666","0.6666666666666666","0.6666666666666666","0.6666666666666666","0.6666666666666666","0.6666666666666666","0.6666666666666666","0.6666666666666666","0.6666666666666666","0.6666666666666666","0.6666666666666666","0.6666666666666666","0.6666666666666666","0.6666666666666666","0.6666666666666666","0.6666666666666666","0.6666666666666666","0.6666666666666666","0.6666666666666666","0.6666666666666666","0.6666666666666666","0.6666666666666666","0.6666666666666666","0.6666666666666666","0.6666666666666666","0.6666666666666666","0.6666666666666666","0.6666666666666666","0.6666666666666666","0.6666666666666666","0.6666666666666666","0.6666666666666666","0.6666666666666666","0.6666666666666666","0.6666666666666666","0.6666666666666666","0.6666666666666666","0.6666666666666666","0.6666666666666666","0.6666666666666666","0.6666666666666666","0.6666666666666666","0.6666666666666666","0.6666666666666666","0.6666666666666666","0.6666666666666666","0.6666666666666666","0.6666666666666666","0.6666666666666666","0.6666666666666666","0.6666666666666666","0.6666666666666666","0.6666666666666666","0.6666666666666666","0.6666666666666666","0.6666666666666666","0.6666666666666666","0.6666666666666666","0.6666666666666666","0.6666666666666666","0.6666666666666666","0.6666666666666666","0.6666666666666666","0.6666666666666666","0.6666666666666666","0.6666666666666666","0.6666666666666666","0.6666666666666666","0.6666666666666666","0.6666666666666666","0.6666666666666666","0.6666666666666666","0.6666666666666666","0.6666666666666666","0.6666666666666666","0.6666666666666666","0.6666666666666666","0.6666666666666666","0.6666666666666666","0.6666666666666666","0.6666666666666666","0.6666666666666666","0.6666666666666666","0.6666666666666666","0.6666666666666666","0.6666666666666666","0.6666666666666666","0.6666666666666666","0.6666666666666666","0.6666666666666666","0.6666666666666666","0.6666666666666666","0.6666666666666666","0.6666666666666666","0.6666666666666666","0.6666666666666666","0.6666666666666666","3","30"
"RandooPy-TypeHintsInference","mimesis.providers.science","1590998510817357323","18","890286438727","1.0","18","224","0","0","0.9","0.9","0.9","0.9","0.9","0.9","0.9","0.9","0.9","0.9","0.9","0.9","0.9","0.9","0.9","0.9","0.9","0.9","0.9","0.9","0.9","0.9","0.9","0.9","0.9","0.9","0.9","0.9","0.9","0.9","0.9","0.9","0.9","0.9","0.9","0.9","0.9","0.9","0.9","0.9","0.9","0.9","0.9","0.9","0.9","0.9","0.9","0.9","0.9","0.9","0.9","0.9","0.9","0.9","0.9","0.9","0.9","0.9","0.9","0.9","0.9","0.9","0.9","0.9","0.9","0.9","0.9","0.9","0.9","0.9","0.9","0.9","0.9","0.9","0.9","0.9","0.9","0.9","0.9","0.9","0.9","0.9","0.9","0.9","0.9","0.9","0.9","0.9","0.9","0.9","0.9","0.9","0.9","0.9","0.9","0.9","0.9","0.9","0.9","0.9","0.9","0.9","0.9","0.9","0.9","0.9","0.9","0.9","0.9","0.9","0.9","0.9","0.9","0.9","0.9","0.9","0.9","0.9","0.9","0.9","0.9","0.9","0.9","0.9","0.9","0.9","0.9","0.9","0.9","0.9","0.9","0.9","0.9","0.9","0.9","0.9","0.9","0.9","0.9","0.9","0.9","0.9","0.9","0.9","0.9","0.9","0.9","0.9","0.9","0.9","0.9","0.9","0.9","0.9","0.9","0.9","0.9","0.9","0.9","0.9","0.9","0.9","0.9","0.9","0.9","0.9","0.9","0.9","0.9","0.9","0.9","0.9","0.9","0.9","0.9","0.9","0.9","0.9","0.9","0.9","0.9","0.9","0.9","0.9","0.9","0.9","0.9","0.9","0.9","0.9","0.9","0.9","0.9","0.9","0.9","0.9","0.9","0.9","0.9","0.9","0.9","0.9","0.9","0.9","0.9","0.9","0.9","0.9","0.9","0.9","0.9","0.9","0.9","0.9","0.9","0.9","0.9","0.9","0.9","0.9","0.9","0.9","0.9","0.9","0.9","0.9","0.9","0.9","0.9","0.9","0.9","0.9","0.9","0.9","0.9","0.9","0.9","0.9","0.9","0.9","0.9","0.9","0.9","0.9","0.9","0.9","0.9","0.9","0.9","0.9","0.9","0.9","0.9","0.9","0.9","0.9","0.9","0.9","0.9","0.9","0.9","0.9","0.9","0.9","0.9","0.9","0.9","0.9","0.9","0.9","0.9","0.9","0.9","0.9","0.9","0.9","0.9","0.9","0.9","0.9","0.9","0.9","0.9","0.9","0.9","0.9","0.9","0.9","0.9","0.9","0.9","0.9","0.9","0.9","0.9","0.9","0.9","0.9","0.9","0.9","0.9","0.9","0.9","0.9","0.9","0.9","0.9","0.9","0.9","0.9","0.9","0.9","0.9","0.9","0.9","0.9","0.9","0.9","0.9","0.9","0.9","0.9","0.9","0.9","0.9","0.9","0.9","0.9","0.9","0.9","0.9","0.9","0.9","0.9","0.9","0.9","0.9","0.9","0.9","0.9","0.9","0.9","0.9","0.9","0.9","0.9","0.9","0.9","0.9","0.9","0.9","0.9","0.9","0.9","0.9","0.9","0.9","0.9","0.9","0.9","0.9","0.9","0.9","0.9","0.9","0.9","0.9","0.9","0.9","0.9","0.9","0.9","0.9","0.9","0.9","0.9","0.9","0.9","0.9","0.9","0.9","0.9","0.9","0.9","0.9","0.9","0.9","0.9","0.9","0.9","0.9","0.9","0.9","0.9","0.9","0.9","0.9","0.9","0.9","0.9","0.9","0.9","0.9","0.9","0.9","0.9","0.9","0.9","0.9","0.9","0.9","0.9","0.9","0.9","0.9","0.9","0.9","0.9","0.9","0.9","0.9","0.9","0.9","0.9","0.9","0.9","0.9","0.9","0.9","0.9","0.9","0.9","0.9","0.9","0.9","0.9","0.9","0.9","0.9","0.9","0.9","0.9","0.9","0.9","0.9","0.9","0.9","0.9","0.9","0.9","0.9","0.9","0.9","0.9","0.9","0.9","0.9","0.9","0.9","0.9","0.9","0.9","0.9","0.9","0.9","0.9","0.9","0.9","0.9","0.9","0.9","0.9","0.9","0.9","0.9","0.9","0.9","0.9","0.9","0.9","0.9","0.9","0.9","0.9","0.9","0.9","0.9","0.9","0.9","0.9","0.9","0.9","0.9","0.9","0.9","0.9","0.9","0.9","0.9","0.9","0.9","0.9","0.9","0.9","0.9","0.9","0.9","0.9","0.9","0.9","0.9","0.9","0.9","0.9","0.9","0.9","0.9","0.9","0.9","0.9","0.9","0.9","0.9","0.9","0.9","0.9","0.9","0.9","0.9","0.9","0.9","0.9","0.9","0.9","0.9","0.9","0.9","0.9","0.9","0.9","0.9","0.9","0.9","0.9","0.9","0.9","0.9","0.9","0.9","0.9","0.9","0.9","0.9","0.9","0.9","0.9","0.9","0.9","0.9","0.9","0.9","0.9","0.9","0.9","0.9","0.9","0.9","0.9","0.9","0.9","0.9","0.9","0.9","0.9","0.9","0.9","0.9","0.9","0.9","0.9","0.9","0.9","0.9","0.9","0.9","0.9","0.9","0.9","0.9","0.9","0.9","0.9","0.9","0.9","0.9004811323430593","0.901150990741282","0.9018208491395048","0.9024907075377275","0.9031605659359503","0.9038304243341732","18","224"
"WSPy-NoTypes","mimesis.providers.transport","1590999342586407385","0","1900374027","1.0","6","153","6","153","1.0","1.0","1.0","1.0","1.0","1.0","1.0","1.0","1.0","1.0","1.0","1.0","1.0","1.0","1.0","1.0","1.0","1.0","1.0","1.0","1.0","1.0","1.0","1.0","1.0","1.0","1.0","1.0","1.0","1.0","1.0","1.0","1.0","1.0","1.0","1.0","1.0","1.0","1.0","1.0","1.0","1.0","1.0","1.0","1.0","1.0","1.0","1.0","1.0","1.0","1.0","1.0","1.0","1.0","1.0","1.0","1.0","1.0","1.0","1.0","1.0","1.0","1.0","1.0","1.0","1.0","1.0","1.0","1.0","1.0","1.0","1.0","1.0","1.0","1.0","1.0","1.0","1.0","1.0","1.0","1.0","1.0","1.0","1.0","1.0","1.0","1.0","1.0","1.0","1.0","1.0","1.0","1.0","1.0","1.0","1.0","1.0","1.0","1.0","1.0","1.0","1.0","1.0","1.0","1.0","1.0","1.0","1.0","1.0","1.0","1.0","1.0","1.0","1.0","1.0","1.0","1.0","1.0","1.0","1.0","1.0","1.0","1.0","1.0","1.0","1.0","1.0","1.0","1.0","1.0","1.0","1.0","1.0","1.0","1.0","1.0","1.0","1.0","1.0","1.0","1.0","1.0","1.0","1.0","1.0","1.0","1.0","1.0","1.0","1.0","1.0","1.0","1.0","1.0","1.0","1.0","1.0","1.0","1.0","1.0","1.0","1.0","1.0","1.0","1.0","1.0","1.0","1.0","1.0","1.0","1.0","1.0","1.0","1.0","1.0","1.0","1.0","1.0","1.0","1.0","1.0","1.0","1.0","1.0","1.0","1.0","1.0","1.0","1.0","1.0","1.0","1.0","1.0","1.0","1.0","1.0","1.0","1.0","1.0","1.0","1.0","1.0","1.0","1.0","1.0","1.0","1.0","1.0","1.0","1.0","1.0","1.0","1.0","1.0","1.0","1.0","1.0","1.0","1.0","1.0","1.0","1.0","1.0","1.0","1.0","1.0","1.0","1.0","1.0","1.0","1.0","1.0","1.0","1.0","1.0","1.0","1.0","1.0","1.0","1.0","1.0","1.0","1.0","1.0","1.0","1.0","1.0","1.0","1.0","1.0","1.0","1.0","1.0","1.0","1.0","1.0","1.0","1.0","1.0","1.0","1.0","1.0","1.0","1.0","1.0","1.0","1.0","1.0","1.0","1.0","1.0","1.0","1.0","1.0","1.0","1.0","1.0","1.0","1.0","1.0","1.0","1.0","1.0","1.0","1.0","1.0","1.0","1.0","1.0","1.0","1.0","1.0","1.0","1.0","1.0","1.0","1.0","1.0","1.0","1.0","1.0","1.0","1.0","1.0","1.0","1.0","1.0","1.0","1.0","1.0","1.0","1.0","1.0","1.0","1.0","1.0","1.0","1.0","1.0","1.0","1.0","1.0","1.0","1.0","1.0","1.0","1.0","1.0","1.0","1.0","1.0","1.0","1.0","1.0","1.0","1.0","1.0","1.0","1.0","1.0","1.0","1.0","1.0","1.0","1.0","1.0","1.0","1.0","1.0","1.0","1.0","1.0","1.0","1.0","1.0","1.0","1.0","1.0","1.0","1.0","1.0","1.0","1.0","1.0","1.0","1.0","1.0","1.0","1.0","1.0","1.0","1.0","1.0","1.0","1.0","1.0","1.0","1.0","1.0","1.0","1.0","1.0","1.0","1.0","1.0","1.0","1.0","1.0","1.0","1.0","1.0","1.0","1.0","1.0","1.0","1.0","1.0","1.0","1.0","1.0","1.0","1.0","1.0","1.0","1.0","1.0","1.0","1.0","1.0","1.0","1.0","1.0","1.0","1.0","1.0","1.0","1.0","1.0","1.0","1.0","1.0","1.0","1.0","1.0","1.0","1.0","1.0","1.0","1.0","1.0","1.0","1.0","1.0","1.0","1.0","1.0","1.0","1.0","1.0","1.0","1.0","1.0","1.0","1.0","1.0","1.0","1.0","1.0","1.0","1.0","1.0","1.0","1.0","1.0","1.0","1.0","1.0","1.0","1.0","1.0","1.0","1.0","1.0","1.0","1.0","1.0","1.0","1.0","1.0","1.0","1.0","1.0","1.0","1.0","1.0","1.0","1.0","1.0","1.0","1.0","1.0","1.0","1.0","1.0","1.0","1.0","1.0","1.0","1.0","1.0","1.0","1.0","1.0","1.0","1.0","1.0","1.0","1.0","1.0","1.0","1.0","1.0","1.0","1.0","1.0","1.0","1.0","1.0","1.0","1.0","1.0","1.0","1.0","1.0","1.0","1.0","1.0","1.0","1.0","1.0","1.0","1.0","1.0","1.0","1.0","1.0","1.0","1.0","1.0","1.0","1.0","1.0","1.0","1.0","1.0","1.0","1.0","1.0","1.0","1.0","1.0","1.0","1.0","1.0","1.0","1.0","1.0","1.0","1.0","1.0","1.0","1.0","1.0","1.0","1.0","1.0","1.0","1.0","1.0","1.0","1.0","1.0","1.0","1.0","1.0","1.0","1.0","1.0","1.0","1.0","1.0","1.0","1.0","1.0","1.0","1.0","1.0","1.0","1.0","1.0","1.0","1.0","1.0","1.0","1.0","1.0","1.0","1.0","1.0","1.0","1.0","1.0","1.0","1.0","1.0","1.0","1.0","1.0","1.0","1.0","0","0"
"RandooPy-NoTypes","mimesis.builtins.de","1590999164675403461","4","291225442","1.0","4","20","0","0","1.0","1.0","1.0","1.0","1.0","1.0","1.0","1.0","1.0","1.0","1.0","1.0","1.0","1.0","1.0","1.0","1.0","1.0","1.0","1.0","1.0","1.0","1.0","1.0","1.0","1.0","1.0","1.0","1.0","1.0","1.0","1.0","1.0","1.0","1.0","1.0","1.0","1.0","1.0","1.0","1.0","1.0","1.0","1.0","1.0","1.0","1.0","1.0","1.0","1.0","1.0","1.0","1.0","1.0","1.0","1.0","1.0","1.0","1.0","1.0","1.0","1.0","1.0","1.0","1.0","1.0","1.0","1.0","1.0","1.0","1.0","1.0","1.0","1.0","1.0","1.0","1.0","1.0","1.0","1.0","1.0","1.0","1.0","1.0","1.0","1.0","1.0","1.0","1.0","1.0","1.0","1.0","1.0","1.0","1.0","1.0","1.0","1.0","1.0","1.0","1.0","1.0","1.0","1.0","1.0","1.0","1.0","1.0","1.0","1.0","1.0","1.0","1.0","1.0","1.0","1.0","1.0","1.0","1.0","1.0","1.0","1.0","1.0","1.0","1.0","1.0","1.0","1.0","1.0","1.0","1.0","1.0","1.0","1.0","1.0","1.0","1.0","1.0","1.0","1.0","1.0","1.0","1.0","1.0","1.0","1.0","1.0","1.0","1.0","1.0","1.0","1.0","1.0","1.0","1.0","1.0","1.0","1.0","1.0","1.0","1.0","1.0","1.0","1.0","1.0","1.0","1.0","1.0","1.0","1.0","1.0","1.0","1.0","1.0","1.0","1.0","1.0","1.0","1.0","1.0","1.0","1.0","1.0","1.0","1.0","1.0","1.0","1.0","1.0","1.0","1.0","1.0","1.0","1.0","1.0","1.0","1.0","1.0","1.0","1.0","1.0","1.0","1.0","1.0","1.0","1.0","1.0","1.0","1.0","1.0","1.0","1.0","1.0","1.0","1.0","1.0","1.0","1.0","1.0","1.0","1.0","1.0","1.0","1.0","1.0","1.0","1.0","1.0","1.0","1.0","1.0","1.0","1.0","1.0","1.0","1.0","1.0","1.0","1.0","1.0","1.0","1.0","1.0","1.0","1.0","1.0","1.0","1.0","1.0","1.0","1.0","1.0","1.0","1.0","1.0","1.0","1.0","1.0","1.0","1.0","1.0","1.0","1.0","1.0","1.0","1.0","1.0","1.0","1.0","1.0","1.0","1.0","1.0","1.0","1.0","1.0","1.0","1.0","1.0","1.0","1.0","1.0","1.0","1.0","1.0","1.0","1.0","1.0","1.0","1.0","1.0","1.0","1.0","1.0","1.0","1.0","1.0","1.0","1.0","1.0","1.0","1.0","1.0","1.0","1.0","1.0","1.0","1.0","1.0","1.0","1.0","1.0","1.0","1.0","1.0","1.0","1.0","1.0","1.0","1.0","1.0","1.0","1.0","1.0","1.0","1.0","1.0","1.0","1.0","1.0","1.0","1.0","1.0","1.0","1.0","1.0","1.0","1.0","1.0","1.0","1.0","1.0","1.0","1.0","1.0","1.0","1.0","1.0","1.0","1.0","1.0","1.0","1.0","1.0","1.0","1.0","1.0","1.0","1.0","1.0","1.0","1.0","1.0","1.0","1.0","1.0","1.0","1.0","1.0","1.0","1.0","1.0","1.0","1.0","1.0","1.0","1.0","1.0","1.0","1.0","1.0","1.0","1.0","1.0","1.0","1.0","1.0","1.0","1.0","1.0","1.0","1.0","1.0","1.0","1.0","1.0","1.0","1.0","1.0","1.0","1.0","1.0","1.0","1.0","1.0","1.0","1.0","1.0","1.0","1.0","1.0","1.0","1.0","1.0","1.0","1.0","1.0","1.0","1.0","1.0","1.0","1.0","1.0","1.0","1.0","1.0","1.0","1.0","1.0","1.0","1.0","1.0","1.0","1.0","1.0","1.0","1.0","1.0","1.0","1.0","1.0","1.0","1.0","1.0","1.0","1.0","1.0","1.0","1.0","1.0","1.0","1.0","1.0","1.0","1.0","1.0","1.0","1.0","1.0","1.0","1.0","1.0","1.0","1.0","1.0","1.0","1.0","1.0","1.0","1.0","1.0","1.0","1.0","1.0","1.0","1.0","1.0","1.0","1.0","1.0","1.0","1.0","1.0","1.0","1.0","1.0","1.0","1.0","1.0","1.0","1.0","1.0","1.0","1.0","1.0","1.0","1.0","1.0","1.0","1.0","1.0","1.0","1.0","1.0","1.0","1.0","1.0","1.0","1.0","1.0","1.0","1.0","1.0","1.0","1.0","1.0","1.0","1.0","1.0","1.0","1.0","1.0","1.0","1.0","1.0","1.0","1.0","1.0","1.0","1.0","1.0","1.0","1.0","1.0","1.0","1.0","1.0","1.0","1.0","1.0","1.0","1.0","1.0","1.0","1.0","1.0","1.0","1.0","1.0","1.0","1.0","1.0","1.0","1.0","1.0","1.0","1.0","1.0","1.0","1.0","1.0","1.0","1.0","1.0","1.0","1.0","1.0","1.0","1.0","1.0","1.0","1.0","1.0","1.0","1.0","1.0","1.0","1.0","1.0","1.0","1.0","1.0","1.0","1.0","1.0","1.0","1.0","1.0","1.0","1.0","1.0","1.0","1.0","1.0","1.0","1.0","1.0","1.0","1.0","1.0","4","20"
"RandooPy-NoTypes","mimesis.builtins.uk","1590999166221392005","1","6306092","1.0","1","4","1","4","1.0","1.0","1.0","1.0","1.0","1.0","1.0","1.0","1.0","1.0","1.0","1.0","1.0","1.0","1.0","1.0","1.0","1.0","1.0","1.0","1.0","1.0","1.0","1.0","1.0","1.0","1.0","1.0","1.0","1.0","1.0","1.0","1.0","1.0","1.0","1.0","1.0","1.0","1.0","1.0","1.0","1.0","1.0","1.0","1.0","1.0","1.0","1.0","1.0","1.0","1.0","1.0","1.0","1.0","1.0","1.0","1.0","1.0","1.0","1.0","1.0","1.0","1.0","1.0","1.0","1.0","1.0","1.0","1.0","1.0","1.0","1.0","1.0","1.0","1.0","1.0","1.0","1.0","1.0","1.0","1.0","1.0","1.0","1.0","1.0","1.0","1.0","1.0","1.0","1.0","1.0","1.0","1.0","1.0","1.0","1.0","1.0","1.0","1.0","1.0","1.0","1.0","1.0","1.0","1.0","1.0","1.0","1.0","1.0","1.0","1.0","1.0","1.0","1.0","1.0","1.0","1.0","1.0","1.0","1.0","1.0","1.0","1.0","1.0","1.0","1.0","1.0","1.0","1.0","1.0","1.0","1.0","1.0","1.0","1.0","1.0","1.0","1.0","1.0","1.0","1.0","1.0","1.0","1.0","1.0","1.0","1.0","1.0","1.0","1.0","1.0","1.0","1.0","1.0","1.0","1.0","1.0","1.0","1.0","1.0","1.0","1.0","1.0","1.0","1.0","1.0","1.0","1.0","1.0","1.0","1.0","1.0","1.0","1.0","1.0","1.0","1.0","1.0","1.0","1.0","1.0","1.0","1.0","1.0","1.0","1.0","1.0","1.0","1.0","1.0","1.0","1.0","1.0","1.0","1.0","1.0","1.0","1.0","1.0","1.0","1.0","1.0","1.0","1.0","1.0","1.0","1.0","1.0","1.0","1.0","1.0","1.0","1.0","1.0","1.0","1.0","1.0","1.0","1.0","1.0","1.0","1.0","1.0","1.0","1.0","1.0","1.0","1.0","1.0","1.0","1.0","1.0","1.0","1.0","1.0","1.0","1.0","1.0","1.0","1.0","1.0","1.0","1.0","1.0","1.0","1.0","1.0","1.0","1.0","1.0","1.0","1.0","1.0","1.0","1.0","1.0","1.0","1.0","1.0","1.0","1.0","1.0","1.0","1.0","1.0","1.0","1.0","1.0","1.0","1.0","1.0","1.0","1.0","1.0","1.0","1.0","1.0","1.0","1.0","1.0","1.0","1.0","1.0","1.0","1.0","1.0","1.0","1.0","1.0","1.0","1.0","1.0","1.0","1.0","1.0","1.0","1.0","1.0","1.0","1.0","1.0","1.0","1.0","1.0","1.0","1.0","1.0","1.0","1.0","1.0","1.0","1.0","1.0","1.0","1.0","1.0","1.0","1.0","1.0","1.0","1.0","1.0","1.0","1.0","1.0","1.0","1.0","1.0","1.0","1.0","1.0","1.0","1.0","1.0","1.0","1.0","1.0","1.0","1.0","1.0","1.0","1.0","1.0","1.0","1.0","1.0","1.0","1.0","1.0","1.0","1.0","1.0","1.0","1.0","1.0","1.0","1.0","1.0","1.0","1.0","1.0","1.0","1.0","1.0","1.0","1.0","1.0","1.0","1.0","1.0","1.0","1.0","1.0","1.0","1.0","1.0","1.0","1.0","1.0","1.0","1.0","1.0","1.0","1.0","1.0","1.0","1.0","1.0","1.0","1.0","1.0","1.0","1.0","1.0","1.0","1.0","1.0","1.0","1.0","1.0","1.0","1.0","1.0","1.0","1.0","1.0","1.0","1.0","1.0","1.0","1.0","1.0","1.0","1.0","1.0","1.0","1.0","1.0","1.0","1.0","1.0","1.0","1.0","1.0","1.0","1.0","1.0","1.0","1.0","1.0","1.0","1.0","1.0","1.0","1.0","1.0","1.0","1.0","1.0","1.0","1.0","1.0","1.0","1.0","1.0","1.0","1.0","1.0","1.0","1.0","1.0","1.0","1.0","1.0","1.0","1.0","1.0","1.0","1.0","1.0","1.0","1.0","1.0","1.0","1.0","1.0","1.0","1.0","1.0","1.0","1.0","1.0","1.0","1.0","1.0","1.0","1.0","1.0","1.0","1.0","1.0","1.0","1.0","1.0","1.0","1.0","1.0","1.0","1.0","1.0","1.0","1.0","1.0","1.0","1.0","1.0","1.0","1.0","1.0","1.0","1.0","1.0","1.0","1.0","1.0","1.0","1.0","1.0","1.0","1.0","1.0","1.0","1.0","1.0","1.0","1.0","1.0","1.0","1.0","1.0","1.0","1.0","1.0","1.0","1.0","1.0","1.0","1.0","1.0","1.0","1.0","1.0","1.0","1.0","1.0","1.0","1.0","1.0","1.0","1.0","1.0","1.0","1.0","1.0","1.0","1.0","1.0","1.0","1.0","1.0","1.0","1.0","1.0","1.0","1.0","1.0","1.0","1.0","1.0","1.0","1.0","1.0","1.0","1.0","1.0","1.0","1.0","1.0","1.0","1.0","1.0","1.0","1.0","1.0","1.0","1.0","1.0","1.0","1.0","1.0","1.0","1.0","1.0","1.0","1.0","1.0","1.0","1.0","1.0","1.0","1.0","1.0","1.0","1.0","1.0","1.0","1.0","1.0","1.0","1.0","0","0"
"WSPy-TypeHintsInference","mimesis.providers.clothing","1590998483621240660","0","2904641330","1.0","6","141","6","141","1.0","1.0","1.0","1.0","1.0","1.0","1.0","1.0","1.0","1.0","1.0","1.0","1.0","1.0","1.0","1.0","1.0","1.0","1.0","1.0","1.0","1.0","1.0","1.0","1.0","1.0","1.0","1.0","1.0","1.0","1.0","1.0","1.0","1.0","1.0","1.0","1.0","1.0","1.0","1.0","1.0","1.0","1.0","1.0","1.0","1.0","1.0","1.0","1.0","1.0","1.0","1.0","1.0","1.0","1.0","1.0","1.0","1.0","1.0","1.0","1.0","1.0","1.0","1.0","1.0","1.0","1.0","1.0","1.0","1.0","1.0","1.0","1.0","1.0","1.0","1.0","1.0","1.0","1.0","1.0","1.0","1.0","1.0","1.0","1.0","1.0","1.0","1.0","1.0","1.0","1.0","1.0","1.0","1.0","1.0","1.0","1.0","1.0","1.0","1.0","1.0","1.0","1.0","1.0","1.0","1.0","1.0","1.0","1.0","1.0","1.0","1.0","1.0","1.0","1.0","1.0","1.0","1.0","1.0","1.0","1.0","1.0","1.0","1.0","1.0","1.0","1.0","1.0","1.0","1.0","1.0","1.0","1.0","1.0","1.0","1.0","1.0","1.0","1.0","1.0","1.0","1.0","1.0","1.0","1.0","1.0","1.0","1.0","1.0","1.0","1.0","1.0","1.0","1.0","1.0","1.0","1.0","1.0","1.0","1.0","1.0","1.0","1.0","1.0","1.0","1.0","1.0","1.0","1.0","1.0","1.0","1.0","1.0","1.0","1.0","1.0","1.0","1.0","1.0","1.0","1.0","1.0","1.0","1.0","1.0","1.0","1.0","1.0","1.0","1.0","1.0","1.0","1.0","1.0","1.0","1.0","1.0","1.0","1.0","1.0","1.0","1.0","1.0","1.0","1.0","1.0","1.0","1.0","1.0","1.0","1.0","1.0","1.0","1.0","1.0","1.0","1.0","1.0","1.0","1.0","1.0","1.0","1.0","1.0","1.0","1.0","1.0","1.0","1.0","1.0","1.0","1.0","1.0","1.0","1.0","1.0","1.0","1.0","1.0","1.0","1.0","1.0","1.0","1.0","1.0","1.0","1.0","1.0","1.0","1.0","1.0","1.0","1.0","1.0","1.0","1.0","1.0","1.0","1.0","1.0","1.0","1.0","1.0","1.0","1.0","1.0","1.0","1.0","1.0","1.0","1.0","1.0","1.0","1.0","1.0","1.0","1.0","1.0","1.0","1.0","1.0","1.0","1.0","1.0","1.0","1.0","1.0","1.0","1.0","1.0","1.0","1.0","1.0","1.0","1.0","1.0","1.0","1.0","1.0","1.0","1.0","1.0","1.0","1.0","1.0","1.0","1.0","1.0","1.0","1.0","1.0","1.0","1.0","1.0","1.0","1.0","1.0","1.0","1.0","1.0","1.0","1.0","1.0","1.0","1.0","1.0","1.0","1.0","1.0","1.0","1.0","1.0","1.0","1.0","1.0","1.0","1.0","1.0","1.0","1.0","1.0","1.0","1.0","1.0","1.0","1.0","1.0","1.0","1.0","1.0","1.0","1.0","1.0","1.0","1.0","1.0","1.0","1.0","1.0","1.0","1.0","1.0","1.0","1.0","1.0","1.0","1.0","1.0","1.0","1.0","1.0","1.0","1.0","1.0","1.0","1.0","1.0","1.0","1.0","1.0","1.0","1.0","1.0","1.0","1.0","1.0","1.0","1.0","1.0","1.0","1.0","1.0","1.0","1.0","1.0","1.0","1.0","1.0","1.0","1.0","1.0","1.0","1.0","1.0","1.0","1.0","1.0","1.0","1.0","1.0","1.0","1.0","1.0","1.0","1.0","1.0","1.0","1.0","1.0","1.0","1.0","1.0","1.0","1.0","1.0","1.0","1.0","1.0","1.0","1.0","1.0","1.0","1.0","1.0","1.0","1.0","1.0","1.0","1.0","1.0","1.0","1.0","1.0","1.0","1.0","1.0","1.0","1.0","1.0","1.0","1.0","1.0","1.0","1.0","1.0","1.0","1.0","1.0","1.0","1.0","1.0","1.0","1.0","1.0","1.0","1.0","1.0","1.0","1.0","1.0","1.0","1.0","1.0","1.0","1.0","1.0","1.0","1.0","1.0","1.0","1.0","1.0","1.0","1.0","1.0","1.0","1.0","1.0","1.0","1.0","1.0","1.0","1.0","1.0","1.0","1.0","1.0","1.0","1.0","1.0","1.0","1.0","1.0","1.0","1.0","1.0","1.0","1.0","1.0","1.0","1.0","1.0","1.0","1.0","1.0","1.0","1.0","1.0","1.0","1.0","1.0","1.0","1.0","1.0","1.0","1.0","1.0","1.0","1.0","1.0","1.0","1.0","1.0","1.0","1.0","1.0","1.0","1.0","1.0","1.0","1.0","1.0","1.0","1.0","1.0","1.0","1.0","1.0","1.0","1.0","1.0","1.0","1.0","1.0","1.0","1.0","1.0","1.0","1.0","1.0","1.0","1.0","1.0","1.0","1.0","1.0","1.0","1.0","1.0","1.0","1.0","1.0","1.0","1.0","1.0","1.0","1.0","1.0","1.0","1.0","1.0","1.0","1.0","1.0","1.0","1.0","1.0","1.0","1.0","1.0","1.0","1.0","1.0","1.0","1.0","1.0","1.0","1.0","1.0","1.0","0","0"
"RandooPy-TypeHintsInference","mimesis.providers.choice","1590998434178420335","245","613640440492","0.7096774193548387","216","5467","114","2617","0.6774193548387096","0.6774193548387096","0.6774193548387096","0.6774193548387096","0.6774193548387096","0.6774193548387096","0.6774193548387096","0.6774193548387096","0.6774193548387096","0.6774193548387096","0.6774193548387096","0.6774193548387096","0.6774193548387096","0.6774193548387096","0.6774193548387096","0.6774193548387096","0.6774193548387096","0.6774193548387096","0.6774193548387096","0.6774193548387096","0.6774193548387096","0.6774193548387096","0.6774193548387096","0.6774193548387096","0.6774193548387096","0.6774193548387096","0.6774193548387096","0.6774193548387096","0.6774193548387096","0.6774193548387096","0.6774193548387096","0.6774193548387096","0.6774193548387096","0.6774193548387096","0.6774193548387096","0.6774193548387096","0.6774193548387096","0.6774193548387096","0.6774193548387096","0.6774193548387096","0.6774193548387096","0.6774193548387096","0.6774193548387096","0.6774193548387096","0.6774193548387096","0.6774193548387096","0.6774193548387096","0.6774193548387096","0.6774193548387096","0.6774193548387096","0.6774193548387096","0.6774193548387096","0.6774193548387096","0.6774193548387096","0.6774193548387096","0.6774193548387096","0.6774193548387096","0.6774193548387096","0.6774193548387096","0.6774193548387096","0.6774193548387096","0.6774193548387096","0.6774193548387096","0.6774193548387096","0.6774193548387096","0.6774193548387096","0.6774193548387096","0.6774193548387096","0.6774193548387096","0.6774193548387096","0.6774193548387096","0.6774193548387096","0.6774193548387096","0.6774193548387096","0.6774193548387096","0.6774193548387096","0.6774193548387096","0.6774193548387096","0.6774193548387096","0.6774193548387096","0.6774193548387096","0.6774193548387096","0.6774193548387096","0.6774193548387096","0.6774193548387096","0.6774193548387096","0.6774193548387096","0.6774193548387096","0.6774193548387096","0.6774193548387096","0.6774193548387096","0.6774193548387096","0.6774193548387096","0.6774193548387096","0.6774193548387096","0.6774193548387096","0.6774193548387096","0.6774193548387096","0.6774193548387096","0.6774193548387096","0.6774193548387096","0.6774193548387096","0.6774193548387096","0.6774193548387096","0.6774193548387096","0.6774193548387096","0.6774193548387096","0.6774193548387096","0.6774193548387096","0.6774193548387096","0.6774193548387096","0.6774193548387096","0.6774193548387096","0.6774193548387096","0.6774193548387096","0.6774193548387096","0.6774193548387096","0.6774193548387096","0.6774193548387096","0.6774193548387096","0.6774193548387096","0.6774193548387096","0.6774193548387096","0.6774193548387096","0.6774193548387096","0.6774193548387096","0.6774193548387096","0.6774193548387096","0.6774193548387096","0.6774193548387096","0.6774193548387096","0.6774193548387096","0.6774193548387096","0.6774193548387096","0.6774193548387096","0.6774193548387096","0.6774193548387096","0.6881074573759407","0.7010709339524938","0.7096774193548387","0.7096774193548387","0.7096774193548387","0.7096774193548387","0.7096774193548387","0.7096774193548387","0.7096774193548387","0.7096774193548387","0.7096774193548387","0.7096774193548387","0.7096774193548387","0.7096774193548387","0.7096774193548387","0.7096774193548387","0.7096774193548387","0.7096774193548387","0.7096774193548387","0.7096774193548387","0.7096774193548387","0.7096774193548387","0.7096774193548387","0.7096774193548387","0.7096774193548387","0.7096774193548387","0.7096774193548387","0.7096774193548387","0.7096774193548387","0.7096774193548387","0.7096774193548387","0.7096774193548387","0.7096774193548387","0.7096774193548387","0.7096774193548387","0.7096774193548387","0.7096774193548387","0.7096774193548387","0.7096774193548387","0.7096774193548387","0.7096774193548387","0.7096774193548387","0.7096774193548387","0.7096774193548387","0.7096774193548387","0.7096774193548387","0.7096774193548387","0.7096774193548387","0.7096774193548387","0.7096774193548387","0.7096774193548387","0.7096774193548387","0.7096774193548387","0.7096774193548387","0.7096774193548387","0.7096774193548387","0.7096774193548387","0.7096774193548387","0.7096774193548387","0.7096774193548387","0.7096774193548387","0.7096774193548387","0.7096774193548387","0.7096774193548387","0.7096774193548387","0.7096774193548387","0.7096774193548387","0.7096774193548387","0.7096774193548387","0.7096774193548387","0.7096774193548387","0.7096774193548387","0.7096774193548387","0.7096774193548387","0.7096774193548387","0.7096774193548387","0.7096774193548387","0.7096774193548387","0.7096774193548387","0.7096774193548387","0.7096774193548387","0.7096774193548387","0.7096774193548387","0.7096774193548387","0.7096774193548387","0.7096774193548387","0.7096774193548387","0.7096774193548387","0.7096774193548387","0.7096774193548387","0.7096774193548387","0.7096774193548387","0.7096774193548387","0.7096774193548387","0.7096774193548387","0.7096774193548387","0.7096774193548387","0.7096774193548387","0.7096774193548387","0.7096774193548387","0.7096774193548387","0.7096774193548387","0.7096774193548387","0.7096774193548387","0.7096774193548387","0.7096774193548387","0.7096774193548387","0.7096774193548387","0.7096774193548387","0.7096774193548387","0.7096774193548387","0.7096774193548387","0.7096774193548387","0.7096774193548387","0.7096774193548387","0.7096774193548387","0.7096774193548387","0.7096774193548387","0.7096774193548387","0.7096774193548387","0.7096774193548387","0.7096774193548387","0.7096774193548387","0.7096774193548387","0.7096774193548387","0.7096774193548387","0.7096774193548387","0.7096774193548387","0.7096774193548387","0.7096774193548387","0.7096774193548387","0.7096774193548387","0.7096774193548387","0.7096774193548387","0.7096774193548387","0.7096774193548387","0.7096774193548387","0.7096774193548387","0.7096774193548387","0.7096774193548387","0.7096774193548387","0.7096774193548387","0.7096774193548387","0.7096774193548387","0.7096774193548387","0.7096774193548387","0.7096774193548387","0.7096774193548387","0.7096774193548387","0.7096774193548387","0.7096774193548387","0.7096774193548387","0.7096774193548387","0.7096774193548387","0.7096774193548387","0.7096774193548387","0.7096774193548387","0.7096774193548387","0.7096774193548387","0.7096774193548387","0.7096774193548387","0.7096774193548387","0.7096774193548387","0.7096774193548387","0.7096774193548387","0.7096774193548387","0.7096774193548387","0.7096774193548387","0.7096774193548387","0.7096774193548387","0.7096774193548387","0.7096774193548387","0.7096774193548387","0.7096774193548387","0.7096774193548387","0.7096774193548387","0.7096774193548387","0.7096774193548387","0.7096774193548387","0.7096774193548387","0.7096774193548387","0.7096774193548387","0.7096774193548387","0.7096774193548387","0.7096774193548387","0.7096774193548387","0.7096774193548387","0.7096774193548387","0.7096774193548387","0.7096774193548387","0.7096774193548387","0.7096774193548387","0.7096774193548387","0.7096774193548387","0.7096774193548387","0.7096774193548387","0.7096774193548387","0.7096774193548387","0.7096774193548387","0.7096774193548387","0.7096774193548387","0.7096774193548387","0.7096774193548387","0.7096774193548387","0.7096774193548387","0.7096774193548387","0.7096774193548387","0.7096774193548387","0.7096774193548387","0.7096774193548387","0.7096774193548387","0.7096774193548387","0.7096774193548387","0.7096774193548387","0.7096774193548387","0.7096774193548387","0.7096774193548387","0.7096774193548387","0.7096774193548387","0.7096774193548387","0.7096774193548387","0.7096774193548387","0.7096774193548387","0.7096774193548387","0.7096774193548387","0.7096774193548387","0.7096774193548387","0.7096774193548387","0.7096774193548387","0.7096774193548387","0.7096774193548387","0.7096774193548387","0.7096774193548387","0.7096774193548387","0.7096774193548387","0.7096774193548387","0.7096774193548387","0.7096774193548387","0.7096774193548387","0.7096774193548387","0.7096774193548387","0.7096774193548387","0.7096774193548387","0.7096774193548387","0.7096774193548387","0.7096774193548387","0.7096774193548387","0.7096774193548387","0.7096774193548387","0.7096774193548387","0.7096774193548387","0.7096774193548387","0.7096774193548387","0.7096774193548387","0.7096774193548387","0.7096774193548387","0.7096774193548387","0.7096774193548387","0.7096774193548387","0.7096774193548387","0.7096774193548387","0.7096774193548387","0.7096774193548387","0.7096774193548387","0.7096774193548387","0.7096774193548387","0.7096774193548387","0.7096774193548387","0.7096774193548387","0.7096774193548387","0.7096774193548387","0.7096774193548387","0.7096774193548387","0.7096774193548387","0.7096774193548387","0.7096774193548387","0.7096774193548387","0.7096774193548387","0.7096774193548387","0.7096774193548387","0.7096774193548387","0.7096774193548387","0.7096774193548387","0.7096774193548387","0.7096774193548387","0.7096774193548387","0.7096774193548387","0.7096774193548387","0.7096774193548387","0.7096774193548387","0.7096774193548387","0.7096774193548387","0.7096774193548387","0.7096774193548387","0.7096774193548387","0.7096774193548387","0.7096774193548387","0.7096774193548387","0.7096774193548387","0.7096774193548387","0.7096774193548387","0.7096774193548387","0.7096774193548387","0.7096774193548387","0.7096774193548387","0.7096774193548387","0.7096774193548387","0.7096774193548387","0.7096774193548387","0.7096774193548387","0.7096774193548387","0.7096774193548387","0.7096774193548387","0.7096774193548387","0.7096774193548387","0.7096774193548387","0.7096774193548387","0.7096774193548387","0.7096774193548387","0.7096774193548387","0.7096774193548387","0.7096774193548387","0.7096774193548387","0.7096774193548387","0.7096774193548387","0.7096774193548387","0.7096774193548387","0.7096774193548387","0.7096774193548387","0.7096774193548387","0.7096774193548387","0.7096774193548387","0.7096774193548387","0.7096774193548387","0.7096774193548387","0.7096774193548387","0.7096774193548387","0.7096774193548387","0.7096774193548387","0.7096774193548387","0.7096774193548387","0.7096774193548387","0.7096774193548387","0.7096774193548387","0.7096774193548387","0.7096774193548387","0.7096774193548387","0.7096774193548387","0.7096774193548387","0.7096774193548387","0.7096774193548387","0.7096774193548387","0.7096774193548387","0.7096774193548387","0.7096774193548387","0.7096774193548387","0.7096774193548387","0.7096774193548387","0.7096774193548387","0.7096774193548387","0.7096774193548387","0.7096774193548387","0.7096774193548387","0.7096774193548387","0.7096774193548387","0.7096774193548387","0.7096774193548387","0.7096774193548387","0.7096774193548387","0.7096774193548387","0.7096774193548387","0.7096774193548387","0.7096774193548387","0.7096774193548387","0.7096774193548387","0.7096774193548387","0.7096774193548387","0.7096774193548387","0.7096774193548387","0.7096774193548387","0.7096774193548387","0.7096774193548387","0.7096774193548387","0.7096774193548387","0.7096774193548387","0.7096774193548387","0.7096774193548387","0.7096774193548387","0.7096774193548387","0.7096774193548387","0.7096774193548387","0.7096774193548387","0.7096774193548387","0.7096774193548387","0.7096774193548387","0.7096774193548387","0.7096774193548387","0.7096774193548387","0.7096774193548387","0.7096774193548387","0.7096774193548387","0.7096774193548387","0.7096774193548387","0.7096774193548387","0.7096774193548387","0.7096774193548387","0.7096774193548387","0.7096774193548387","0.7096774193548387","0.7096774193548387","0.7096774193548387","0.7096774193548387","0.7096774193548387","0.7096774193548387","0.7096774193548387","0.7096774193548387","0.7096774193548387","0.7096774193548387","0.7096774193548387","0.7096774193548387","0.7096774193548387","0.7096774193548387","0.7096774193548387","0.7096774193548387","0.7096774193548387","0.7096774193548387","0.7096774193548387","0.7096774193548387","0.7096774193548387","0.7096774193548387","0.7096774193548387","0.7096774193548387","0.7096774193548387","0.7096774193548387","0.7096774193548387","0.7096774193548387","0.7096774193548387","0.7096774193548387","0.7096774193548387","0.7096774193548387","0.7096774193548387","0.7096774193548387","0.7096774193548387","0.7096774193548387","0.7096774193548387","0.7096774193548387","0.7096774193548387","0.7096774193548387","0.7096774193548387","0.7096774193548387","0.7096774193548387","0.7096774193548387","0.7096774193548387","0.7096774193548387","0.7096774193548387","0.7096774193548387","0.7096774193548387","0.7096774193548387","0.7096774193548387","0.7096774193548387","0.7096774193548387","0.7096774193548387","0.7096774193548387","102","2850"
"RandooPy-TypeHintsInference","mimesis.providers.hardware","1590998511030037851","73","32463650788","1.0","70","1712","2","45","0.6875","0.75","0.8125","0.8125","0.8125","0.8125","0.8125","0.8125","0.8125","0.8745482741310804","0.875","0.8862507502198466","0.9375","0.9375","0.9375","0.9375","0.9375","0.9375","0.9375","0.9375","0.9375","0.9375","0.9375","0.9375","0.9375","0.9375","0.9375","0.9375","0.9375","0.948538749838929","1.0","1.0","1.0","1.0","1.0","1.0","1.0","1.0","1.0","1.0","1.0","1.0","1.0","1.0","1.0","1.0","1.0","1.0","1.0","1.0","1.0","1.0","1.0","1.0","1.0","1.0","1.0","1.0","1.0","1.0","1.0","1.0","1.0","1.0","1.0","1.0","1.0","1.0","1.0","1.0","1.0","1.0","1.0","1.0","1.0","1.0","1.0","1.0","1.0","1.0","1.0","1.0","1.0","1.0","1.0","1.0","1.0","1.0","1.0","1.0","1.0","1.0","1.0","1.0","1.0","1.0","1.0","1.0","1.0","1.0","1.0","1.0","1.0","1.0","1.0","1.0","1.0","1.0","1.0","1.0","1.0","1.0","1.0","1.0","1.0","1.0","1.0","1.0","1.0","1.0","1.0","1.0","1.0","1.0","1.0","1.0","1.0","1.0","1.0","1.0","1.0","1.0","1.0","1.0","1.0","1.0","1.0","1.0","1.0","1.0","1.0","1.0","1.0","1.0","1.0","1.0","1.0","1.0","1.0","1.0","1.0","1.0","1.0","1.0","1.0","1.0","1.0","1.0","1.0","1.0","1.0","1.0","1.0","1.0","1.0","1.0","1.0","1.0","1.0","1.0","1.0","1.0","1.0","1.0","1.0","1.0","1.0","1.0","1.0","1.0","1.0","1.0","1.0","1.0","1.0","1.0","1.0","1.0","1.0","1.0","1.0","1.0","1.0","1.0","1.0","1.0","1.0","1.0","1.0","1.0","1.0","1.0","1.0","1.0","1.0","1.0","1.0","1.0","1.0","1.0","1.0","1.0","1.0","1.0","1.0","1.0","1.0","1.0","1.0","1.0","1.0","1.0","1.0","1.0","1.0","1.0","1.0","1.0","1.0","1.0","1.0","1.0","1.0","1.0","1.0","1.0","1.0","1.0","1.0","1.0","1.0","1.0","1.0","1.0","1.0","1.0","1.0","1.0","1.0","1.0","1.0","1.0","1.0","1.0","1.0","1.0","1.0","1.0","1.0","1.0","1.0","1.0","1.0","1.0","1.0","1.0","1.0","1.0","1.0","1.0","1.0","1.0","1.0","1.0","1.0","1.0","1.0","1.0","1.0","1.0","1.0","1.0","1.0","1.0","1.0","1.0","1.0","1.0","1.0","1.0","1.0","1.0","1.0","1.0","1.0","1.0","1.0","1.0","1.0","1.0","1.0","1.0","1.0","1.0","1.0","1.0","1.0","1.0","1.0","1.0","1.0","1.0","1.0","1.0","1.0","1.0","1.0","1.0","1.0","1.0","1.0","1.0","1.0","1.0","1.0","1.0","1.0","1.0","1.0","1.0","1.0","1.0","1.0","1.0","1.0","1.0","1.0","1.0","1.0","1.0","1.0","1.0","1.0","1.0","1.0","1.0","1.0","1.0","1.0","1.0","1.0","1.0","1.0","1.0","1.0","1.0","1.0","1.0","1.0","1.0","1.0","1.0","1.0","1.0","1.0","1.0","1.0","1.0","1.0","1.0","1.0","1.0","1.0","1.0","1.0","1.0","1.0","1.0","1.0","1.0","1.0","1.0","1.0","1.0","1.0","1.0","1.0","1.0","1.0","1.0","1.0","1.0","1.0","1.0","1.0","1.0","1.0","1.0","1.0","1.0","1.0","1.0","1.0","1.0","1.0","1.0","1.0","1.0","1.0","1.0","1.0","1.0","1.0","1.0","1.0","1.0","1.0","1.0","1.0","1.0","1.0","1.0","1.0","1.0","1.0","1.0","1.0","1.0","1.0","1.0","1.0","1.0","1.0","1.0","1.0","1.0","1.0","1.0","1.0","1.0","1.0","1.0","1.0","1.0","1.0","1.0","1.0","1.0","1.0","1.0","1.0","1.0","1.0","1.0","1.0","1.0","1.0","1.0","1.0","1.0","1.0","1.0","1.0","1.0","1.0","1.0","1.0","1.0","1.0","1.0","1.0","1.0","1.0","1.0","1.0","1.0","1.0","1.0","1.0","1.0","1.0","1.0","1.0","1.0","1.0","1.0","1.0","1.0","1.0","1.0","1.0","1.0","1.0","1.0","1.0","1.0","1.0","1.0","1.0","1.0","1.0","1.0","1.0","1.0","1.0","1.0","1.0","1.0","1.0","1.0","1.0","1.0","1.0","1.0","1.0","1.0","1.0","1.0","1.0","1.0","1.0","1.0","1.0","1.0","1.0","1.0","1.0","1.0","1.0","1.0","1.0","1.0","1.0","1.0","1.0","1.0","1.0","1.0","1.0","1.0","1.0","1.0","1.0","1.0","1.0","1.0","1.0","1.0","1.0","1.0","1.0","1.0","1.0","1.0","1.0","1.0","1.0","1.0","1.0","1.0","1.0","1.0","1.0","1.0","1.0","1.0","1.0","1.0","1.0","1.0","1.0","1.0","1.0","1.0","1.0","1.0","1.0","1.0","1.0","1.0","1.0","1.0","1.0","1.0","1.0","1.0","1.0","1.0","1.0","1.0","1.0","1.0","1.0","1.0","1.0","1.0","1.0","1.0","1.0","1.0","68","1667"
"WSPy-TypeHintsInference","mimesis.builtins.en","1590998510346250388","1010","600602435760","0.9230769230769231","10","188","7","150","0.7692307692307693","0.7692307692307693","0.7692307692307693","0.7692307692307693","0.7692307692307693","0.7692307692307693","0.7692307692307693","0.7692307692307693","0.7692307692307693","0.7692307692307693","0.7692307692307693","0.7692307692307693","0.7692307692307693","0.7692307692307693","0.7692307692307693","0.7692307692307693","0.7692307692307693","0.7692307692307693","0.7692307692307693","0.7692307692307693","0.7692307692307693","0.7692307692307693","0.7692307692307693","0.7692307692307693","0.7692307692307693","0.7692307692307693","0.7692307692307693","0.7692307692307693","0.7692307692307693","0.7692307692307693","0.7692307692307693","0.7692307692307693","0.7692307692307693","0.7692307692307693","0.7692307692307693","0.7692307692307693","0.7692307692307693","0.7692307692307693","0.7692307692307693","0.7692307692307693","0.7692307692307693","0.7692307692307693","0.7692307692307693","0.7692307692307693","0.7692307692307693","0.7692307692307693","0.7692307692307693","0.7692307692307693","0.7692307692307693","0.7692307692307693","0.7692307692307693","0.7692307692307693","0.7692307692307693","0.7692307692307693","0.7692307692307693","0.7692307692307693","0.7692307692307693","0.7692307692307693","0.7692307692307693","0.7692307692307693","0.7692307692307693","0.7692307692307693","0.7692307692307693","0.7692307692307693","0.7692307692307693","0.7692307692307693","0.7692307692307693","0.7692307692307693","0.7692307692307693","0.7692307692307693","0.7692307692307693","0.7692307692307693","0.7692307692307693","0.7692307692307693","0.7692307692307693","0.7692307692307693","0.7692307692307693","0.7692307692307693","0.7692307692307693","0.7692307692307693","0.7692307692307693","0.7692307692307693","0.7692307692307693","0.7692307692307693","0.7692307692307693","0.7692307692307693","0.7692307692307693","0.7692307692307693","0.7692307692307693","0.7692307692307693","0.7692307692307693","0.7692307692307693","0.8461538461538461","0.8461538461538461","0.8461538461538461","0.8461538461538461","0.8461538461538461","0.8461538461538461","0.8461538461538461","0.8461538461538461","0.8461538461538461","0.8461538461538461","0.8461538461538461","0.8461538461538461","0.8461538461538461","0.8461538461538461","0.8461538461538461","0.8461538461538461","0.8461538461538461","0.8461538461538461","0.8461538461538461","0.8461538461538461","0.8461538461538461","0.8461538461538461","0.8461538461538461","0.8461538461538461","0.8461538461538461","0.8461538461538461","0.8461538461538461","0.8461538461538461","0.8461538461538461","0.8461538461538461","0.8461538461538461","0.8461538461538461","0.8461538461538461","0.8461538461538461","0.8461538461538461","0.8461538461538461","0.8461538461538461","0.8461538461538461","0.8461538461538461","0.8461538461538461","0.8461538461538461","0.8461538461538461","0.8461538461538461","0.8461538461538461","0.8461538461538461","0.8461538461538461","0.8461538461538461","0.8461538461538461","0.8461538461538461","0.8461538461538461","0.8461538461538461","0.8461538461538461","0.8461538461538461","0.8461538461538461","0.8461538461538461","0.8461538461538461","0.8461538461538461","0.8461538461538461","0.8461538461538461","0.8461538461538461","0.8461538461538461","0.8461538461538461","0.8461538461538461","0.8461538461538461","0.8461538461538461","0.8595008549321589","0.9230769230769231","0.9230769230769231","0.9230769230769231","0.9230769230769231","0.9230769230769231","0.9230769230769231","0.9230769230769231","0.9230769230769231","0.9230769230769231","0.9230769230769231","0.9230769230769231","0.9230769230769231","0.9230769230769231","0.9230769230769231","0.9230769230769231","0.9230769230769231","0.9230769230769231","0.9230769230769231","0.9230769230769231","0.9230769230769231","0.9230769230769231","0.9230769230769231","0.9230769230769231","0.9230769230769231","0.9230769230769231","0.9230769230769231","0.9230769230769231","0.9230769230769231","0.9230769230769231","0.9230769230769231","0.9230769230769231","0.9230769230769231","0.9230769230769231","0.9230769230769231","0.9230769230769231","0.9230769230769231","0.9230769230769231","0.9230769230769231","0.9230769230769231","0.9230769230769231","0.9230769230769231","0.9230769230769231","0.9230769230769231","0.9230769230769231","0.9230769230769231","0.9230769230769231","0.9230769230769231","0.9230769230769231","0.9230769230769231","0.9230769230769231","0.9230769230769231","0.9230769230769231","0.9230769230769231","0.9230769230769231","0.9230769230769231","0.9230769230769231","0.9230769230769231","0.9230769230769231","0.9230769230769231","0.9230769230769231","0.9230769230769231","0.9230769230769231","0.9230769230769231","0.9230769230769231","0.9230769230769231","0.9230769230769231","0.9230769230769231","0.9230769230769231","0.9230769230769231","0.9230769230769231","0.9230769230769231","0.9230769230769231","0.9230769230769231","0.9230769230769231","0.9230769230769231","0.9230769230769231","0.9230769230769231","0.9230769230769231","0.9230769230769231","0.9230769230769231","0.9230769230769231","0.9230769230769231","0.9230769230769231","0.9230769230769231","0.9230769230769231","0.9230769230769231","0.9230769230769231","0.9230769230769231","0.9230769230769231","0.9230769230769231","0.9230769230769231","0.9230769230769231","0.9230769230769231","0.9230769230769231","0.9230769230769231","0.9230769230769231","0.9230769230769231","0.9230769230769231","0.9230769230769231","0.9230769230769231","0.9230769230769231","0.9230769230769231","0.9230769230769231","0.9230769230769231","0.9230769230769231","0.9230769230769231","0.9230769230769231","0.9230769230769231","0.9230769230769231","0.9230769230769231","0.9230769230769231","0.9230769230769231","0.9230769230769231","0.9230769230769231","0.9230769230769231","0.9230769230769231","0.9230769230769231","0.9230769230769231","0.9230769230769231","0.9230769230769231","0.9230769230769231","0.9230769230769231","0.9230769230769231","0.9230769230769231","0.9230769230769231","0.9230769230769231","0.9230769230769231","0.9230769230769231","0.9230769230769231","0.9230769230769231","0.9230769230769231","0.9230769230769231","0.9230769230769231","0.9230769230769231","0.9230769230769231","0.9230769230769231","0.9230769230769231","0.9230769230769231","0.9230769230769231","0.9230769230769231","0.9230769230769231","0.9230769230769231","0.9230769230769231","0.9230769230769231","0.9230769230769231","0.9230769230769231","0.9230769230769231","0.9230769230769231","0.9230769230769231","0.9230769230769231","0.9230769230769231","0.9230769230769231","0.9230769230769231","0.9230769230769231","0.9230769230769231","0.9230769230769231","0.9230769230769231","0.9230769230769231","0.9230769230769231","0.9230769230769231","0.9230769230769231","0.9230769230769231","0.9230769230769231","0.9230769230769231","0.9230769230769231","0.9230769230769231","0.9230769230769231","0.9230769230769231","0.9230769230769231","0.9230769230769231","0.9230769230769231","0.9230769230769231","0.9230769230769231","0.9230769230769231","0.9230769230769231","0.9230769230769231","0.9230769230769231","0.9230769230769231","0.9230769230769231","0.9230769230769231","0.9230769230769231","0.9230769230769231","0.9230769230769231","0.9230769230769231","0.9230769230769231","0.9230769230769231","0.9230769230769231","0.9230769230769231","0.9230769230769231","0.9230769230769231","0.9230769230769231","0.9230769230769231","0.9230769230769231","0.9230769230769231","0.9230769230769231","0.9230769230769231","0.9230769230769231","0.9230769230769231","0.9230769230769231","0.9230769230769231","0.9230769230769231","0.9230769230769231","0.9230769230769231","0.9230769230769231","0.9230769230769231","0.9230769230769231","0.9230769230769231","0.9230769230769231","0.9230769230769231","0.9230769230769231","0.9230769230769231","0.9230769230769231","0.9230769230769231","0.9230769230769231","0.9230769230769231","0.9230769230769231","0.9230769230769231","0.9230769230769231","0.9230769230769231","0.9230769230769231","0.9230769230769231","0.9230769230769231","0.9230769230769231","0.9230769230769231","0.9230769230769231","0.9230769230769231","0.9230769230769231","0.9230769230769231","0.9230769230769231","0.9230769230769231","0.9230769230769231","0.9230769230769231","0.9230769230769231","0.9230769230769231","0.9230769230769231","0.9230769230769231","0.9230769230769231","0.9230769230769231","0.9230769230769231","0.9230769230769231","0.9230769230769231","0.9230769230769231","0.9230769230769231","0.9230769230769231","0.9230769230769231","0.9230769230769231","0.9230769230769231","0.9230769230769231","0.9230769230769231","0.9230769230769231","0.9230769230769231","0.9230769230769231","0.9230769230769231","0.9230769230769231","0.9230769230769231","0.9230769230769231","0.9230769230769231","0.9230769230769231","0.9230769230769231","0.9230769230769231","0.9230769230769231","0.9230769230769231","0.9230769230769231","0.9230769230769231","0.9230769230769231","0.9230769230769231","0.9230769230769231","0.9230769230769231","0.9230769230769231","0.9230769230769231","0.9230769230769231","0.9230769230769231","0.9230769230769231","0.9230769230769231","0.9230769230769231","0.9230769230769231","0.9230769230769231","0.9230769230769231","0.9230769230769231","0.9230769230769231","0.9230769230769231","0.9230769230769231","0.9230769230769231","0.9230769230769231","0.9230769230769231","0.9230769230769231","0.9230769230769231","0.9230769230769231","0.9230769230769231","0.9230769230769231","0.9230769230769231","0.9230769230769231","0.9230769230769231","0.9230769230769231","0.9230769230769231","0.9230769230769231","0.9230769230769231","0.9230769230769231","0.9230769230769231","0.9230769230769231","0.9230769230769231","0.9230769230769231","0.9230769230769231","0.9230769230769231","0.9230769230769231","0.9230769230769231","0.9230769230769231","0.9230769230769231","0.9230769230769231","0.9230769230769231","0.9230769230769231","0.9230769230769231","0.9230769230769231","0.9230769230769231","0.9230769230769231","0.9230769230769231","0.9230769230769231","0.9230769230769231","0.9230769230769231","0.9230769230769231","0.9230769230769231","0.9230769230769231","0.9230769230769231","0.9230769230769231","0.9230769230769231","0.9230769230769231","0.9230769230769231","0.9230769230769231","0.9230769230769231","0.9230769230769231","0.9230769230769231","0.9230769230769231","0.9230769230769231","0.9230769230769231","0.9230769230769231","0.9230769230769231","0.9230769230769231","0.9230769230769231","0.9230769230769231","0.9230769230769231","0.9230769230769231","0.9230769230769231","0.9230769230769231","0.9230769230769231","0.9230769230769231","0.9230769230769231","0.9230769230769231","0.9230769230769231","0.9230769230769231","0.9230769230769231","0.9230769230769231","0.9230769230769231","0.9230769230769231","0.9230769230769231","0.9230769230769231","0.9230769230769231","0.9230769230769231","0.9230769230769231","0.9230769230769231","0.9230769230769231","0.9230769230769231","0.9230769230769231","0.9230769230769231","0.9230769230769231","0.9230769230769231","0.9230769230769231","0.9230769230769231","0.9230769230769231","0.9230769230769231","0.9230769230769231","0.9230769230769231","0.9230769230769231","0.9230769230769231","0.9230769230769231","0.9230769230769231","0.9230769230769231","0.9230769230769231","0.9230769230769231","0.9230769230769231","0.9230769230769231","0.9230769230769231","0.9230769230769231","0.9230769230769231","0.9230769230769231","0.9230769230769231","0.9230769230769231","0.9230769230769231","0.9230769230769231","0.9230769230769231","0.9230769230769231","0.9230769230769231","0.9230769230769231","0.9230769230769231","0.9230769230769231","0.9230769230769231","0.9230769230769231","0.9230769230769231","0.9230769230769231","0.9230769230769231","0.9230769230769231","0.9230769230769231","0.9230769230769231","0.9230769230769231","0.9230769230769231","0.9230769230769231","0.9230769230769231","0.9230769230769231","0.9230769230769231","0.9230769230769231","0.9230769230769231","0.9230769230769231","0.9230769230769231","0.9230769230769231","0.9230769230769231","0.9230769230769231","0.9230769230769231","0.9230769230769231","0.9230769230769231","0.9230769230769231","0.9230769230769231","0.9230769230769231","0.9230769230769231","0.9230769230769231","0.9230769230769231","0.9230769230769231","0.9230769230769231","0.9230769230769231","0.9230769230769231","0.9230769230769231","0.9230769230769231","0.9230769230769231","0.9230769230769231","0.9230769230769231","0.9230769230769231","0.9230769230769231","0.9230769230769231","0.9230769230769231","0.9230769230769231","0.9230769230769231","0.9230769230769231","0.9230769230769231","0.9230769230769231","3","38"
"RandooPy-TypeHintsInference","mimesis.builtins.uk","1590998448624051798","1","247728045","1.0","1","4","1","4","1.0","1.0","1.0","1.0","1.0","1.0","1.0","1.0","1.0","1.0","1.0","1.0","1.0","1.0","1.0","1.0","1.0","1.0","1.0","1.0","1.0","1.0","1.0","1.0","1.0","1.0","1.0","1.0","1.0","1.0","1.0","1.0","1.0","1.0","1.0","1.0","1.0","1.0","1.0","1.0","1.0","1.0","1.0","1.0","1.0","1.0","1.0","1.0","1.0","1.0","1.0","1.0","1.0","1.0","1.0","1.0","1.0","1.0","1.0","1.0","1.0","1.0","1.0","1.0","1.0","1.0","1.0","1.0","1.0","1.0","1.0","1.0","1.0","1.0","1.0","1.0","1.0","1.0","1.0","1.0","1.0","1.0","1.0","1.0","1.0","1.0","1.0","1.0","1.0","1.0","1.0","1.0","1.0","1.0","1.0","1.0","1.0","1.0","1.0","1.0","1.0","1.0","1.0","1.0","1.0","1.0","1.0","1.0","1.0","1.0","1.0","1.0","1.0","1.0","1.0","1.0","1.0","1.0","1.0","1.0","1.0","1.0","1.0","1.0","1.0","1.0","1.0","1.0","1.0","1.0","1.0","1.0","1.0","1.0","1.0","1.0","1.0","1.0","1.0","1.0","1.0","1.0","1.0","1.0","1.0","1.0","1.0","1.0","1.0","1.0","1.0","1.0","1.0","1.0","1.0","1.0","1.0","1.0","1.0","1.0","1.0","1.0","1.0","1.0","1.0","1.0","1.0","1.0","1.0","1.0","1.0","1.0","1.0","1.0","1.0","1.0","1.0","1.0","1.0","1.0","1.0","1.0","1.0","1.0","1.0","1.0","1.0","1.0","1.0","1.0","1.0","1.0","1.0","1.0","1.0","1.0","1.0","1.0","1.0","1.0","1.0","1.0","1.0","1.0","1.0","1.0","1.0","1.0","1.0","1.0","1.0","1.0","1.0","1.0","1.0","1.0","1.0","1.0","1.0","1.0","1.0","1.0","1.0","1.0","1.0","1.0","1.0","1.0","1.0","1.0","1.0","1.0","1.0","1.0","1.0","1.0","1.0","1.0","1.0","1.0","1.0","1.0","1.0","1.0","1.0","1.0","1.0","1.0","1.0","1.0","1.0","1.0","1.0","1.0","1.0","1.0","1.0","1.0","1.0","1.0","1.0","1.0","1.0","1.0","1.0","1.0","1.0","1.0","1.0","1.0","1.0","1.0","1.0","1.0","1.0","1.0","1.0","1.0","1.0","1.0","1.0","1.0","1.0","1.0","1.0","1.0","1.0","1.0","1.0","1.0","1.0","1.0","1.0","1.0","1.0","1.0","1.0","1.0","1.0","1.0","1.0","1.0","1.0","1.0","1.0","1.0","1.0","1.0","1.0","1.0","1.0","1.0","1.0","1.0","1.0","1.0","1.0","1.0","1.0","1.0","1.0","1.0","1.0","1.0","1.0","1.0","1.0","1.0","1.0","1.0","1.0","1.0","1.0","1.0","1.0","1.0","1.0","1.0","1.0","1.0","1.0","1.0","1.0","1.0","1.0","1.0","1.0","1.0","1.0","1.0","1.0","1.0","1.0","1.0","1.0","1.0","1.0","1.0","1.0","1.0","1.0","1.0","1.0","1.0","1.0","1.0","1.0","1.0","1.0","1.0","1.0","1.0","1.0","1.0","1.0","1.0","1.0","1.0","1.0","1.0","1.0","1.0","1.0","1.0","1.0","1.0","1.0","1.0","1.0","1.0","1.0","1.0","1.0","1.0","1.0","1.0","1.0","1.0","1.0","1.0","1.0","1.0","1.0","1.0","1.0","1.0","1.0","1.0","1.0","1.0","1.0","1.0","1.0","1.0","1.0","1.0","1.0","1.0","1.0","1.0","1.0","1.0","1.0","1.0","1.0","1.0","1.0","1.0","1.0","1.0","1.0","1.0","1.0","1.0","1.0","1.0","1.0","1.0","1.0","1.0","1.0","1.0","1.0","1.0","1.0","1.0","1.0","1.0","1.0","1.0","1.0","1.0","1.0","1.0","1.0","1.0","1.0","1.0","1.0","1.0","1.0","1.0","1.0","1.0","1.0","1.0","1.0","1.0","1.0","1.0","1.0","1.0","1.0","1.0","1.0","1.0","1.0","1.0","1.0","1.0","1.0","1.0","1.0","1.0","1.0","1.0","1.0","1.0","1.0","1.0","1.0","1.0","1.0","1.0","1.0","1.0","1.0","1.0","1.0","1.0","1.0","1.0","1.0","1.0","1.0","1.0","1.0","1.0","1.0","1.0","1.0","1.0","1.0","1.0","1.0","1.0","1.0","1.0","1.0","1.0","1.0","1.0","1.0","1.0","1.0","1.0","1.0","1.0","1.0","1.0","1.0","1.0","1.0","1.0","1.0","1.0","1.0","1.0","1.0","1.0","1.0","1.0","1.0","1.0","1.0","1.0","1.0","1.0","1.0","1.0","1.0","1.0","1.0","1.0","1.0","1.0","1.0","1.0","1.0","1.0","1.0","1.0","1.0","1.0","1.0","1.0","1.0","1.0","1.0","1.0","1.0","1.0","1.0","1.0","1.0","1.0","1.0","1.0","1.0","1.0","1.0","1.0","1.0","1.0","1.0","1.0","1.0","1.0","1.0","1.0","1.0","1.0","1.0","1.0","1.0","1.0","1.0","1.0","1.0","1.0","0","0"
"RandooPy-TypeHintsInference","mimesis.providers.units","1590998448592298708","72","4821934483","1.0","71","1077","38","577","0.8888888888888888","0.8888888888888888","0.8888888888888888","0.8888888888888888","1.0","1.0","1.0","1.0","1.0","1.0","1.0","1.0","1.0","1.0","1.0","1.0","1.0","1.0","1.0","1.0","1.0","1.0","1.0","1.0","1.0","1.0","1.0","1.0","1.0","1.0","1.0","1.0","1.0","1.0","1.0","1.0","1.0","1.0","1.0","1.0","1.0","1.0","1.0","1.0","1.0","1.0","1.0","1.0","1.0","1.0","1.0","1.0","1.0","1.0","1.0","1.0","1.0","1.0","1.0","1.0","1.0","1.0","1.0","1.0","1.0","1.0","1.0","1.0","1.0","1.0","1.0","1.0","1.0","1.0","1.0","1.0","1.0","1.0","1.0","1.0","1.0","1.0","1.0","1.0","1.0","1.0","1.0","1.0","1.0","1.0","1.0","1.0","1.0","1.0","1.0","1.0","1.0","1.0","1.0","1.0","1.0","1.0","1.0","1.0","1.0","1.0","1.0","1.0","1.0","1.0","1.0","1.0","1.0","1.0","1.0","1.0","1.0","1.0","1.0","1.0","1.0","1.0","1.0","1.0","1.0","1.0","1.0","1.0","1.0","1.0","1.0","1.0","1.0","1.0","1.0","1.0","1.0","1.0","1.0","1.0","1.0","1.0","1.0","1.0","1.0","1.0","1.0","1.0","1.0","1.0","1.0","1.0","1.0","1.0","1.0","1.0","1.0","1.0","1.0","1.0","1.0","1.0","1.0","1.0","1.0","1.0","1.0","1.0","1.0","1.0","1.0","1.0","1.0","1.0","1.0","1.0","1.0","1.0","1.0","1.0","1.0","1.0","1.0","1.0","1.0","1.0","1.0","1.0","1.0","1.0","1.0","1.0","1.0","1.0","1.0","1.0","1.0","1.0","1.0","1.0","1.0","1.0","1.0","1.0","1.0","1.0","1.0","1.0","1.0","1.0","1.0","1.0","1.0","1.0","1.0","1.0","1.0","1.0","1.0","1.0","1.0","1.0","1.0","1.0","1.0","1.0","1.0","1.0","1.0","1.0","1.0","1.0","1.0","1.0","1.0","1.0","1.0","1.0","1.0","1.0","1.0","1.0","1.0","1.0","1.0","1.0","1.0","1.0","1.0","1.0","1.0","1.0","1.0","1.0","1.0","1.0","1.0","1.0","1.0","1.0","1.0","1.0","1.0","1.0","1.0","1.0","1.0","1.0","1.0","1.0","1.0","1.0","1.0","1.0","1.0","1.0","1.0","1.0","1.0","1.0","1.0","1.0","1.0","1.0","1.0","1.0","1.0","1.0","1.0","1.0","1.0","1.0","1.0","1.0","1.0","1.0","1.0","1.0","1.0","1.0","1.0","1.0","1.0","1.0","1.0","1.0","1.0","1.0","1.0","1.0","1.0","1.0","1.0","1.0","1.0","1.0","1.0","1.0","1.0","1.0","1.0","1.0","1.0","1.0","1.0","1.0","1.0","1.0","1.0","1.0","1.0","1.0","1.0","1.0","1.0","1.0","1.0","1.0","1.0","1.0","1.0","1.0","1.0","1.0","1.0","1.0","1.0","1.0","1.0","1.0","1.0","1.0","1.0","1.0","1.0","1.0","1.0","1.0","1.0","1.0","1.0","1.0","1.0","1.0","1.0","1.0","1.0","1.0","1.0","1.0","1.0","1.0","1.0","1.0","1.0","1.0","1.0","1.0","1.0","1.0","1.0","1.0","1.0","1.0","1.0","1.0","1.0","1.0","1.0","1.0","1.0","1.0","1.0","1.0","1.0","1.0","1.0","1.0","1.0","1.0","1.0","1.0","1.0","1.0","1.0","1.0","1.0","1.0","1.0","1.0","1.0","1.0","1.0","1.0","1.0","1.0","1.0","1.0","1.0","1.0","1.0","1.0","1.0","1.0","1.0","1.0","1.0","1.0","1.0","1.0","1.0","1.0","1.0","1.0","1.0","1.0","1.0","1.0","1.0","1.0","1.0","1.0","1.0","1.0","1.0","1.0","1.0","1.0","1.0","1.0","1.0","1.0","1.0","1.0","1.0","1.0","1.0","1.0","1.0","1.0","1.0","1.0","1.0","1.0","1.0","1.0","1.0","1.0","1.0","1.0","1.0","1.0","1.0","1.0","1.0","1.0","1.0","1.0","1.0","1.0","1.0","1.0","1.0","1.0","1.0","1.0","1.0","1.0","1.0","1.0","1.0","1.0","1.0","1.0","1.0","1.0","1.0","1.0","1.0","1.0","1.0","1.0","1.0","1.0","1.0","1.0","1.0","1.0","1.0","1.0","1.0","1.0","1.0","1.0","1.0","1.0","1.0","1.0","1.0","1.0","1.0","1.0","1.0","1.0","1.0","1.0","1.0","1.0","1.0","1.0","1.0","1.0","1.0","1.0","1.0","1.0","1.0","1.0","1.0","1.0","1.0","1.0","1.0","1.0","1.0","1.0","1.0","1.0","1.0","1.0","1.0","1.0","1.0","1.0","1.0","1.0","1.0","1.0","1.0","1.0","1.0","1.0","1.0","1.0","1.0","1.0","1.0","1.0","1.0","1.0","1.0","1.0","1.0","1.0","1.0","1.0","1.0","1.0","1.0","1.0","1.0","1.0","1.0","1.0","1.0","1.0","1.0","1.0","1.0","1.0","1.0","1.0","1.0","1.0","1.0","1.0","1.0","1.0","1.0","1.0","33","500"
"WSPy-TypeHintsInference","mimesis.enums","1590998526374526217","0","1634191540","1.0","8","120","8","120","1.0","1.0","1.0","1.0","1.0","1.0","1.0","1.0","1.0","1.0","1.0","1.0","1.0","1.0","1.0","1.0","1.0","1.0","1.0","1.0","1.0","1.0","1.0","1.0","1.0","1.0","1.0","1.0","1.0","1.0","1.0","1.0","1.0","1.0","1.0","1.0","1.0","1.0","1.0","1.0","1.0","1.0","1.0","1.0","1.0","1.0","1.0","1.0","1.0","1.0","1.0","1.0","1.0","1.0","1.0","1.0","1.0","1.0","1.0","1.0","1.0","1.0","1.0","1.0","1.0","1.0","1.0","1.0","1.0","1.0","1.0","1.0","1.0","1.0","1.0","1.0","1.0","1.0","1.0","1.0","1.0","1.0","1.0","1.0","1.0","1.0","1.0","1.0","1.0","1.0","1.0","1.0","1.0","1.0","1.0","1.0","1.0","1.0","1.0","1.0","1.0","1.0","1.0","1.0","1.0","1.0","1.0","1.0","1.0","1.0","1.0","1.0","1.0","1.0","1.0","1.0","1.0","1.0","1.0","1.0","1.0","1.0","1.0","1.0","1.0","1.0","1.0","1.0","1.0","1.0","1.0","1.0","1.0","1.0","1.0","1.0","1.0","1.0","1.0","1.0","1.0","1.0","1.0","1.0","1.0","1.0","1.0","1.0","1.0","1.0","1.0","1.0","1.0","1.0","1.0","1.0","1.0","1.0","1.0","1.0","1.0","1.0","1.0","1.0","1.0","1.0","1.0","1.0","1.0","1.0","1.0","1.0","1.0","1.0","1.0","1.0","1.0","1.0","1.0","1.0","1.0","1.0","1.0","1.0","1.0","1.0","1.0","1.0","1.0","1.0","1.0","1.0","1.0","1.0","1.0","1.0","1.0","1.0","1.0","1.0","1.0","1.0","1.0","1.0","1.0","1.0","1.0","1.0","1.0","1.0","1.0","1.0","1.0","1.0","1.0","1.0","1.0","1.0","1.0","1.0","1.0","1.0","1.0","1.0","1.0","1.0","1.0","1.0","1.0","1.0","1.0","1.0","1.0","1.0","1.0","1.0","1.0","1.0","1.0","1.0","1.0","1.0","1.0","1.0","1.0","1.0","1.0","1.0","1.0","1.0","1.0","1.0","1.0","1.0","1.0","1.0","1.0","1.0","1.0","1.0","1.0","1.0","1.0","1.0","1.0","1.0","1.0","1.0","1.0","1.0","1.0","1.0","1.0","1.0","1.0","1.0","1.0","1.0","1.0","1.0","1.0","1.0","1.0","1.0","1.0","1.0","1.0","1.0","1.0","1.0","1.0","1.0","1.0","1.0","1.0","1.0","1.0","1.0","1.0","1.0","1.0","1.0","1.0","1.0","1.0","1.0","1.0","1.0","1.0","1.0","1.0","1.0","1.0","1.0","1.0","1.0","1.0","1.0","1.0","1.0","1.0","1.0","1.0","1.0","1.0","1.0","1.0","1.0","1.0","1.0","1.0","1.0","1.0","1.0","1.0","1.0","1.0","1.0","1.0","1.0","1.0","1.0","1.0","1.0","1.0","1.0","1.0","1.0","1.0","1.0","1.0","1.0","1.0","1.0","1.0","1.0","1.0","1.0","1.0","1.0","1.0","1.0","1.0","1.0","1.0","1.0","1.0","1.0","1.0","1.0","1.0","1.0","1.0","1.0","1.0","1.0","1.0","1.0","1.0","1.0","1.0","1.0","1.0","1.0","1.0","1.0","1.0","1.0","1.0","1.0","1.0","1.0","1.0","1.0","1.0","1.0","1.0","1.0","1.0","1.0","1.0","1.0","1.0","1.0","1.0","1.0","1.0","1.0","1.0","1.0","1.0","1.0","1.0","1.0","1.0","1.0","1.0","1.0","1.0","1.0","1.0","1.0","1.0","1.0","1.0","1.0","1.0","1.0","1.0","1.0","1.0","1.0","1.0","1.0","1.0","1.0","1.0","1.0","1.0","1.0","1.0","1.0","1.0","1.0","1.0","1.0","1.0","1.0","1.0","1.0","1.0","1.0","1.0","1.0","1.0","1.0","1.0","1.0","1.0","1.0","1.0","1.0","1.0","1.0","1.0","1.0","1.0","1.0","1.0","1.0","1.0","1.0","1.0","1.0","1.0","1.0","1.0","1.0","1.0","1.0","1.0","1.0","1.0","1.0","1.0","1.0","1.0","1.0","1.0","1.0","1.0","1.0","1.0","1.0","1.0","1.0","1.0","1.0","1.0","1.0","1.0","1.0","1.0","1.0","1.0","1.0","1.0","1.0","1.0","1.0","1.0","1.0","1.0","1.0","1.0","1.0","1.0","1.0","1.0","1.0","1.0","1.0","1.0","1.0","1.0","1.0","1.0","1.0","1.0","1.0","1.0","1.0","1.0","1.0","1.0","1.0","1.0","1.0","1.0","1.0","1.0","1.0","1.0","1.0","1.0","1.0","1.0","1.0","1.0","1.0","1.0","1.0","1.0","1.0","1.0","1.0","1.0","1.0","1.0","1.0","1.0","1.0","1.0","1.0","1.0","1.0","1.0","1.0","1.0","1.0","1.0","1.0","1.0","1.0","1.0","1.0","1.0","1.0","1.0","1.0","1.0","1.0","1.0","1.0","1.0","1.0","1.0","1.0","1.0","1.0","1.0","1.0","1.0","1.0","1.0","1.0","1.0","1.0","1.0","1.0","0","0"
"WSPy-NoTypes","mimesis.random","1590999375432686543","747","612364705239","0.9142857142857143","16","310","15","304","0.5428571428571428","0.5428571428571428","0.5504647549446833","0.5714285714285714","0.5874548905048108","0.6","0.6352402908285849","0.6571428571428571","0.6571428571428571","0.6571428571428571","0.6571428571428571","0.6857142857142857","0.6857142857142857","0.6857142857142857","0.7230571663406821","0.7428571428571429","0.7428571428571429","0.7428571428571429","0.7428571428571429","0.7428571428571429","0.7428571428571429","0.7428571428571429","0.7428571428571429","0.7428571428571429","0.7428571428571429","0.7428571428571429","0.7428571428571429","0.7428571428571429","0.7428571428571429","0.7428571428571429","0.7428571428571429","0.7428571428571429","0.7428571428571429","0.7428571428571429","0.7428571428571429","0.7428571428571429","0.7428571428571429","0.7428571428571429","0.7428571428571429","0.7428571428571429","0.7428571428571429","0.7428571428571429","0.7428571428571429","0.7428571428571429","0.7428571428571429","0.7714285714285715","0.7714285714285715","0.7714285714285715","0.7714285714285715","0.7714285714285715","0.7714285714285715","0.7714285714285715","0.7714285714285715","0.7714285714285715","0.7714285714285715","0.7714285714285715","0.7714285714285715","0.7714285714285715","0.7714285714285715","0.7714285714285715","0.7714285714285715","0.7714285714285715","0.7714285714285715","0.7714285714285715","0.7714285714285715","0.7714285714285715","0.7714285714285715","0.7714285714285715","0.7714285714285715","0.7714285714285715","0.7714285714285715","0.7714285714285715","0.7714285714285715","0.7714285714285715","0.7714285714285715","0.7714285714285715","0.7714285714285715","0.7714285714285715","0.7714285714285715","0.7714285714285715","0.7714285714285715","0.7714285714285715","0.7714285714285715","0.7714285714285715","0.7714285714285715","0.7714285714285715","0.7714285714285715","0.7714285714285715","0.7714285714285715","0.7714285714285715","0.7714285714285715","0.7714285714285715","0.7714285714285715","0.7714285714285715","0.7714285714285715","0.7714285714285715","0.7714285714285715","0.7714285714285715","0.7714285714285715","0.7714285714285715","0.7714285714285715","0.7714285714285715","0.7714285714285715","0.7714285714285715","0.7714285714285715","0.7714285714285715","0.7714285714285715","0.7714285714285715","0.7714285714285715","0.7714285714285715","0.7714285714285715","0.7714285714285715","0.7714285714285715","0.7714285714285715","0.7714285714285715","0.7714285714285715","0.7714285714285715","0.7714285714285715","0.7714285714285715","0.7714285714285715","0.7714285714285715","0.7714285714285715","0.7714285714285715","0.7714285714285715","0.7714285714285715","0.7714285714285715","0.7714285714285715","0.7714285714285715","0.7714285714285715","0.7714285714285715","0.7714285714285715","0.7714285714285715","0.7714285714285715","0.7714285714285715","0.7714285714285715","0.7714285714285715","0.7714285714285715","0.7714285714285715","0.7714285714285715","0.7714285714285715","0.7714285714285715","0.7714285714285715","0.7714285714285715","0.7714285714285715","0.7714285714285715","0.7714285714285715","0.7714285714285715","0.7714285714285715","0.7714285714285715","0.7714285714285715","0.7714285714285715","0.7714285714285715","0.7714285714285715","0.7714285714285715","0.7714285714285715","0.7714285714285715","0.7714285714285715","0.7714285714285715","0.7714285714285715","0.7714285714285715","0.7714285714285715","0.7714285714285715","0.7714285714285715","0.7714285714285715","0.7714285714285715","0.7714285714285715","0.7714285714285715","0.7714285714285715","0.7714285714285715","0.7714285714285715","0.7714285714285715","0.7714285714285715","0.7714285714285715","0.7714285714285715","0.7714285714285715","0.7714285714285715","0.7714285714285715","0.7714285714285715","0.7714285714285715","0.7714285714285715","0.7714285714285715","0.7714285714285715","0.7714285714285715","0.7714285714285715","0.7714285714285715","0.7714285714285715","0.7714285714285715","0.7714285714285715","0.7714285714285715","0.7714285714285715","0.7714285714285715","0.7714285714285715","0.7714285714285715","0.7714285714285715","0.7714285714285715","0.7714285714285715","0.7714285714285715","0.7714285714285715","0.7714285714285715","0.7714285714285715","0.7714285714285715","0.7714285714285715","0.7714285714285715","0.7714285714285715","0.7714285714285715","0.7714285714285715","0.7714285714285715","0.7714285714285715","0.7714285714285715","0.7714285714285715","0.7714285714285715","0.7714285714285715","0.7714285714285715","0.7714285714285715","0.7714285714285715","0.7714285714285715","0.7714285714285715","0.7714285714285715","0.7714285714285715","0.7714285714285715","0.7714285714285715","0.7714285714285715","0.7714285714285715","0.7714285714285715","0.7714285714285715","0.7714285714285715","0.7714285714285715","0.7714285714285715","0.7714285714285715","0.7714285714285715","0.7714285714285715","0.7714285714285715","0.7714285714285715","0.7714285714285715","0.7714285714285715","0.8571428571428571","0.8571428571428571","0.8571428571428571","0.8571428571428571","0.8571428571428571","0.8571428571428571","0.8571428571428571","0.8571428571428571","0.8571428571428571","0.8636606872871667","0.8857142857142857","0.8857142857142857","0.8857142857142857","0.8857142857142857","0.8857142857142857","0.8857142857142857","0.8857142857142857","0.8857142857142857","0.8857142857142857","0.8857142857142857","0.8857142857142857","0.8857142857142857","0.8857142857142857","0.8857142857142857","0.8857142857142857","0.8857142857142857","0.8857142857142857","0.8857142857142857","0.8857142857142857","0.8857142857142857","0.8857142857142857","0.8857142857142857","0.8857142857142857","0.8857142857142857","0.8857142857142857","0.8857142857142857","0.8857142857142857","0.8857142857142857","0.8857142857142857","0.8857142857142857","0.8857142857142857","0.8857142857142857","0.8857142857142857","0.8857142857142857","0.8857142857142857","0.8857142857142857","0.8857142857142857","0.8857142857142857","0.8857142857142857","0.8857142857142857","0.8857142857142857","0.8857142857142857","0.8857142857142857","0.8857142857142857","0.8857142857142857","0.8857142857142857","0.8857142857142857","0.9111639547304424","0.9142857142857143","0.9142857142857143","0.9142857142857143","0.9142857142857143","0.9142857142857143","0.9142857142857143","0.9142857142857143","0.9142857142857143","0.9142857142857143","0.9142857142857143","0.9142857142857143","0.9142857142857143","0.9142857142857143","0.9142857142857143","0.9142857142857143","0.9142857142857143","0.9142857142857143","0.9142857142857143","0.9142857142857143","0.9142857142857143","0.9142857142857143","0.9142857142857143","0.9142857142857143","0.9142857142857143","0.9142857142857143","0.9142857142857143","0.9142857142857143","0.9142857142857143","0.9142857142857143","0.9142857142857143","0.9142857142857143","0.9142857142857143","0.9142857142857143","0.9142857142857143","0.9142857142857143","0.9142857142857143","0.9142857142857143","0.9142857142857143","0.9142857142857143","0.9142857142857143","0.9142857142857143","0.9142857142857143","0.9142857142857143","0.9142857142857143","0.9142857142857143","0.9142857142857143","0.9142857142857143","0.9142857142857143","0.9142857142857143","0.9142857142857143","0.9142857142857143","0.9142857142857143","0.9142857142857143","0.9142857142857143","0.9142857142857143","0.9142857142857143","0.9142857142857143","0.9142857142857143","0.9142857142857143","0.9142857142857143","0.9142857142857143","0.9142857142857143","0.9142857142857143","0.9142857142857143","0.9142857142857143","0.9142857142857143","0.9142857142857143","0.9142857142857143","0.9142857142857143","0.9142857142857143","0.9142857142857143","0.9142857142857143","0.9142857142857143","0.9142857142857143","0.9142857142857143","0.9142857142857143","0.9142857142857143","0.9142857142857143","0.9142857142857143","0.9142857142857143","0.9142857142857143","0.9142857142857143","0.9142857142857143","0.9142857142857143","0.9142857142857143","0.9142857142857143","0.9142857142857143","0.9142857142857143","0.9142857142857143","0.9142857142857143","0.9142857142857143","0.9142857142857143","0.9142857142857143","0.9142857142857143","0.9142857142857143","0.9142857142857143","0.9142857142857143","0.9142857142857143","0.9142857142857143","0.9142857142857143","0.9142857142857143","0.9142857142857143","0.9142857142857143","0.9142857142857143","0.9142857142857143","0.9142857142857143","0.9142857142857143","0.9142857142857143","0.9142857142857143","0.9142857142857143","0.9142857142857143","0.9142857142857143","0.9142857142857143","0.9142857142857143","0.9142857142857143","0.9142857142857143","0.9142857142857143","0.9142857142857143","0.9142857142857143","0.9142857142857143","0.9142857142857143","0.9142857142857143","0.9142857142857143","0.9142857142857143","0.9142857142857143","0.9142857142857143","0.9142857142857143","0.9142857142857143","0.9142857142857143","0.9142857142857143","0.9142857142857143","0.9142857142857143","0.9142857142857143","0.9142857142857143","0.9142857142857143","0.9142857142857143","0.9142857142857143","0.9142857142857143","0.9142857142857143","0.9142857142857143","0.9142857142857143","0.9142857142857143","0.9142857142857143","0.9142857142857143","0.9142857142857143","0.9142857142857143","0.9142857142857143","0.9142857142857143","0.9142857142857143","0.9142857142857143","0.9142857142857143","0.9142857142857143","0.9142857142857143","0.9142857142857143","0.9142857142857143","0.9142857142857143","0.9142857142857143","0.9142857142857143","0.9142857142857143","0.9142857142857143","0.9142857142857143","0.9142857142857143","0.9142857142857143","0.9142857142857143","0.9142857142857143","0.9142857142857143","0.9142857142857143","0.9142857142857143","0.9142857142857143","0.9142857142857143","0.9142857142857143","0.9142857142857143","0.9142857142857143","0.9142857142857143","0.9142857142857143","0.9142857142857143","0.9142857142857143","0.9142857142857143","0.9142857142857143","0.9142857142857143","0.9142857142857143","0.9142857142857143","0.9142857142857143","0.9142857142857143","0.9142857142857143","0.9142857142857143","0.9142857142857143","0.9142857142857143","0.9142857142857143","0.9142857142857143","0.9142857142857143","0.9142857142857143","0.9142857142857143","0.9142857142857143","0.9142857142857143","0.9142857142857143","0.9142857142857143","0.9142857142857143","0.9142857142857143","0.9142857142857143","0.9142857142857143","0.9142857142857143","0.9142857142857143","0.9142857142857143","0.9142857142857143","0.9142857142857143","0.9142857142857143","0.9142857142857143","0.9142857142857143","0.9142857142857143","0.9142857142857143","0.9142857142857143","0.9142857142857143","0.9142857142857143","0.9142857142857143","0.9142857142857143","0.9142857142857143","0.9142857142857143","0.9142857142857143","0.9142857142857143","0.9142857142857143","0.9142857142857143","0.9142857142857143","0.9142857142857143","0.9142857142857143","0.9142857142857143","0.9142857142857143","0.9142857142857143","0.9142857142857143","0.9142857142857143","0.9142857142857143","0.9142857142857143","0.9142857142857143","0.9142857142857143","0.9142857142857143","0.9142857142857143","0.9142857142857143","0.9142857142857143","0.9142857142857143","0.9142857142857143","0.9142857142857143","0.9142857142857143","0.9142857142857143","0.9142857142857143","0.9142857142857143","0.9142857142857143","0.9142857142857143","0.9142857142857143","0.9142857142857143","0.9142857142857143","0.9142857142857143","0.9142857142857143","0.9142857142857143","0.9142857142857143","0.9142857142857143","0.9142857142857143","0.9142857142857143","0.9142857142857143","0.9142857142857143","0.9142857142857143","0.9142857142857143","0.9142857142857143","0.9142857142857143","0.9142857142857143","0.9142857142857143","0.9142857142857143","0.9142857142857143","0.9142857142857143","0.9142857142857143","0.9142857142857143","0.9142857142857143","0.9142857142857143","0.9142857142857143","0.9142857142857143","0.9142857142857143","0.9142857142857143","0.9142857142857143","0.9142857142857143","0.9142857142857143","0.9142857142857143","0.9142857142857143","0.9142857142857143","0.9142857142857143","0.9142857142857143","0.9142857142857143","0.9142857142857143","0.9142857142857143","0.9142857142857143","0.9142857142857143","0.9142857142857143","0.9142857142857143","0.9142857142857143","0.9142857142857143","0.9142857142857143","0.9142857142857143","0.9142857142857143","0.9142857142857143","0.9142857142857143","0.9142857142857143","0.9142857142857143","0.9142857142857143","0.9142857142857143","0.9142857142857143","0.9142857142857143","0.9142857142857143","0.9142857142857143","0.9142857142857143","1","6"
"RandooPy-NoTypes","mimesis.providers.hardware","1590999147715128692","19","674826122","1.0","18","239","0","0","1.0","1.0","1.0","1.0","1.0","1.0","1.0","1.0","1.0","1.0","1.0","1.0","1.0","1.0","1.0","1.0","1.0","1.0","1.0","1.0","1.0","1.0","1.0","1.0","1.0","1.0","1.0","1.0","1.0","1.0","1.0","1.0","1.0","1.0","1.0","1.0","1.0","1.0","1.0","1.0","1.0","1.0","1.0","1.0","1.0","1.0","1.0","1.0","1.0","1.0","1.0","1.0","1.0","1.0","1.0","1.0","1.0","1.0","1.0","1.0","1.0","1.0","1.0","1.0","1.0","1.0","1.0","1.0","1.0","1.0","1.0","1.0","1.0","1.0","1.0","1.0","1.0","1.0","1.0","1.0","1.0","1.0","1.0","1.0","1.0","1.0","1.0","1.0","1.0","1.0","1.0","1.0","1.0","1.0","1.0","1.0","1.0","1.0","1.0","1.0","1.0","1.0","1.0","1.0","1.0","1.0","1.0","1.0","1.0","1.0","1.0","1.0","1.0","1.0","1.0","1.0","1.0","1.0","1.0","1.0","1.0","1.0","1.0","1.0","1.0","1.0","1.0","1.0","1.0","1.0","1.0","1.0","1.0","1.0","1.0","1.0","1.0","1.0","1.0","1.0","1.0","1.0","1.0","1.0","1.0","1.0","1.0","1.0","1.0","1.0","1.0","1.0","1.0","1.0","1.0","1.0","1.0","1.0","1.0","1.0","1.0","1.0","1.0","1.0","1.0","1.0","1.0","1.0","1.0","1.0","1.0","1.0","1.0","1.0","1.0","1.0","1.0","1.0","1.0","1.0","1.0","1.0","1.0","1.0","1.0","1.0","1.0","1.0","1.0","1.0","1.0","1.0","1.0","1.0","1.0","1.0","1.0","1.0","1.0","1.0","1.0","1.0","1.0","1.0","1.0","1.0","1.0","1.0","1.0","1.0","1.0","1.0","1.0","1.0","1.0","1.0","1.0","1.0","1.0","1.0","1.0","1.0","1.0","1.0","1.0","1.0","1.0","1.0","1.0","1.0","1.0","1.0","1.0","1.0","1.0","1.0","1.0","1.0","1.0","1.0","1.0","1.0","1.0","1.0","1.0","1.0","1.0","1.0","1.0","1.0","1.0","1.0","1.0","1.0","1.0","1.0","1.0","1.0","1.0","1.0","1.0","1.0","1.0","1.0","1.0","1.0","1.0","1.0","1.0","1.0","1.0","1.0","1.0","1.0","1.0","1.0","1.0","1.0","1.0","1.0","1.0","1.0","1.0","1.0","1.0","1.0","1.0","1.0","1.0","1.0","1.0","1.0","1.0","1.0","1.0","1.0","1.0","1.0","1.0","1.0","1.0","1.0","1.0","1.0","1.0","1.0","1.0","1.0","1.0","1.0","1.0","1.0","1.0","1.0","1.0","1.0","1.0","1.0","1.0","1.0","1.0","1.0","1.0","1.0","1.0","1.0","1.0","1.0","1.0","1.0","1.0","1.0","1.0","1.0","1.0","1.0","1.0","1.0","1.0","1.0","1.0","1.0","1.0","1.0","1.0","1.0","1.0","1.0","1.0","1.0","1.0","1.0","1.0","1.0","1.0","1.0","1.0","1.0","1.0","1.0","1.0","1.0","1.0","1.0","1.0","1.0","1.0","1.0","1.0","1.0","1.0","1.0","1.0","1.0","1.0","1.0","1.0","1.0","1.0","1.0","1.0","1.0","1.0","1.0","1.0","1.0","1.0","1.0","1.0","1.0","1.0","1.0","1.0","1.0","1.0","1.0","1.0","1.0","1.0","1.0","1.0","1.0","1.0","1.0","1.0","1.0","1.0","1.0","1.0","1.0","1.0","1.0","1.0","1.0","1.0","1.0","1.0","1.0","1.0","1.0","1.0","1.0","1.0","1.0","1.0","1.0","1.0","1.0","1.0","1.0","1.0","1.0","1.0","1.0","1.0","1.0","1.0","1.0","1.0","1.0","1.0","1.0","1.0","1.0","1.0","1.0","1.0","1.0","1.0","1.0","1.0","1.0","1.0","1.0","1.0","1.0","1.0","1.0","1.0","1.0","1.0","1.0","1.0","1.0","1.0","1.0","1.0","1.0","1.0","1.0","1.0","1.0","1.0","1.0","1.0","1.0","1.0","1.0","1.0","1.0","1.0","1.0","1.0","1.0","1.0","1.0","1.0","1.0","1.0","1.0","1.0","1.0","1.0","1.0","1.0","1.0","1.0","1.0","1.0","1.0","1.0","1.0","1.0","1.0","1.0","1.0","1.0","1.0","1.0","1.0","1.0","1.0","1.0","1.0","1.0","1.0","1.0","1.0","1.0","1.0","1.0","1.0","1.0","1.0","1.0","1.0","1.0","1.0","1.0","1.0","1.0","1.0","1.0","1.0","1.0","1.0","1.0","1.0","1.0","1.0","1.0","1.0","1.0","1.0","1.0","1.0","1.0","1.0","1.0","1.0","1.0","1.0","1.0","1.0","1.0","1.0","1.0","1.0","1.0","1.0","1.0","1.0","1.0","1.0","1.0","1.0","1.0","1.0","1.0","1.0","1.0","1.0","1.0","1.0","1.0","1.0","1.0","1.0","1.0","1.0","1.0","1.0","1.0","1.0","1.0","1.0","1.0","1.0","1.0","1.0","1.0","1.0","1.0","1.0","1.0","1.0","1.0","1.0","1.0","1.0","18","239"
"RandooPy-NoTypes","mimesis.enums","1590999147362535832","1","3486382","1.0","1","1","1","1","1.0","1.0","1.0","1.0","1.0","1.0","1.0","1.0","1.0","1.0","1.0","1.0","1.0","1.0","1.0","1.0","1.0","1.0","1.0","1.0","1.0","1.0","1.0","1.0","1.0","1.0","1.0","1.0","1.0","1.0","1.0","1.0","1.0","1.0","1.0","1.0","1.0","1.0","1.0","1.0","1.0","1.0","1.0","1.0","1.0","1.0","1.0","1.0","1.0","1.0","1.0","1.0","1.0","1.0","1.0","1.0","1.0","1.0","1.0","1.0","1.0","1.0","1.0","1.0","1.0","1.0","1.0","1.0","1.0","1.0","1.0","1.0","1.0","1.0","1.0","1.0","1.0","1.0","1.0","1.0","1.0","1.0","1.0","1.0","1.0","1.0","1.0","1.0","1.0","1.0","1.0","1.0","1.0","1.0","1.0","1.0","1.0","1.0","1.0","1.0","1.0","1.0","1.0","1.0","1.0","1.0","1.0","1.0","1.0","1.0","1.0","1.0","1.0","1.0","1.0","1.0","1.0","1.0","1.0","1.0","1.0","1.0","1.0","1.0","1.0","1.0","1.0","1.0","1.0","1.0","1.0","1.0","1.0","1.0","1.0","1.0","1.0","1.0","1.0","1.0","1.0","1.0","1.0","1.0","1.0","1.0","1.0","1.0","1.0","1.0","1.0","1.0","1.0","1.0","1.0","1.0","1.0","1.0","1.0","1.0","1.0","1.0","1.0","1.0","1.0","1.0","1.0","1.0","1.0","1.0","1.0","1.0","1.0","1.0","1.0","1.0","1.0","1.0","1.0","1.0","1.0","1.0","1.0","1.0","1.0","1.0","1.0","1.0","1.0","1.0","1.0","1.0","1.0","1.0","1.0","1.0","1.0","1.0","1.0","1.0","1.0","1.0","1.0","1.0","1.0","1.0","1.0","1.0","1.0","1.0","1.0","1.0","1.0","1.0","1.0","1.0","1.0","1.0","1.0","1.0","1.0","1.0","1.0","1.0","1.0","1.0","1.0","1.0","1.0","1.0","1.0","1.0","1.0","1.0","1.0","1.0","1.0","1.0","1.0","1.0","1.0","1.0","1.0","1.0","1.0","1.0","1.0","1.0","1.0","1.0","1.0","1.0","1.0","1.0","1.0","1.0","1.0","1.0","1.0","1.0","1.0","1.0","1.0","1.0","1.0","1.0","1.0","1.0","1.0","1.0","1.0","1.0","1.0","1.0","1.0","1.0","1.0","1.0","1.0","1.0","1.0","1.0","1.0","1.0","1.0","1.0","1.0","1.0","1.0","1.0","1.0","1.0","1.0","1.0","1.0","1.0","1.0","1.0","1.0","1.0","1.0","1.0","1.0","1.0","1.0","1.0","1.0","1.0","1.0","1.0","1.0","1.0","1.0","1.0","1.0","1.0","1.0","1.0","1.0","1.0","1.0","1.0","1.0","1.0","1.0","1.0","1.0","1.0","1.0","1.0","1.0","1.0","1.0","1.0","1.0","1.0","1.0","1.0","1.0","1.0","1.0","1.0","1.0","1.0","1.0","1.0","1.0","1.0","1.0","1.0","1.0","1.0","1.0","1.0","1.0","1.0","1.0","1.0","1.0","1.0","1.0","1.0","1.0","1.0","1.0","1.0","1.0","1.0","1.0","1.0","1.0","1.0","1.0","1.0","1.0","1.0","1.0","1.0","1.0","1.0","1.0","1.0","1.0","1.0","1.0","1.0","1.0","1.0","1.0","1.0","1.0","1.0","1.0","1.0","1.0","1.0","1.0","1.0","1.0","1.0","1.0","1.0","1.0","1.0","1.0","1.0","1.0","1.0","1.0","1.0","1.0","1.0","1.0","1.0","1.0","1.0","1.0","1.0","1.0","1.0","1.0","1.0","1.0","1.0","1.0","1.0","1.0","1.0","1.0","1.0","1.0","1.0","1.0","1.0","1.0","1.0","1.0","1.0","1.0","1.0","1.0","1.0","1.0","1.0","1.0","1.0","1.0","1.0","1.0","1.0","1.0","1.0","1.0","1.0","1.0","1.0","1.0","1.0","1.0","1.0","1.0","1.0","1.0","1.0","1.0","1.0","1.0","1.0","1.0","1.0","1.0","1.0","1.0","1.0","1.0","1.0","1.0","1.0","1.0","1.0","1.0","1.0","1.0","1.0","1.0","1.0","1.0","1.0","1.0","1.0","1.0","1.0","1.0","1.0","1.0","1.0","1.0","1.0","1.0","1.0","1.0","1.0","1.0","1.0","1.0","1.0","1.0","1.0","1.0","1.0","1.0","1.0","1.0","1.0","1.0","1.0","1.0","1.0","1.0","1.0","1.0","1.0","1.0","1.0","1.0","1.0","1.0","1.0","1.0","1.0","1.0","1.0","1.0","1.0","1.0","1.0","1.0","1.0","1.0","1.0","1.0","1.0","1.0","1.0","1.0","1.0","1.0","1.0","1.0","1.0","1.0","1.0","1.0","1.0","1.0","1.0","1.0","1.0","1.0","1.0","1.0","1.0","1.0","1.0","1.0","1.0","1.0","1.0","1.0","1.0","1.0","1.0","1.0","1.0","1.0","1.0","1.0","1.0","1.0","1.0","1.0","1.0","1.0","1.0","1.0","1.0","1.0","1.0","1.0","1.0","1.0","1.0","1.0","1.0","1.0","1.0","1.0","1.0","1.0","1.0","0","0"
"RandooPy-TypeHintsInference","mimesis.builtins.it","1590998449738969024","370","607862321081","0.8571428571428571","354","9231","156","4272","0.8571428571428571","0.8571428571428571","0.8571428571428571","0.8571428571428571","0.8571428571428571","0.8571428571428571","0.8571428571428571","0.8571428571428571","0.8571428571428571","0.8571428571428571","0.8571428571428571","0.8571428571428571","0.8571428571428571","0.8571428571428571","0.8571428571428571","0.8571428571428571","0.8571428571428571","0.8571428571428571","0.8571428571428571","0.8571428571428571","0.8571428571428571","0.8571428571428571","0.8571428571428571","0.8571428571428571","0.8571428571428571","0.8571428571428571","0.8571428571428571","0.8571428571428571","0.8571428571428571","0.8571428571428571","0.8571428571428571","0.8571428571428571","0.8571428571428571","0.8571428571428571","0.8571428571428571","0.8571428571428571","0.8571428571428571","0.8571428571428571","0.8571428571428571","0.8571428571428571","0.8571428571428571","0.8571428571428571","0.8571428571428571","0.8571428571428571","0.8571428571428571","0.8571428571428571","0.8571428571428571","0.8571428571428571","0.8571428571428571","0.8571428571428571","0.8571428571428571","0.8571428571428571","0.8571428571428571","0.8571428571428571","0.8571428571428571","0.8571428571428571","0.8571428571428571","0.8571428571428571","0.8571428571428571","0.8571428571428571","0.8571428571428571","0.8571428571428571","0.8571428571428571","0.8571428571428571","0.8571428571428571","0.8571428571428571","0.8571428571428571","0.8571428571428571","0.8571428571428571","0.8571428571428571","0.8571428571428571","0.8571428571428571","0.8571428571428571","0.8571428571428571","0.8571428571428571","0.8571428571428571","0.8571428571428571","0.8571428571428571","0.8571428571428571","0.8571428571428571","0.8571428571428571","0.8571428571428571","0.8571428571428571","0.8571428571428571","0.8571428571428571","0.8571428571428571","0.8571428571428571","0.8571428571428571","0.8571428571428571","0.8571428571428571","0.8571428571428571","0.8571428571428571","0.8571428571428571","0.8571428571428571","0.8571428571428571","0.8571428571428571","0.8571428571428571","0.8571428571428571","0.8571428571428571","0.8571428571428571","0.8571428571428571","0.8571428571428571","0.8571428571428571","0.8571428571428571","0.8571428571428571","0.8571428571428571","0.8571428571428571","0.8571428571428571","0.8571428571428571","0.8571428571428571","0.8571428571428571","0.8571428571428571","0.8571428571428571","0.8571428571428571","0.8571428571428571","0.8571428571428571","0.8571428571428571","0.8571428571428571","0.8571428571428571","0.8571428571428571","0.8571428571428571","0.8571428571428571","0.8571428571428571","0.8571428571428571","0.8571428571428571","0.8571428571428571","0.8571428571428571","0.8571428571428571","0.8571428571428571","0.8571428571428571","0.8571428571428571","0.8571428571428571","0.8571428571428571","0.8571428571428571","0.8571428571428571","0.8571428571428571","0.8571428571428571","0.8571428571428571","0.8571428571428571","0.8571428571428571","0.8571428571428571","0.8571428571428571","0.8571428571428571","0.8571428571428571","0.8571428571428571","0.8571428571428571","0.8571428571428571","0.8571428571428571","0.8571428571428571","0.8571428571428571","0.8571428571428571","0.8571428571428571","0.8571428571428571","0.8571428571428571","0.8571428571428571","0.8571428571428571","0.8571428571428571","0.8571428571428571","0.8571428571428571","0.8571428571428571","0.8571428571428571","0.8571428571428571","0.8571428571428571","0.8571428571428571","0.8571428571428571","0.8571428571428571","0.8571428571428571","0.8571428571428571","0.8571428571428571","0.8571428571428571","0.8571428571428571","0.8571428571428571","0.8571428571428571","0.8571428571428571","0.8571428571428571","0.8571428571428571","0.8571428571428571","0.8571428571428571","0.8571428571428571","0.8571428571428571","0.8571428571428571","0.8571428571428571","0.8571428571428571","0.8571428571428571","0.8571428571428571","0.8571428571428571","0.8571428571428571","0.8571428571428571","0.8571428571428571","0.8571428571428571","0.8571428571428571","0.8571428571428571","0.8571428571428571","0.8571428571428571","0.8571428571428571","0.8571428571428571","0.8571428571428571","0.8571428571428571","0.8571428571428571","0.8571428571428571","0.8571428571428571","0.8571428571428571","0.8571428571428571","0.8571428571428571","0.8571428571428571","0.8571428571428571","0.8571428571428571","0.8571428571428571","0.8571428571428571","0.8571428571428571","0.8571428571428571","0.8571428571428571","0.8571428571428571","0.8571428571428571","0.8571428571428571","0.8571428571428571","0.8571428571428571","0.8571428571428571","0.8571428571428571","0.8571428571428571","0.8571428571428571","0.8571428571428571","0.8571428571428571","0.8571428571428571","0.8571428571428571","0.8571428571428571","0.8571428571428571","0.8571428571428571","0.8571428571428571","0.8571428571428571","0.8571428571428571","0.8571428571428571","0.8571428571428571","0.8571428571428571","0.8571428571428571","0.8571428571428571","0.8571428571428571","0.8571428571428571","0.8571428571428571","0.8571428571428571","0.8571428571428571","0.8571428571428571","0.8571428571428571","0.8571428571428571","0.8571428571428571","0.8571428571428571","0.8571428571428571","0.8571428571428571","0.8571428571428571","0.8571428571428571","0.8571428571428571","0.8571428571428571","0.8571428571428571","0.8571428571428571","0.8571428571428571","0.8571428571428571","0.8571428571428571","0.8571428571428571","0.8571428571428571","0.8571428571428571","0.8571428571428571","0.8571428571428571","0.8571428571428571","0.8571428571428571","0.8571428571428571","0.8571428571428571","0.8571428571428571","0.8571428571428571","0.8571428571428571","0.8571428571428571","0.8571428571428571","0.8571428571428571","0.8571428571428571","0.8571428571428571","0.8571428571428571","0.8571428571428571","0.8571428571428571","0.8571428571428571","0.8571428571428571","0.8571428571428571","0.8571428571428571","0.8571428571428571","0.8571428571428571","0.8571428571428571","0.8571428571428571","0.8571428571428571","0.8571428571428571","0.8571428571428571","0.8571428571428571","0.8571428571428571","0.8571428571428571","0.8571428571428571","0.8571428571428571","0.8571428571428571","0.8571428571428571","0.8571428571428571","0.8571428571428571","0.8571428571428571","0.8571428571428571","0.8571428571428571","0.8571428571428571","0.8571428571428571","0.8571428571428571","0.8571428571428571","0.8571428571428571","0.8571428571428571","0.8571428571428571","0.8571428571428571","0.8571428571428571","0.8571428571428571","0.8571428571428571","0.8571428571428571","0.8571428571428571","0.8571428571428571","0.8571428571428571","0.8571428571428571","0.8571428571428571","0.8571428571428571","0.8571428571428571","0.8571428571428571","0.8571428571428571","0.8571428571428571","0.8571428571428571","0.8571428571428571","0.8571428571428571","0.8571428571428571","0.8571428571428571","0.8571428571428571","0.8571428571428571","0.8571428571428571","0.8571428571428571","0.8571428571428571","0.8571428571428571","0.8571428571428571","0.8571428571428571","0.8571428571428571","0.8571428571428571","0.8571428571428571","0.8571428571428571","0.8571428571428571","0.8571428571428571","0.8571428571428571","0.8571428571428571","0.8571428571428571","0.8571428571428571","0.8571428571428571","0.8571428571428571","0.8571428571428571","0.8571428571428571","0.8571428571428571","0.8571428571428571","0.8571428571428571","0.8571428571428571","0.8571428571428571","0.8571428571428571","0.8571428571428571","0.8571428571428571","0.8571428571428571","0.8571428571428571","0.8571428571428571","0.8571428571428571","0.8571428571428571","0.8571428571428571","0.8571428571428571","0.8571428571428571","0.8571428571428571","0.8571428571428571","0.8571428571428571","0.8571428571428571","0.8571428571428571","0.8571428571428571","0.8571428571428571","0.8571428571428571","0.8571428571428571","0.8571428571428571","0.8571428571428571","0.8571428571428571","0.8571428571428571","0.8571428571428571","0.8571428571428571","0.8571428571428571","0.8571428571428571","0.8571428571428571","0.8571428571428571","0.8571428571428571","0.8571428571428571","0.8571428571428571","0.8571428571428571","0.8571428571428571","0.8571428571428571","0.8571428571428571","0.8571428571428571","0.8571428571428571","0.8571428571428571","0.8571428571428571","0.8571428571428571","0.8571428571428571","0.8571428571428571","0.8571428571428571","0.8571428571428571","0.8571428571428571","0.8571428571428571","0.8571428571428571","0.8571428571428571","0.8571428571428571","0.8571428571428571","0.8571428571428571","0.8571428571428571","0.8571428571428571","0.8571428571428571","0.8571428571428571","0.8571428571428571","0.8571428571428571","0.8571428571428571","0.8571428571428571","0.8571428571428571","0.8571428571428571","0.8571428571428571","0.8571428571428571","0.8571428571428571","0.8571428571428571","0.8571428571428571","0.8571428571428571","0.8571428571428571","0.8571428571428571","0.8571428571428571","0.8571428571428571","0.8571428571428571","0.8571428571428571","0.8571428571428571","0.8571428571428571","0.8571428571428571","0.8571428571428571","0.8571428571428571","0.8571428571428571","0.8571428571428571","0.8571428571428571","0.8571428571428571","0.8571428571428571","0.8571428571428571","0.8571428571428571","0.8571428571428571","0.8571428571428571","0.8571428571428571","0.8571428571428571","0.8571428571428571","0.8571428571428571","0.8571428571428571","0.8571428571428571","0.8571428571428571","0.8571428571428571","0.8571428571428571","0.8571428571428571","0.8571428571428571","0.8571428571428571","0.8571428571428571","0.8571428571428571","0.8571428571428571","0.8571428571428571","0.8571428571428571","0.8571428571428571","0.8571428571428571","0.8571428571428571","0.8571428571428571","0.8571428571428571","0.8571428571428571","0.8571428571428571","0.8571428571428571","0.8571428571428571","0.8571428571428571","0.8571428571428571","0.8571428571428571","0.8571428571428571","0.8571428571428571","0.8571428571428571","0.8571428571428571","0.8571428571428571","0.8571428571428571","0.8571428571428571","0.8571428571428571","0.8571428571428571","0.8571428571428571","0.8571428571428571","0.8571428571428571","0.8571428571428571","0.8571428571428571","0.8571428571428571","0.8571428571428571","0.8571428571428571","0.8571428571428571","0.8571428571428571","0.8571428571428571","0.8571428571428571","0.8571428571428571","0.8571428571428571","0.8571428571428571","0.8571428571428571","0.8571428571428571","0.8571428571428571","0.8571428571428571","0.8571428571428571","0.8571428571428571","0.8571428571428571","0.8571428571428571","0.8571428571428571","0.8571428571428571","0.8571428571428571","0.8571428571428571","0.8571428571428571","0.8571428571428571","0.8571428571428571","0.8571428571428571","0.8571428571428571","0.8571428571428571","0.8571428571428571","0.8571428571428571","0.8571428571428571","0.8571428571428571","0.8571428571428571","0.8571428571428571","0.8571428571428571","0.8571428571428571","0.8571428571428571","0.8571428571428571","0.8571428571428571","0.8571428571428571","0.8571428571428571","0.8571428571428571","0.8571428571428571","0.8571428571428571","0.8571428571428571","0.8571428571428571","0.8571428571428571","0.8571428571428571","0.8571428571428571","0.8571428571428571","0.8571428571428571","0.8571428571428571","0.8571428571428571","0.8571428571428571","0.8571428571428571","0.8571428571428571","0.8571428571428571","0.8571428571428571","0.8571428571428571","0.8571428571428571","0.8571428571428571","0.8571428571428571","0.8571428571428571","0.8571428571428571","0.8571428571428571","0.8571428571428571","0.8571428571428571","0.8571428571428571","0.8571428571428571","0.8571428571428571","0.8571428571428571","0.8571428571428571","0.8571428571428571","0.8571428571428571","0.8571428571428571","0.8571428571428571","0.8571428571428571","0.8571428571428571","0.8571428571428571","0.8571428571428571","0.8571428571428571","0.8571428571428571","0.8571428571428571","0.8571428571428571","0.8571428571428571","0.8571428571428571","0.8571428571428571","0.8571428571428571","0.8571428571428571","0.8571428571428571","0.8571428571428571","0.8571428571428571","0.8571428571428571","0.8571428571428571","0.8571428571428571","0.8571428571428571","0.8571428571428571","0.8571428571428571","0.8571428571428571","0.8571428571428571","0.8571428571428571","0.8571428571428571","0.8571428571428571","0.8571428571428571","0.8571428571428571","0.8571428571428571","0.8571428571428571","0.8571428571428571","0.8571428571428571","0.8571428571428571","0.8571428571428571","0.8571428571428571","0.8571428571428571","0.8571428571428571","198","4959"
"RandooPy-NoTypes","mimesis.providers.date","1590999166632068423","398","609192857406","0.9111111111111111","390","9952","149","3669","0.6888888888888889","0.7333333333333333","0.7333333333333333","0.7777777777777778","0.8","0.8150232095361863","0.8222222222222222","0.8222222222222222","0.8444444444444444","0.8444444444444444","0.8444444444444444","0.8444444444444444","0.8444444444444444","0.8444444444444444","0.8444444444444444","0.8444444444444444","0.8444444444444444","0.8444444444444444","0.8444444444444444","0.8444444444444444","0.8444444444444444","0.8444444444444444","0.8444444444444444","0.8444444444444444","0.8444444444444444","0.8444444444444444","0.8444444444444444","0.8444444444444444","0.8444444444444444","0.8444444444444444","0.8444444444444444","0.8444444444444444","0.8444444444444444","0.8444444444444444","0.8444444444444444","0.8454480166250206","0.8666666666666667","0.8666666666666667","0.8666666666666667","0.8666666666666667","0.8666666666666667","0.8666666666666667","0.8666666666666667","0.8666666666666667","0.8666666666666667","0.8666666666666667","0.8666666666666667","0.8666666666666667","0.8666666666666667","0.8666666666666667","0.8666666666666667","0.8666666666666667","0.8857075169809439","0.8888888888888888","0.8888888888888888","0.8888888888888888","0.8888888888888888","0.8888888888888888","0.8888888888888888","0.8888888888888888","0.8888888888888888","0.8888888888888888","0.8888888888888888","0.8888888888888888","0.8888888888888888","0.8888888888888888","0.8888888888888888","0.8888888888888888","0.8888888888888888","0.8888888888888888","0.8888888888888888","0.8888888888888888","0.8888888888888888","0.8888888888888888","0.8888888888888888","0.8888888888888888","0.8888888888888888","0.8888888888888888","0.8888888888888888","0.8888888888888888","0.8888888888888888","0.8888888888888888","0.8888888888888888","0.8888888888888888","0.8888888888888888","0.8888888888888888","0.8888888888888888","0.8888888888888888","0.8888888888888888","0.8888888888888888","0.8888888888888888","0.8888888888888888","0.8888888888888888","0.8888888888888888","0.8888888888888888","0.8888888888888888","0.8888888888888888","0.8888888888888888","0.8888888888888888","0.8888888888888888","0.8888888888888888","0.8888888888888888","0.8888888888888888","0.8888888888888888","0.8888888888888888","0.8888888888888888","0.9067275531990557","0.9111111111111111","0.9111111111111111","0.9111111111111111","0.9111111111111111","0.9111111111111111","0.9111111111111111","0.9111111111111111","0.9111111111111111","0.9111111111111111","0.9111111111111111","0.9111111111111111","0.9111111111111111","0.9111111111111111","0.9111111111111111","0.9111111111111111","0.9111111111111111","0.9111111111111111","0.9111111111111111","0.9111111111111111","0.9111111111111111","0.9111111111111111","0.9111111111111111","0.9111111111111111","0.9111111111111111","0.9111111111111111","0.9111111111111111","0.9111111111111111","0.9111111111111111","0.9111111111111111","0.9111111111111111","0.9111111111111111","0.9111111111111111","0.9111111111111111","0.9111111111111111","0.9111111111111111","0.9111111111111111","0.9111111111111111","0.9111111111111111","0.9111111111111111","0.9111111111111111","0.9111111111111111","0.9111111111111111","0.9111111111111111","0.9111111111111111","0.9111111111111111","0.9111111111111111","0.9111111111111111","0.9111111111111111","0.9111111111111111","0.9111111111111111","0.9111111111111111","0.9111111111111111","0.9111111111111111","0.9111111111111111","0.9111111111111111","0.9111111111111111","0.9111111111111111","0.9111111111111111","0.9111111111111111","0.9111111111111111","0.9111111111111111","0.9111111111111111","0.9111111111111111","0.9111111111111111","0.9111111111111111","0.9111111111111111","0.9111111111111111","0.9111111111111111","0.9111111111111111","0.9111111111111111","0.9111111111111111","0.9111111111111111","0.9111111111111111","0.9111111111111111","0.9111111111111111","0.9111111111111111","0.9111111111111111","0.9111111111111111","0.9111111111111111","0.9111111111111111","0.9111111111111111","0.9111111111111111","0.9111111111111111","0.9111111111111111","0.9111111111111111","0.9111111111111111","0.9111111111111111","0.9111111111111111","0.9111111111111111","0.9111111111111111","0.9111111111111111","0.9111111111111111","0.9111111111111111","0.9111111111111111","0.9111111111111111","0.9111111111111111","0.9111111111111111","0.9111111111111111","0.9111111111111111","0.9111111111111111","0.9111111111111111","0.9111111111111111","0.9111111111111111","0.9111111111111111","0.9111111111111111","0.9111111111111111","0.9111111111111111","0.9111111111111111","0.9111111111111111","0.9111111111111111","0.9111111111111111","0.9111111111111111","0.9111111111111111","0.9111111111111111","0.9111111111111111","0.9111111111111111","0.9111111111111111","0.9111111111111111","0.9111111111111111","0.9111111111111111","0.9111111111111111","0.9111111111111111","0.9111111111111111","0.9111111111111111","0.9111111111111111","0.9111111111111111","0.9111111111111111","0.9111111111111111","0.9111111111111111","0.9111111111111111","0.9111111111111111","0.9111111111111111","0.9111111111111111","0.9111111111111111","0.9111111111111111","0.9111111111111111","0.9111111111111111","0.9111111111111111","0.9111111111111111","0.9111111111111111","0.9111111111111111","0.9111111111111111","0.9111111111111111","0.9111111111111111","0.9111111111111111","0.9111111111111111","0.9111111111111111","0.9111111111111111","0.9111111111111111","0.9111111111111111","0.9111111111111111","0.9111111111111111","0.9111111111111111","0.9111111111111111","0.9111111111111111","0.9111111111111111","0.9111111111111111","0.9111111111111111","0.9111111111111111","0.9111111111111111","0.9111111111111111","0.9111111111111111","0.9111111111111111","0.9111111111111111","0.9111111111111111","0.9111111111111111","0.9111111111111111","0.9111111111111111","0.9111111111111111","0.9111111111111111","0.9111111111111111","0.9111111111111111","0.9111111111111111","0.9111111111111111","0.9111111111111111","0.9111111111111111","0.9111111111111111","0.9111111111111111","0.9111111111111111","0.9111111111111111","0.9111111111111111","0.9111111111111111","0.9111111111111111","0.9111111111111111","0.9111111111111111","0.9111111111111111","0.9111111111111111","0.9111111111111111","0.9111111111111111","0.9111111111111111","0.9111111111111111","0.9111111111111111","0.9111111111111111","0.9111111111111111","0.9111111111111111","0.9111111111111111","0.9111111111111111","0.9111111111111111","0.9111111111111111","0.9111111111111111","0.9111111111111111","0.9111111111111111","0.9111111111111111","0.9111111111111111","0.9111111111111111","0.9111111111111111","0.9111111111111111","0.9111111111111111","0.9111111111111111","0.9111111111111111","0.9111111111111111","0.9111111111111111","0.9111111111111111","0.9111111111111111","0.9111111111111111","0.9111111111111111","0.9111111111111111","0.9111111111111111","0.9111111111111111","0.9111111111111111","0.9111111111111111","0.9111111111111111","0.9111111111111111","0.9111111111111111","0.9111111111111111","0.9111111111111111","0.9111111111111111","0.9111111111111111","0.9111111111111111","0.9111111111111111","0.9111111111111111","0.9111111111111111","0.9111111111111111","0.9111111111111111","0.9111111111111111","0.9111111111111111","0.9111111111111111","0.9111111111111111","0.9111111111111111","0.9111111111111111","0.9111111111111111","0.9111111111111111","0.9111111111111111","0.9111111111111111","0.9111111111111111","0.9111111111111111","0.9111111111111111","0.9111111111111111","0.9111111111111111","0.9111111111111111","0.9111111111111111","0.9111111111111111","0.9111111111111111","0.9111111111111111","0.9111111111111111","0.9111111111111111","0.9111111111111111","0.9111111111111111","0.9111111111111111","0.9111111111111111","0.9111111111111111","0.9111111111111111","0.9111111111111111","0.9111111111111111","0.9111111111111111","0.9111111111111111","0.9111111111111111","0.9111111111111111","0.9111111111111111","0.9111111111111111","0.9111111111111111","0.9111111111111111","0.9111111111111111","0.9111111111111111","0.9111111111111111","0.9111111111111111","0.9111111111111111","0.9111111111111111","0.9111111111111111","0.9111111111111111","0.9111111111111111","0.9111111111111111","0.9111111111111111","0.9111111111111111","0.9111111111111111","0.9111111111111111","0.9111111111111111","0.9111111111111111","0.9111111111111111","0.9111111111111111","0.9111111111111111","0.9111111111111111","0.9111111111111111","0.9111111111111111","0.9111111111111111","0.9111111111111111","0.9111111111111111","0.9111111111111111","0.9111111111111111","0.9111111111111111","0.9111111111111111","0.9111111111111111","0.9111111111111111","0.9111111111111111","0.9111111111111111","0.9111111111111111","0.9111111111111111","0.9111111111111111","0.9111111111111111","0.9111111111111111","0.9111111111111111","0.9111111111111111","0.9111111111111111","0.9111111111111111","0.9111111111111111","0.9111111111111111","0.9111111111111111","0.9111111111111111","0.9111111111111111","0.9111111111111111","0.9111111111111111","0.9111111111111111","0.9111111111111111","0.9111111111111111","0.9111111111111111","0.9111111111111111","0.9111111111111111","0.9111111111111111","0.9111111111111111","0.9111111111111111","0.9111111111111111","0.9111111111111111","0.9111111111111111","0.9111111111111111","0.9111111111111111","0.9111111111111111","0.9111111111111111","0.9111111111111111","0.9111111111111111","0.9111111111111111","0.9111111111111111","0.9111111111111111","0.9111111111111111","0.9111111111111111","0.9111111111111111","0.9111111111111111","0.9111111111111111","0.9111111111111111","0.9111111111111111","0.9111111111111111","0.9111111111111111","0.9111111111111111","0.9111111111111111","0.9111111111111111","0.9111111111111111","0.9111111111111111","0.9111111111111111","0.9111111111111111","0.9111111111111111","0.9111111111111111","0.9111111111111111","0.9111111111111111","0.9111111111111111","0.9111111111111111","0.9111111111111111","0.9111111111111111","0.9111111111111111","0.9111111111111111","0.9111111111111111","0.9111111111111111","0.9111111111111111","0.9111111111111111","0.9111111111111111","0.9111111111111111","0.9111111111111111","0.9111111111111111","0.9111111111111111","0.9111111111111111","0.9111111111111111","0.9111111111111111","0.9111111111111111","0.9111111111111111","0.9111111111111111","0.9111111111111111","0.9111111111111111","0.9111111111111111","0.9111111111111111","0.9111111111111111","0.9111111111111111","0.9111111111111111","0.9111111111111111","0.9111111111111111","0.9111111111111111","0.9111111111111111","0.9111111111111111","0.9111111111111111","0.9111111111111111","0.9111111111111111","0.9111111111111111","0.9111111111111111","0.9111111111111111","0.9111111111111111","0.9111111111111111","0.9111111111111111","0.9111111111111111","0.9111111111111111","0.9111111111111111","0.9111111111111111","0.9111111111111111","0.9111111111111111","0.9111111111111111","0.9111111111111111","0.9111111111111111","0.9111111111111111","0.9111111111111111","0.9111111111111111","0.9111111111111111","0.9111111111111111","0.9111111111111111","0.9111111111111111","0.9111111111111111","0.9111111111111111","0.9111111111111111","0.9111111111111111","0.9111111111111111","0.9111111111111111","0.9111111111111111","0.9111111111111111","0.9111111111111111","0.9111111111111111","0.9111111111111111","0.9111111111111111","0.9111111111111111","0.9111111111111111","0.9111111111111111","0.9111111111111111","0.9111111111111111","0.9111111111111111","0.9111111111111111","0.9111111111111111","0.9111111111111111","0.9111111111111111","0.9111111111111111","0.9111111111111111","0.9111111111111111","0.9111111111111111","0.9111111111111111","0.9111111111111111","0.9111111111111111","0.9111111111111111","0.9111111111111111","0.9111111111111111","0.9111111111111111","0.9111111111111111","0.9111111111111111","0.9111111111111111","0.9111111111111111","0.9111111111111111","0.9111111111111111","0.9111111111111111","0.9111111111111111","0.9111111111111111","0.9111111111111111","0.9111111111111111","0.9111111111111111","0.9111111111111111","0.9111111111111111","0.9111111111111111","0.9111111111111111","0.9111111111111111","0.9111111111111111","0.9111111111111111","0.9111111111111111","0.9111111111111111","0.9111111111111111","0.9111111111111111","0.9111111111111111","0.9111111111111111","0.9111111111111111","0.9111111111111111","0.9111111111111111","0.9111111111111111","0.9111111111111111","0.9111111111111111","0.9111111111111111","0.9111111111111111","0.9111111111111111","0.9111111111111111","0.9111111111111111","0.9111111111111111","0.9111111111111111","0.9111111111111111","0.9111111111111111","241","6283"
"WSPy-NoTypes","mimesis.providers.code","1590999343004755879","0","2501529482","1.0","7","194","7","194","1.0","1.0","1.0","1.0","1.0","1.0","1.0","1.0","1.0","1.0","1.0","1.0","1.0","1.0","1.0","1.0","1.0","1.0","1.0","1.0","1.0","1.0","1.0","1.0","1.0","1.0","1.0","1.0","1.0","1.0","1.0","1.0","1.0","1.0","1.0","1.0","1.0","1.0","1.0","1.0","1.0","1.0","1.0","1.0","1.0","1.0","1.0","1.0","1.0","1.0","1.0","1.0","1.0","1.0","1.0","1.0","1.0","1.0","1.0","1.0","1.0","1.0","1.0","1.0","1.0","1.0","1.0","1.0","1.0","1.0","1.0","1.0","1.0","1.0","1.0","1.0","1.0","1.0","1.0","1.0","1.0","1.0","1.0","1.0","1.0","1.0","1.0","1.0","1.0","1.0","1.0","1.0","1.0","1.0","1.0","1.0","1.0","1.0","1.0","1.0","1.0","1.0","1.0","1.0","1.0","1.0","1.0","1.0","1.0","1.0","1.0","1.0","1.0","1.0","1.0","1.0","1.0","1.0","1.0","1.0","1.0","1.0","1.0","1.0","1.0","1.0","1.0","1.0","1.0","1.0","1.0","1.0","1.0","1.0","1.0","1.0","1.0","1.0","1.0","1.0","1.0","1.0","1.0","1.0","1.0","1.0","1.0","1.0","1.0","1.0","1.0","1.0","1.0","1.0","1.0","1.0","1.0","1.0","1.0","1.0","1.0","1.0","1.0","1.0","1.0","1.0","1.0","1.0","1.0","1.0","1.0","1.0","1.0","1.0","1.0","1.0","1.0","1.0","1.0","1.0","1.0","1.0","1.0","1.0","1.0","1.0","1.0","1.0","1.0","1.0","1.0","1.0","1.0","1.0","1.0","1.0","1.0","1.0","1.0","1.0","1.0","1.0","1.0","1.0","1.0","1.0","1.0","1.0","1.0","1.0","1.0","1.0","1.0","1.0","1.0","1.0","1.0","1.0","1.0","1.0","1.0","1.0","1.0","1.0","1.0","1.0","1.0","1.0","1.0","1.0","1.0","1.0","1.0","1.0","1.0","1.0","1.0","1.0","1.0","1.0","1.0","1.0","1.0","1.0","1.0","1.0","1.0","1.0","1.0","1.0","1.0","1.0","1.0","1.0","1.0","1.0","1.0","1.0","1.0","1.0","1.0","1.0","1.0","1.0","1.0","1.0","1.0","1.0","1.0","1.0","1.0","1.0","1.0","1.0","1.0","1.0","1.0","1.0","1.0","1.0","1.0","1.0","1.0","1.0","1.0","1.0","1.0","1.0","1.0","1.0","1.0","1.0","1.0","1.0","1.0","1.0","1.0","1.0","1.0","1.0","1.0","1.0","1.0","1.0","1.0","1.0","1.0","1.0","1.0","1.0","1.0","1.0","1.0","1.0","1.0","1.0","1.0","1.0","1.0","1.0","1.0","1.0","1.0","1.0","1.0","1.0","1.0","1.0","1.0","1.0","1.0","1.0","1.0","1.0","1.0","1.0","1.0","1.0","1.0","1.0","1.0","1.0","1.0","1.0","1.0","1.0","1.0","1.0","1.0","1.0","1.0","1.0","1.0","1.0","1.0","1.0","1.0","1.0","1.0","1.0","1.0","1.0","1.0","1.0","1.0","1.0","1.0","1.0","1.0","1.0","1.0","1.0","1.0","1.0","1.0","1.0","1.0","1.0","1.0","1.0","1.0","1.0","1.0","1.0","1.0","1.0","1.0","1.0","1.0","1.0","1.0","1.0","1.0","1.0","1.0","1.0","1.0","1.0","1.0","1.0","1.0","1.0","1.0","1.0","1.0","1.0","1.0","1.0","1.0","1.0","1.0","1.0","1.0","1.0","1.0","1.0","1.0","1.0","1.0","1.0","1.0","1.0","1.0","1.0","1.0","1.0","1.0","1.0","1.0","1.0","1.0","1.0","1.0","1.0","1.0","1.0","1.0","1.0","1.0","1.0","1.0","1.0","1.0","1.0","1.0","1.0","1.0","1.0","1.0","1.0","1.0","1.0","1.0","1.0","1.0","1.0","1.0","1.0","1.0","1.0","1.0","1.0","1.0","1.0","1.0","1.0","1.0","1.0","1.0","1.0","1.0","1.0","1.0","1.0","1.0","1.0","1.0","1.0","1.0","1.0","1.0","1.0","1.0","1.0","1.0","1.0","1.0","1.0","1.0","1.0","1.0","1.0","1.0","1.0","1.0","1.0","1.0","1.0","1.0","1.0","1.0","1.0","1.0","1.0","1.0","1.0","1.0","1.0","1.0","1.0","1.0","1.0","1.0","1.0","1.0","1.0","1.0","1.0","1.0","1.0","1.0","1.0","1.0","1.0","1.0","1.0","1.0","1.0","1.0","1.0","1.0","1.0","1.0","1.0","1.0","1.0","1.0","1.0","1.0","1.0","1.0","1.0","1.0","1.0","1.0","1.0","1.0","1.0","1.0","1.0","1.0","1.0","1.0","1.0","1.0","1.0","1.0","1.0","1.0","1.0","1.0","1.0","1.0","1.0","1.0","1.0","1.0","1.0","1.0","1.0","1.0","1.0","1.0","1.0","1.0","1.0","1.0","1.0","1.0","1.0","1.0","1.0","1.0","1.0","1.0","1.0","1.0","1.0","1.0","1.0","1.0","1.0","1.0","1.0","1.0","1.0","1.0","1.0","1.0","1.0","0","0"
"RandooPy-NoTypes","mimesis.shortcuts","1590999143953393713","735","607126587148","0.9333333333333333","721","18179","566","13431","0.9333333333333333","0.9333333333333333","0.9333333333333333","0.9333333333333333","0.9333333333333333","0.9333333333333333","0.9333333333333333","0.9333333333333333","0.9333333333333333","0.9333333333333333","0.9333333333333333","0.9333333333333333","0.9333333333333333","0.9333333333333333","0.9333333333333333","0.9333333333333333","0.9333333333333333","0.9333333333333333","0.9333333333333333","0.9333333333333333","0.9333333333333333","0.9333333333333333","0.9333333333333333","0.9333333333333333","0.9333333333333333","0.9333333333333333","0.9333333333333333","0.9333333333333333","0.9333333333333333","0.9333333333333333","0.9333333333333333","0.9333333333333333","0.9333333333333333","0.9333333333333333","0.9333333333333333","0.9333333333333333","0.9333333333333333","0.9333333333333333","0.9333333333333333","0.9333333333333333","0.9333333333333333","0.9333333333333333","0.9333333333333333","0.9333333333333333","0.9333333333333333","0.9333333333333333","0.9333333333333333","0.9333333333333333","0.9333333333333333","0.9333333333333333","0.9333333333333333","0.9333333333333333","0.9333333333333333","0.9333333333333333","0.9333333333333333","0.9333333333333333","0.9333333333333333","0.9333333333333333","0.9333333333333333","0.9333333333333333","0.9333333333333333","0.9333333333333333","0.9333333333333333","0.9333333333333333","0.9333333333333333","0.9333333333333333","0.9333333333333333","0.9333333333333333","0.9333333333333333","0.9333333333333333","0.9333333333333333","0.9333333333333333","0.9333333333333333","0.9333333333333333","0.9333333333333333","0.9333333333333333","0.9333333333333333","0.9333333333333333","0.9333333333333333","0.9333333333333333","0.9333333333333333","0.9333333333333333","0.9333333333333333","0.9333333333333333","0.9333333333333333","0.9333333333333333","0.9333333333333333","0.9333333333333333","0.9333333333333333","0.9333333333333333","0.9333333333333333","0.9333333333333333","0.9333333333333333","0.9333333333333333","0.9333333333333333","0.9333333333333333","0.9333333333333333","0.9333333333333333","0.9333333333333333","0.9333333333333333","0.9333333333333333","0.9333333333333333","0.9333333333333333","0.9333333333333333","0.9333333333333333","0.9333333333333333","0.9333333333333333","0.9333333333333333","0.9333333333333333","0.9333333333333333","0.9333333333333333","0.9333333333333333","0.9333333333333333","0.9333333333333333","0.9333333333333333","0.9333333333333333","0.9333333333333333","0.9333333333333333","0.9333333333333333","0.9333333333333333","0.9333333333333333","0.9333333333333333","0.9333333333333333","0.9333333333333333","0.9333333333333333","0.9333333333333333","0.9333333333333333","0.9333333333333333","0.9333333333333333","0.9333333333333333","0.9333333333333333","0.9333333333333333","0.9333333333333333","0.9333333333333333","0.9333333333333333","0.9333333333333333","0.9333333333333333","0.9333333333333333","0.9333333333333333","0.9333333333333333","0.9333333333333333","0.9333333333333333","0.9333333333333333","0.9333333333333333","0.9333333333333333","0.9333333333333333","0.9333333333333333","0.9333333333333333","0.9333333333333333","0.9333333333333333","0.9333333333333333","0.9333333333333333","0.9333333333333333","0.9333333333333333","0.9333333333333333","0.9333333333333333","0.9333333333333333","0.9333333333333333","0.9333333333333333","0.9333333333333333","0.9333333333333333","0.9333333333333333","0.9333333333333333","0.9333333333333333","0.9333333333333333","0.9333333333333333","0.9333333333333333","0.9333333333333333","0.9333333333333333","0.9333333333333333","0.9333333333333333","0.9333333333333333","0.9333333333333333","0.9333333333333333","0.9333333333333333","0.9333333333333333","0.9333333333333333","0.9333333333333333","0.9333333333333333","0.9333333333333333","0.9333333333333333","0.9333333333333333","0.9333333333333333","0.9333333333333333","0.9333333333333333","0.9333333333333333","0.9333333333333333","0.9333333333333333","0.9333333333333333","0.9333333333333333","0.9333333333333333","0.9333333333333333","0.9333333333333333","0.9333333333333333","0.9333333333333333","0.9333333333333333","0.9333333333333333","0.9333333333333333","0.9333333333333333","0.9333333333333333","0.9333333333333333","0.9333333333333333","0.9333333333333333","0.9333333333333333","0.9333333333333333","0.9333333333333333","0.9333333333333333","0.9333333333333333","0.9333333333333333","0.9333333333333333","0.9333333333333333","0.9333333333333333","0.9333333333333333","0.9333333333333333","0.9333333333333333","0.9333333333333333","0.9333333333333333","0.9333333333333333","0.9333333333333333","0.9333333333333333","0.9333333333333333","0.9333333333333333","0.9333333333333333","0.9333333333333333","0.9333333333333333","0.9333333333333333","0.9333333333333333","0.9333333333333333","0.9333333333333333","0.9333333333333333","0.9333333333333333","0.9333333333333333","0.9333333333333333","0.9333333333333333","0.9333333333333333","0.9333333333333333","0.9333333333333333","0.9333333333333333","0.9333333333333333","0.9333333333333333","0.9333333333333333","0.9333333333333333","0.9333333333333333","0.9333333333333333","0.9333333333333333","0.9333333333333333","0.9333333333333333","0.9333333333333333","0.9333333333333333","0.9333333333333333","0.9333333333333333","0.9333333333333333","0.9333333333333333","0.9333333333333333","0.9333333333333333","0.9333333333333333","0.9333333333333333","0.9333333333333333","0.9333333333333333","0.9333333333333333","0.9333333333333333","0.9333333333333333","0.9333333333333333","0.9333333333333333","0.9333333333333333","0.9333333333333333","0.9333333333333333","0.9333333333333333","0.9333333333333333","0.9333333333333333","0.9333333333333333","0.9333333333333333","0.9333333333333333","0.9333333333333333","0.9333333333333333","0.9333333333333333","0.9333333333333333","0.9333333333333333","0.9333333333333333","0.9333333333333333","0.9333333333333333","0.9333333333333333","0.9333333333333333","0.9333333333333333","0.9333333333333333","0.9333333333333333","0.9333333333333333","0.9333333333333333","0.9333333333333333","0.9333333333333333","0.9333333333333333","0.9333333333333333","0.9333333333333333","0.9333333333333333","0.9333333333333333","0.9333333333333333","0.9333333333333333","0.9333333333333333","0.9333333333333333","0.9333333333333333","0.9333333333333333","0.9333333333333333","0.9333333333333333","0.9333333333333333","0.9333333333333333","0.9333333333333333","0.9333333333333333","0.9333333333333333","0.9333333333333333","0.9333333333333333","0.9333333333333333","0.9333333333333333","0.9333333333333333","0.9333333333333333","0.9333333333333333","0.9333333333333333","0.9333333333333333","0.9333333333333333","0.9333333333333333","0.9333333333333333","0.9333333333333333","0.9333333333333333","0.9333333333333333","0.9333333333333333","0.9333333333333333","0.9333333333333333","0.9333333333333333","0.9333333333333333","0.9333333333333333","0.9333333333333333","0.9333333333333333","0.9333333333333333","0.9333333333333333","0.9333333333333333","0.9333333333333333","0.9333333333333333","0.9333333333333333","0.9333333333333333","0.9333333333333333","0.9333333333333333","0.9333333333333333","0.9333333333333333","0.9333333333333333","0.9333333333333333","0.9333333333333333","0.9333333333333333","0.9333333333333333","0.9333333333333333","0.9333333333333333","0.9333333333333333","0.9333333333333333","0.9333333333333333","0.9333333333333333","0.9333333333333333","0.9333333333333333","0.9333333333333333","0.9333333333333333","0.9333333333333333","0.9333333333333333","0.9333333333333333","0.9333333333333333","0.9333333333333333","0.9333333333333333","0.9333333333333333","0.9333333333333333","0.9333333333333333","0.9333333333333333","0.9333333333333333","0.9333333333333333","0.9333333333333333","0.9333333333333333","0.9333333333333333","0.9333333333333333","0.9333333333333333","0.9333333333333333","0.9333333333333333","0.9333333333333333","0.9333333333333333","0.9333333333333333","0.9333333333333333","0.9333333333333333","0.9333333333333333","0.9333333333333333","0.9333333333333333","0.9333333333333333","0.9333333333333333","0.9333333333333333","0.9333333333333333","0.9333333333333333","0.9333333333333333","0.9333333333333333","0.9333333333333333","0.9333333333333333","0.9333333333333333","0.9333333333333333","0.9333333333333333","0.9333333333333333","0.9333333333333333","0.9333333333333333","0.9333333333333333","0.9333333333333333","0.9333333333333333","0.9333333333333333","0.9333333333333333","0.9333333333333333","0.9333333333333333","0.9333333333333333","0.9333333333333333","0.9333333333333333","0.9333333333333333","0.9333333333333333","0.9333333333333333","0.9333333333333333","0.9333333333333333","0.9333333333333333","0.9333333333333333","0.9333333333333333","0.9333333333333333","0.9333333333333333","0.9333333333333333","0.9333333333333333","0.9333333333333333","0.9333333333333333","0.9333333333333333","0.9333333333333333","0.9333333333333333","0.9333333333333333","0.9333333333333333","0.9333333333333333","0.9333333333333333","0.9333333333333333","0.9333333333333333","0.9333333333333333","0.9333333333333333","0.9333333333333333","0.9333333333333333","0.9333333333333333","0.9333333333333333","0.9333333333333333","0.9333333333333333","0.9333333333333333","0.9333333333333333","0.9333333333333333","0.9333333333333333","0.9333333333333333","0.9333333333333333","0.9333333333333333","0.9333333333333333","0.9333333333333333","0.9333333333333333","0.9333333333333333","0.9333333333333333","0.9333333333333333","0.9333333333333333","0.9333333333333333","0.9333333333333333","0.9333333333333333","0.9333333333333333","0.9333333333333333","0.9333333333333333","0.9333333333333333","0.9333333333333333","0.9333333333333333","0.9333333333333333","0.9333333333333333","0.9333333333333333","0.9333333333333333","0.9333333333333333","0.9333333333333333","0.9333333333333333","0.9333333333333333","0.9333333333333333","0.9333333333333333","0.9333333333333333","0.9333333333333333","0.9333333333333333","0.9333333333333333","0.9333333333333333","0.9333333333333333","0.9333333333333333","0.9333333333333333","0.9333333333333333","0.9333333333333333","0.9333333333333333","0.9333333333333333","0.9333333333333333","0.9333333333333333","0.9333333333333333","0.9333333333333333","0.9333333333333333","0.9333333333333333","0.9333333333333333","0.9333333333333333","0.9333333333333333","0.9333333333333333","0.9333333333333333","0.9333333333333333","0.9333333333333333","0.9333333333333333","0.9333333333333333","0.9333333333333333","0.9333333333333333","0.9333333333333333","0.9333333333333333","0.9333333333333333","0.9333333333333333","0.9333333333333333","0.9333333333333333","0.9333333333333333","0.9333333333333333","0.9333333333333333","0.9333333333333333","0.9333333333333333","0.9333333333333333","0.9333333333333333","0.9333333333333333","0.9333333333333333","0.9333333333333333","0.9333333333333333","0.9333333333333333","0.9333333333333333","0.9333333333333333","0.9333333333333333","0.9333333333333333","0.9333333333333333","0.9333333333333333","0.9333333333333333","0.9333333333333333","0.9333333333333333","0.9333333333333333","0.9333333333333333","0.9333333333333333","0.9333333333333333","0.9333333333333333","0.9333333333333333","0.9333333333333333","0.9333333333333333","0.9333333333333333","0.9333333333333333","0.9333333333333333","0.9333333333333333","0.9333333333333333","0.9333333333333333","0.9333333333333333","0.9333333333333333","0.9333333333333333","0.9333333333333333","0.9333333333333333","0.9333333333333333","0.9333333333333333","0.9333333333333333","0.9333333333333333","0.9333333333333333","0.9333333333333333","0.9333333333333333","0.9333333333333333","0.9333333333333333","0.9333333333333333","0.9333333333333333","0.9333333333333333","0.9333333333333333","0.9333333333333333","0.9333333333333333","0.9333333333333333","0.9333333333333333","0.9333333333333333","0.9333333333333333","0.9333333333333333","0.9333333333333333","0.9333333333333333","0.9333333333333333","0.9333333333333333","0.9333333333333333","0.9333333333333333","0.9333333333333333","0.9333333333333333","0.9333333333333333","0.9333333333333333","0.9333333333333333","0.9333333333333333","0.9333333333333333","0.9333333333333333","0.9333333333333333","0.9333333333333333","0.9333333333333333","0.9333333333333333","0.9333333333333333","0.9333333333333333","0.9333333333333333","0.9333333333333333","0.9333333333333333","0.9333333333333333","0.9333333333333333","0.9333333333333333","0.9333333333333333","0.9333333333333333","0.9333333333333333","0.9333333333333333","0.9333333333333333","0.9333333333333333","155","4748"
"RandooPy-TypeHintsInference","mimesis.enums","1590998510779785680","1","212895864","1.0","1","1","1","1","1.0","1.0","1.0","1.0","1.0","1.0","1.0","1.0","1.0","1.0","1.0","1.0","1.0","1.0","1.0","1.0","1.0","1.0","1.0","1.0","1.0","1.0","1.0","1.0","1.0","1.0","1.0","1.0","1.0","1.0","1.0","1.0","1.0","1.0","1.0","1.0","1.0","1.0","1.0","1.0","1.0","1.0","1.0","1.0","1.0","1.0","1.0","1.0","1.0","1.0","1.0","1.0","1.0","1.0","1.0","1.0","1.0","1.0","1.0","1.0","1.0","1.0","1.0","1.0","1.0","1.0","1.0","1.0","1.0","1.0","1.0","1.0","1.0","1.0","1.0","1.0","1.0","1.0","1.0","1.0","1.0","1.0","1.0","1.0","1.0","1.0","1.0","1.0","1.0","1.0","1.0","1.0","1.0","1.0","1.0","1.0","1.0","1.0","1.0","1.0","1.0","1.0","1.0","1.0","1.0","1.0","1.0","1.0","1.0","1.0","1.0","1.0","1.0","1.0","1.0","1.0","1.0","1.0","1.0","1.0","1.0","1.0","1.0","1.0","1.0","1.0","1.0","1.0","1.0","1.0","1.0","1.0","1.0","1.0","1.0","1.0","1.0","1.0","1.0","1.0","1.0","1.0","1.0","1.0","1.0","1.0","1.0","1.0","1.0","1.0","1.0","1.0","1.0","1.0","1.0","1.0","1.0","1.0","1.0","1.0","1.0","1.0","1.0","1.0","1.0","1.0","1.0","1.0","1.0","1.0","1.0","1.0","1.0","1.0","1.0","1.0","1.0","1.0","1.0","1.0","1.0","1.0","1.0","1.0","1.0","1.0","1.0","1.0","1.0","1.0","1.0","1.0","1.0","1.0","1.0","1.0","1.0","1.0","1.0","1.0","1.0","1.0","1.0","1.0","1.0","1.0","1.0","1.0","1.0","1.0","1.0","1.0","1.0","1.0","1.0","1.0","1.0","1.0","1.0","1.0","1.0","1.0","1.0","1.0","1.0","1.0","1.0","1.0","1.0","1.0","1.0","1.0","1.0","1.0","1.0","1.0","1.0","1.0","1.0","1.0","1.0","1.0","1.0","1.0","1.0","1.0","1.0","1.0","1.0","1.0","1.0","1.0","1.0","1.0","1.0","1.0","1.0","1.0","1.0","1.0","1.0","1.0","1.0","1.0","1.0","1.0","1.0","1.0","1.0","1.0","1.0","1.0","1.0","1.0","1.0","1.0","1.0","1.0","1.0","1.0","1.0","1.0","1.0","1.0","1.0","1.0","1.0","1.0","1.0","1.0","1.0","1.0","1.0","1.0","1.0","1.0","1.0","1.0","1.0","1.0","1.0","1.0","1.0","1.0","1.0","1.0","1.0","1.0","1.0","1.0","1.0","1.0","1.0","1.0","1.0","1.0","1.0","1.0","1.0","1.0","1.0","1.0","1.0","1.0","1.0","1.0","1.0","1.0","1.0","1.0","1.0","1.0","1.0","1.0","1.0","1.0","1.0","1.0","1.0","1.0","1.0","1.0","1.0","1.0","1.0","1.0","1.0","1.0","1.0","1.0","1.0","1.0","1.0","1.0","1.0","1.0","1.0","1.0","1.0","1.0","1.0","1.0","1.0","1.0","1.0","1.0","1.0","1.0","1.0","1.0","1.0","1.0","1.0","1.0","1.0","1.0","1.0","1.0","1.0","1.0","1.0","1.0","1.0","1.0","1.0","1.0","1.0","1.0","1.0","1.0","1.0","1.0","1.0","1.0","1.0","1.0","1.0","1.0","1.0","1.0","1.0","1.0","1.0","1.0","1.0","1.0","1.0","1.0","1.0","1.0","1.0","1.0","1.0","1.0","1.0","1.0","1.0","1.0","1.0","1.0","1.0","1.0","1.0","1.0","1.0","1.0","1.0","1.0","1.0","1.0","1.0","1.0","1.0","1.0","1.0","1.0","1.0","1.0","1.0","1.0","1.0","1.0","1.0","1.0","1.0","1.0","1.0","1.0","1.0","1.0","1.0","1.0","1.0","1.0","1.0","1.0","1.0","1.0","1.0","1.0","1.0","1.0","1.0","1.0","1.0","1.0","1.0","1.0","1.0","1.0","1.0","1.0","1.0","1.0","1.0","1.0","1.0","1.0","1.0","1.0","1.0","1.0","1.0","1.0","1.0","1.0","1.0","1.0","1.0","1.0","1.0","1.0","1.0","1.0","1.0","1.0","1.0","1.0","1.0","1.0","1.0","1.0","1.0","1.0","1.0","1.0","1.0","1.0","1.0","1.0","1.0","1.0","1.0","1.0","1.0","1.0","1.0","1.0","1.0","1.0","1.0","1.0","1.0","1.0","1.0","1.0","1.0","1.0","1.0","1.0","1.0","1.0","1.0","1.0","1.0","1.0","1.0","1.0","1.0","1.0","1.0","1.0","1.0","1.0","1.0","1.0","1.0","1.0","1.0","1.0","1.0","1.0","1.0","1.0","1.0","1.0","1.0","1.0","1.0","1.0","1.0","1.0","1.0","1.0","1.0","1.0","1.0","1.0","1.0","1.0","1.0","1.0","1.0","1.0","1.0","1.0","1.0","1.0","1.0","1.0","1.0","1.0","1.0","1.0","1.0","1.0","1.0","1.0","1.0","1.0","1.0","1.0","1.0","1.0","1.0","1.0","1.0","1.0","1.0","1.0","0","0"
"RandooPy-TypeHintsInference","mimesis.providers.business","1590998449706469625","19","1339422244","1.0","17","223","0","0","1.0","1.0","1.0","1.0","1.0","1.0","1.0","1.0","1.0","1.0","1.0","1.0","1.0","1.0","1.0","1.0","1.0","1.0","1.0","1.0","1.0","1.0","1.0","1.0","1.0","1.0","1.0","1.0","1.0","1.0","1.0","1.0","1.0","1.0","1.0","1.0","1.0","1.0","1.0","1.0","1.0","1.0","1.0","1.0","1.0","1.0","1.0","1.0","1.0","1.0","1.0","1.0","1.0","1.0","1.0","1.0","1.0","1.0","1.0","1.0","1.0","1.0","1.0","1.0","1.0","1.0","1.0","1.0","1.0","1.0","1.0","1.0","1.0","1.0","1.0","1.0","1.0","1.0","1.0","1.0","1.0","1.0","1.0","1.0","1.0","1.0","1.0","1.0","1.0","1.0","1.0","1.0","1.0","1.0","1.0","1.0","1.0","1.0","1.0","1.0","1.0","1.0","1.0","1.0","1.0","1.0","1.0","1.0","1.0","1.0","1.0","1.0","1.0","1.0","1.0","1.0","1.0","1.0","1.0","1.0","1.0","1.0","1.0","1.0","1.0","1.0","1.0","1.0","1.0","1.0","1.0","1.0","1.0","1.0","1.0","1.0","1.0","1.0","1.0","1.0","1.0","1.0","1.0","1.0","1.0","1.0","1.0","1.0","1.0","1.0","1.0","1.0","1.0","1.0","1.0","1.0","1.0","1.0","1.0","1.0","1.0","1.0","1.0","1.0","1.0","1.0","1.0","1.0","1.0","1.0","1.0","1.0","1.0","1.0","1.0","1.0","1.0","1.0","1.0","1.0","1.0","1.0","1.0","1.0","1.0","1.0","1.0","1.0","1.0","1.0","1.0","1.0","1.0","1.0","1.0","1.0","1.0","1.0","1.0","1.0","1.0","1.0","1.0","1.0","1.0","1.0","1.0","1.0","1.0","1.0","1.0","1.0","1.0","1.0","1.0","1.0","1.0","1.0","1.0","1.0","1.0","1.0","1.0","1.0","1.0","1.0","1.0","1.0","1.0","1.0","1.0","1.0","1.0","1.0","1.0","1.0","1.0","1.0","1.0","1.0","1.0","1.0","1.0","1.0","1.0","1.0","1.0","1.0","1.0","1.0","1.0","1.0","1.0","1.0","1.0","1.0","1.0","1.0","1.0","1.0","1.0","1.0","1.0","1.0","1.0","1.0","1.0","1.0","1.0","1.0","1.0","1.0","1.0","1.0","1.0","1.0","1.0","1.0","1.0","1.0","1.0","1.0","1.0","1.0","1.0","1.0","1.0","1.0","1.0","1.0","1.0","1.0","1.0","1.0","1.0","1.0","1.0","1.0","1.0","1.0","1.0","1.0","1.0","1.0","1.0","1.0","1.0","1.0","1.0","1.0","1.0","1.0","1.0","1.0","1.0","1.0","1.0","1.0","1.0","1.0","1.0","1.0","1.0","1.0","1.0","1.0","1.0","1.0","1.0","1.0","1.0","1.0","1.0","1.0","1.0","1.0","1.0","1.0","1.0","1.0","1.0","1.0","1.0","1.0","1.0","1.0","1.0","1.0","1.0","1.0","1.0","1.0","1.0","1.0","1.0","1.0","1.0","1.0","1.0","1.0","1.0","1.0","1.0","1.0","1.0","1.0","1.0","1.0","1.0","1.0","1.0","1.0","1.0","1.0","1.0","1.0","1.0","1.0","1.0","1.0","1.0","1.0","1.0","1.0","1.0","1.0","1.0","1.0","1.0","1.0","1.0","1.0","1.0","1.0","1.0","1.0","1.0","1.0","1.0","1.0","1.0","1.0","1.0","1.0","1.0","1.0","1.0","1.0","1.0","1.0","1.0","1.0","1.0","1.0","1.0","1.0","1.0","1.0","1.0","1.0","1.0","1.0","1.0","1.0","1.0","1.0","1.0","1.0","1.0","1.0","1.0","1.0","1.0","1.0","1.0","1.0","1.0","1.0","1.0","1.0","1.0","1.0","1.0","1.0","1.0","1.0","1.0","1.0","1.0","1.0","1.0","1.0","1.0","1.0","1.0","1.0","1.0","1.0","1.0","1.0","1.0","1.0","1.0","1.0","1.0","1.0","1.0","1.0","1.0","1.0","1.0","1.0","1.0","1.0","1.0","1.0","1.0","1.0","1.0","1.0","1.0","1.0","1.0","1.0","1.0","1.0","1.0","1.0","1.0","1.0","1.0","1.0","1.0","1.0","1.0","1.0","1.0","1.0","1.0","1.0","1.0","1.0","1.0","1.0","1.0","1.0","1.0","1.0","1.0","1.0","1.0","1.0","1.0","1.0","1.0","1.0","1.0","1.0","1.0","1.0","1.0","1.0","1.0","1.0","1.0","1.0","1.0","1.0","1.0","1.0","1.0","1.0","1.0","1.0","1.0","1.0","1.0","1.0","1.0","1.0","1.0","1.0","1.0","1.0","1.0","1.0","1.0","1.0","1.0","1.0","1.0","1.0","1.0","1.0","1.0","1.0","1.0","1.0","1.0","1.0","1.0","1.0","1.0","1.0","1.0","1.0","1.0","1.0","1.0","1.0","1.0","1.0","1.0","1.0","1.0","1.0","1.0","1.0","1.0","1.0","1.0","1.0","1.0","1.0","1.0","1.0","1.0","1.0","1.0","1.0","1.0","1.0","1.0","1.0","1.0","1.0","1.0","1.0","1.0","1.0","17","223"
"WSPy-TypeHintsInference","mimesis.builtins.nl","1590998498351564787","1151","600310164475","0.9230769230769231","6","107","3","81","0.9230769230769231","0.9230769230769231","0.9230769230769231","0.9230769230769231","0.9230769230769231","0.9230769230769231","0.9230769230769231","0.9230769230769231","0.9230769230769231","0.9230769230769231","0.9230769230769231","0.9230769230769231","0.9230769230769231","0.9230769230769231","0.9230769230769231","0.9230769230769231","0.9230769230769231","0.9230769230769231","0.9230769230769231","0.9230769230769231","0.9230769230769231","0.9230769230769231","0.9230769230769231","0.9230769230769231","0.9230769230769231","0.9230769230769231","0.9230769230769231","0.9230769230769231","0.9230769230769231","0.9230769230769231","0.9230769230769231","0.9230769230769231","0.9230769230769231","0.9230769230769231","0.9230769230769231","0.9230769230769231","0.9230769230769231","0.9230769230769231","0.9230769230769231","0.9230769230769231","0.9230769230769231","0.9230769230769231","0.9230769230769231","0.9230769230769231","0.9230769230769231","0.9230769230769231","0.9230769230769231","0.9230769230769231","0.9230769230769231","0.9230769230769231","0.9230769230769231","0.9230769230769231","0.9230769230769231","0.9230769230769231","0.9230769230769231","0.9230769230769231","0.9230769230769231","0.9230769230769231","0.9230769230769231","0.9230769230769231","0.9230769230769231","0.9230769230769231","0.9230769230769231","0.9230769230769231","0.9230769230769231","0.9230769230769231","0.9230769230769231","0.9230769230769231","0.9230769230769231","0.9230769230769231","0.9230769230769231","0.9230769230769231","0.9230769230769231","0.9230769230769231","0.9230769230769231","0.9230769230769231","0.9230769230769231","0.9230769230769231","0.9230769230769231","0.9230769230769231","0.9230769230769231","0.9230769230769231","0.9230769230769231","0.9230769230769231","0.9230769230769231","0.9230769230769231","0.9230769230769231","0.9230769230769231","0.9230769230769231","0.9230769230769231","0.9230769230769231","0.9230769230769231","0.9230769230769231","0.9230769230769231","0.9230769230769231","0.9230769230769231","0.9230769230769231","0.9230769230769231","0.9230769230769231","0.9230769230769231","0.9230769230769231","0.9230769230769231","0.9230769230769231","0.9230769230769231","0.9230769230769231","0.9230769230769231","0.9230769230769231","0.9230769230769231","0.9230769230769231","0.9230769230769231","0.9230769230769231","0.9230769230769231","0.9230769230769231","0.9230769230769231","0.9230769230769231","0.9230769230769231","0.9230769230769231","0.9230769230769231","0.9230769230769231","0.9230769230769231","0.9230769230769231","0.9230769230769231","0.9230769230769231","0.9230769230769231","0.9230769230769231","0.9230769230769231","0.9230769230769231","0.9230769230769231","0.9230769230769231","0.9230769230769231","0.9230769230769231","0.9230769230769231","0.9230769230769231","0.9230769230769231","0.9230769230769231","0.9230769230769231","0.9230769230769231","0.9230769230769231","0.9230769230769231","0.9230769230769231","0.9230769230769231","0.9230769230769231","0.9230769230769231","0.9230769230769231","0.9230769230769231","0.9230769230769231","0.9230769230769231","0.9230769230769231","0.9230769230769231","0.9230769230769231","0.9230769230769231","0.9230769230769231","0.9230769230769231","0.9230769230769231","0.9230769230769231","0.9230769230769231","0.9230769230769231","0.9230769230769231","0.9230769230769231","0.9230769230769231","0.9230769230769231","0.9230769230769231","0.9230769230769231","0.9230769230769231","0.9230769230769231","0.9230769230769231","0.9230769230769231","0.9230769230769231","0.9230769230769231","0.9230769230769231","0.9230769230769231","0.9230769230769231","0.9230769230769231","0.9230769230769231","0.9230769230769231","0.9230769230769231","0.9230769230769231","0.9230769230769231","0.9230769230769231","0.9230769230769231","0.9230769230769231","0.9230769230769231","0.9230769230769231","0.9230769230769231","0.9230769230769231","0.9230769230769231","0.9230769230769231","0.9230769230769231","0.9230769230769231","0.9230769230769231","0.9230769230769231","0.9230769230769231","0.9230769230769231","0.9230769230769231","0.9230769230769231","0.9230769230769231","0.9230769230769231","0.9230769230769231","0.9230769230769231","0.9230769230769231","0.9230769230769231","0.9230769230769231","0.9230769230769231","0.9230769230769231","0.9230769230769231","0.9230769230769231","0.9230769230769231","0.9230769230769231","0.9230769230769231","0.9230769230769231","0.9230769230769231","0.9230769230769231","0.9230769230769231","0.9230769230769231","0.9230769230769231","0.9230769230769231","0.9230769230769231","0.9230769230769231","0.9230769230769231","0.9230769230769231","0.9230769230769231","0.9230769230769231","0.9230769230769231","0.9230769230769231","0.9230769230769231","0.9230769230769231","0.9230769230769231","0.9230769230769231","0.9230769230769231","0.9230769230769231","0.9230769230769231","0.9230769230769231","0.9230769230769231","0.9230769230769231","0.9230769230769231","0.9230769230769231","0.9230769230769231","0.9230769230769231","0.9230769230769231","0.9230769230769231","0.9230769230769231","0.9230769230769231","0.9230769230769231","0.9230769230769231","0.9230769230769231","0.9230769230769231","0.9230769230769231","0.9230769230769231","0.9230769230769231","0.9230769230769231","0.9230769230769231","0.9230769230769231","0.9230769230769231","0.9230769230769231","0.9230769230769231","0.9230769230769231","0.9230769230769231","0.9230769230769231","0.9230769230769231","0.9230769230769231","0.9230769230769231","0.9230769230769231","0.9230769230769231","0.9230769230769231","0.9230769230769231","0.9230769230769231","0.9230769230769231","0.9230769230769231","0.9230769230769231","0.9230769230769231","0.9230769230769231","0.9230769230769231","0.9230769230769231","0.9230769230769231","0.9230769230769231","0.9230769230769231","0.9230769230769231","0.9230769230769231","0.9230769230769231","0.9230769230769231","0.9230769230769231","0.9230769230769231","0.9230769230769231","0.9230769230769231","0.9230769230769231","0.9230769230769231","0.9230769230769231","0.9230769230769231","0.9230769230769231","0.9230769230769231","0.9230769230769231","0.9230769230769231","0.9230769230769231","0.9230769230769231","0.9230769230769231","0.9230769230769231","0.9230769230769231","0.9230769230769231","0.9230769230769231","0.9230769230769231","0.9230769230769231","0.9230769230769231","0.9230769230769231","0.9230769230769231","0.9230769230769231","0.9230769230769231","0.9230769230769231","0.9230769230769231","0.9230769230769231","0.9230769230769231","0.9230769230769231","0.9230769230769231","0.9230769230769231","0.9230769230769231","0.9230769230769231","0.9230769230769231","0.9230769230769231","0.9230769230769231","0.9230769230769231","0.9230769230769231","0.9230769230769231","0.9230769230769231","0.9230769230769231","0.9230769230769231","0.9230769230769231","0.9230769230769231","0.9230769230769231","0.9230769230769231","0.9230769230769231","0.9230769230769231","0.9230769230769231","0.9230769230769231","0.9230769230769231","0.9230769230769231","0.9230769230769231","0.9230769230769231","0.9230769230769231","0.9230769230769231","0.9230769230769231","0.9230769230769231","0.9230769230769231","0.9230769230769231","0.9230769230769231","0.9230769230769231","0.9230769230769231","0.9230769230769231","0.9230769230769231","0.9230769230769231","0.9230769230769231","0.9230769230769231","0.9230769230769231","0.9230769230769231","0.9230769230769231","0.9230769230769231","0.9230769230769231","0.9230769230769231","0.9230769230769231","0.9230769230769231","0.9230769230769231","0.9230769230769231","0.9230769230769231","0.9230769230769231","0.9230769230769231","0.9230769230769231","0.9230769230769231","0.9230769230769231","0.9230769230769231","0.9230769230769231","0.9230769230769231","0.9230769230769231","0.9230769230769231","0.9230769230769231","0.9230769230769231","0.9230769230769231","0.9230769230769231","0.9230769230769231","0.9230769230769231","0.9230769230769231","0.9230769230769231","0.9230769230769231","0.9230769230769231","0.9230769230769231","0.9230769230769231","0.9230769230769231","0.9230769230769231","0.9230769230769231","0.9230769230769231","0.9230769230769231","0.9230769230769231","0.9230769230769231","0.9230769230769231","0.9230769230769231","0.9230769230769231","0.9230769230769231","0.9230769230769231","0.9230769230769231","0.9230769230769231","0.9230769230769231","0.9230769230769231","0.9230769230769231","0.9230769230769231","0.9230769230769231","0.9230769230769231","0.9230769230769231","0.9230769230769231","0.9230769230769231","0.9230769230769231","0.9230769230769231","0.9230769230769231","0.9230769230769231","0.9230769230769231","0.9230769230769231","0.9230769230769231","0.9230769230769231","0.9230769230769231","0.9230769230769231","0.9230769230769231","0.9230769230769231","0.9230769230769231","0.9230769230769231","0.9230769230769231","0.9230769230769231","0.9230769230769231","0.9230769230769231","0.9230769230769231","0.9230769230769231","0.9230769230769231","0.9230769230769231","0.9230769230769231","0.9230769230769231","0.9230769230769231","0.9230769230769231","0.9230769230769231","0.9230769230769231","0.9230769230769231","0.9230769230769231","0.9230769230769231","0.9230769230769231","0.9230769230769231","0.9230769230769231","0.9230769230769231","0.9230769230769231","0.9230769230769231","0.9230769230769231","0.9230769230769231","0.9230769230769231","0.9230769230769231","0.9230769230769231","0.9230769230769231","0.9230769230769231","0.9230769230769231","0.9230769230769231","0.9230769230769231","0.9230769230769231","0.9230769230769231","0.9230769230769231","0.9230769230769231","0.9230769230769231","0.9230769230769231","0.9230769230769231","0.9230769230769231","0.9230769230769231","0.9230769230769231","0.9230769230769231","0.9230769230769231","0.9230769230769231","0.9230769230769231","0.9230769230769231","0.9230769230769231","0.9230769230769231","0.9230769230769231","0.9230769230769231","0.9230769230769231","0.9230769230769231","0.9230769230769231","0.9230769230769231","0.9230769230769231","0.9230769230769231","0.9230769230769231","0.9230769230769231","0.9230769230769231","0.9230769230769231","0.9230769230769231","0.9230769230769231","0.9230769230769231","0.9230769230769231","0.9230769230769231","0.9230769230769231","0.9230769230769231","0.9230769230769231","0.9230769230769231","0.9230769230769231","0.9230769230769231","0.9230769230769231","0.9230769230769231","0.9230769230769231","0.9230769230769231","0.9230769230769231","0.9230769230769231","0.9230769230769231","0.9230769230769231","0.9230769230769231","0.9230769230769231","0.9230769230769231","0.9230769230769231","0.9230769230769231","0.9230769230769231","0.9230769230769231","0.9230769230769231","0.9230769230769231","0.9230769230769231","0.9230769230769231","0.9230769230769231","0.9230769230769231","0.9230769230769231","0.9230769230769231","0.9230769230769231","0.9230769230769231","0.9230769230769231","0.9230769230769231","0.9230769230769231","0.9230769230769231","0.9230769230769231","0.9230769230769231","0.9230769230769231","0.9230769230769231","0.9230769230769231","0.9230769230769231","0.9230769230769231","0.9230769230769231","0.9230769230769231","0.9230769230769231","0.9230769230769231","0.9230769230769231","0.9230769230769231","0.9230769230769231","0.9230769230769231","0.9230769230769231","0.9230769230769231","0.9230769230769231","0.9230769230769231","0.9230769230769231","0.9230769230769231","0.9230769230769231","0.9230769230769231","0.9230769230769231","0.9230769230769231","0.9230769230769231","0.9230769230769231","0.9230769230769231","0.9230769230769231","0.9230769230769231","0.9230769230769231","0.9230769230769231","0.9230769230769231","0.9230769230769231","0.9230769230769231","0.9230769230769231","0.9230769230769231","0.9230769230769231","0.9230769230769231","0.9230769230769231","0.9230769230769231","0.9230769230769231","0.9230769230769231","0.9230769230769231","0.9230769230769231","0.9230769230769231","0.9230769230769231","0.9230769230769231","0.9230769230769231","0.9230769230769231","0.9230769230769231","0.9230769230769231","0.9230769230769231","0.9230769230769231","0.9230769230769231","0.9230769230769231","0.9230769230769231","0.9230769230769231","0.9230769230769231","0.9230769230769231","0.9230769230769231","0.9230769230769231","0.9230769230769231","0.9230769230769231","0.9230769230769231","0.9230769230769231","0.9230769230769231","0.9230769230769231","0.9230769230769231","0.9230769230769231","0.9230769230769231","0.9230769230769231","0.9230769230769231","0.9230769230769231","0.9230769230769231","0.9230769230769231","0.9230769230769231","0.9230769230769231","3","26"
"RandooPy-NoTypes","mimesis.builtins.pl","1590999101054696736","382","607049887765","0.6666666666666666","370","9152","82","1993","0.6597176830942089","0.6574389684023738","0.6666666666666666","0.6666666666666666","0.6666666666666666","0.6666666666666666","0.6666666666666666","0.6666666666666666","0.6666666666666666","0.6666666666666666","0.6666666666666666","0.6666666666666666","0.6666666666666666","0.6666666666666666","0.6666666666666666","0.6666666666666666","0.6666666666666666","0.6666666666666666","0.6666666666666666","0.6666666666666666","0.6666666666666666","0.6666666666666666","0.6666666666666666","0.6666666666666666","0.6666666666666666","0.6666666666666666","0.6666666666666666","0.6666666666666666","0.6666666666666666","0.6666666666666666","0.6666666666666666","0.6666666666666666","0.6666666666666666","0.6666666666666666","0.6666666666666666","0.6666666666666666","0.6666666666666666","0.6666666666666666","0.6666666666666666","0.6666666666666666","0.6666666666666666","0.6666666666666666","0.6666666666666666","0.6666666666666666","0.6666666666666666","0.6666666666666666","0.6666666666666666","0.6666666666666666","0.6666666666666666","0.6666666666666666","0.6666666666666666","0.6666666666666666","0.6666666666666666","0.6666666666666666","0.6666666666666666","0.6666666666666666","0.6666666666666666","0.6666666666666666","0.6666666666666666","0.6666666666666666","0.6666666666666666","0.6666666666666666","0.6666666666666666","0.6666666666666666","0.6666666666666666","0.6666666666666666","0.6666666666666666","0.6666666666666666","0.6666666666666666","0.6666666666666666","0.6666666666666666","0.6666666666666666","0.6666666666666666","0.6666666666666666","0.6666666666666666","0.6666666666666666","0.6666666666666666","0.6666666666666666","0.6666666666666666","0.6666666666666666","0.6666666666666666","0.6666666666666666","0.6666666666666666","0.6666666666666666","0.6666666666666666","0.6666666666666666","0.6666666666666666","0.6666666666666666","0.6666666666666666","0.6666666666666666","0.6666666666666666","0.6666666666666666","0.6666666666666666","0.6666666666666666","0.6666666666666666","0.6666666666666666","0.6666666666666666","0.6666666666666666","0.6666666666666666","0.6666666666666666","0.6666666666666666","0.6666666666666666","0.6666666666666666","0.6666666666666666","0.6666666666666666","0.6666666666666666","0.6666666666666666","0.6666666666666666","0.6666666666666666","0.6666666666666666","0.6666666666666666","0.6666666666666666","0.6666666666666666","0.6666666666666666","0.6666666666666666","0.6666666666666666","0.6666666666666666","0.6666666666666666","0.6666666666666666","0.6666666666666666","0.6666666666666666","0.6666666666666666","0.6666666666666666","0.6666666666666666","0.6666666666666666","0.6666666666666666","0.6666666666666666","0.6666666666666666","0.6666666666666666","0.6666666666666666","0.6666666666666666","0.6666666666666666","0.6666666666666666","0.6666666666666666","0.6666666666666666","0.6666666666666666","0.6666666666666666","0.6666666666666666","0.6666666666666666","0.6666666666666666","0.6666666666666666","0.6666666666666666","0.6666666666666666","0.6666666666666666","0.6666666666666666","0.6666666666666666","0.6666666666666666","0.6666666666666666","0.6666666666666666","0.6666666666666666","0.6666666666666666","0.6666666666666666","0.6666666666666666","0.6666666666666666","0.6666666666666666","0.6666666666666666","0.6666666666666666","0.6666666666666666","0.6666666666666666","0.6666666666666666","0.6666666666666666","0.6666666666666666","0.6666666666666666","0.6666666666666666","0.6666666666666666","0.6666666666666666","0.6666666666666666","0.6666666666666666","0.6666666666666666","0.6666666666666666","0.6666666666666666","0.6666666666666666","0.6666666666666666","0.6666666666666666","0.6666666666666666","0.6666666666666666","0.6666666666666666","0.6666666666666666","0.6666666666666666","0.6666666666666666","0.6666666666666666","0.6666666666666666","0.6666666666666666","0.6666666666666666","0.6666666666666666","0.6666666666666666","0.6666666666666666","0.6666666666666666","0.6666666666666666","0.6666666666666666","0.6666666666666666","0.6666666666666666","0.6666666666666666","0.6666666666666666","0.6666666666666666","0.6666666666666666","0.6666666666666666","0.6666666666666666","0.6666666666666666","0.6666666666666666","0.6666666666666666","0.6666666666666666","0.6666666666666666","0.6666666666666666","0.6666666666666666","0.6666666666666666","0.6666666666666666","0.6666666666666666","0.6666666666666666","0.6666666666666666","0.6666666666666666","0.6666666666666666","0.6666666666666666","0.6666666666666666","0.6666666666666666","0.6666666666666666","0.6666666666666666","0.6666666666666666","0.6666666666666666","0.6666666666666666","0.6666666666666666","0.6666666666666666","0.6666666666666666","0.6666666666666666","0.6666666666666666","0.6666666666666666","0.6666666666666666","0.6666666666666666","0.6666666666666666","0.6666666666666666","0.6666666666666666","0.6666666666666666","0.6666666666666666","0.6666666666666666","0.6666666666666666","0.6666666666666666","0.6666666666666666","0.6666666666666666","0.6666666666666666","0.6666666666666666","0.6666666666666666","0.6666666666666666","0.6666666666666666","0.6666666666666666","0.6666666666666666","0.6666666666666666","0.6666666666666666","0.6666666666666666","0.6666666666666666","0.6666666666666666","0.6666666666666666","0.6666666666666666","0.6666666666666666","0.6666666666666666","0.6666666666666666","0.6666666666666666","0.6666666666666666","0.6666666666666666","0.6666666666666666","0.6666666666666666","0.6666666666666666","0.6666666666666666","0.6666666666666666","0.6666666666666666","0.6666666666666666","0.6666666666666666","0.6666666666666666","0.6666666666666666","0.6666666666666666","0.6666666666666666","0.6666666666666666","0.6666666666666666","0.6666666666666666","0.6666666666666666","0.6666666666666666","0.6666666666666666","0.6666666666666666","0.6666666666666666","0.6666666666666666","0.6666666666666666","0.6666666666666666","0.6666666666666666","0.6666666666666666","0.6666666666666666","0.6666666666666666","0.6666666666666666","0.6666666666666666","0.6666666666666666","0.6666666666666666","0.6666666666666666","0.6666666666666666","0.6666666666666666","0.6666666666666666","0.6666666666666666","0.6666666666666666","0.6666666666666666","0.6666666666666666","0.6666666666666666","0.6666666666666666","0.6666666666666666","0.6666666666666666","0.6666666666666666","0.6666666666666666","0.6666666666666666","0.6666666666666666","0.6666666666666666","0.6666666666666666","0.6666666666666666","0.6666666666666666","0.6666666666666666","0.6666666666666666","0.6666666666666666","0.6666666666666666","0.6666666666666666","0.6666666666666666","0.6666666666666666","0.6666666666666666","0.6666666666666666","0.6666666666666666","0.6666666666666666","0.6666666666666666","0.6666666666666666","0.6666666666666666","0.6666666666666666","0.6666666666666666","0.6666666666666666","0.6666666666666666","0.6666666666666666","0.6666666666666666","0.6666666666666666","0.6666666666666666","0.6666666666666666","0.6666666666666666","0.6666666666666666","0.6666666666666666","0.6666666666666666","0.6666666666666666","0.6666666666666666","0.6666666666666666","0.6666666666666666","0.6666666666666666","0.6666666666666666","0.6666666666666666","0.6666666666666666","0.6666666666666666","0.6666666666666666","0.6666666666666666","0.6666666666666666","0.6666666666666666","0.6666666666666666","0.6666666666666666","0.6666666666666666","0.6666666666666666","0.6666666666666666","0.6666666666666666","0.6666666666666666","0.6666666666666666","0.6666666666666666","0.6666666666666666","0.6666666666666666","0.6666666666666666","0.6666666666666666","0.6666666666666666","0.6666666666666666","0.6666666666666666","0.6666666666666666","0.6666666666666666","0.6666666666666666","0.6666666666666666","0.6666666666666666","0.6666666666666666","0.6666666666666666","0.6666666666666666","0.6666666666666666","0.6666666666666666","0.6666666666666666","0.6666666666666666","0.6666666666666666","0.6666666666666666","0.6666666666666666","0.6666666666666666","0.6666666666666666","0.6666666666666666","0.6666666666666666","0.6666666666666666","0.6666666666666666","0.6666666666666666","0.6666666666666666","0.6666666666666666","0.6666666666666666","0.6666666666666666","0.6666666666666666","0.6666666666666666","0.6666666666666666","0.6666666666666666","0.6666666666666666","0.6666666666666666","0.6666666666666666","0.6666666666666666","0.6666666666666666","0.6666666666666666","0.6666666666666666","0.6666666666666666","0.6666666666666666","0.6666666666666666","0.6666666666666666","0.6666666666666666","0.6666666666666666","0.6666666666666666","0.6666666666666666","0.6666666666666666","0.6666666666666666","0.6666666666666666","0.6666666666666666","0.6666666666666666","0.6666666666666666","0.6666666666666666","0.6666666666666666","0.6666666666666666","0.6666666666666666","0.6666666666666666","0.6666666666666666","0.6666666666666666","0.6666666666666666","0.6666666666666666","0.6666666666666666","0.6666666666666666","0.6666666666666666","0.6666666666666666","0.6666666666666666","0.6666666666666666","0.6666666666666666","0.6666666666666666","0.6666666666666666","0.6666666666666666","0.6666666666666666","0.6666666666666666","0.6666666666666666","0.6666666666666666","0.6666666666666666","0.6666666666666666","0.6666666666666666","0.6666666666666666","0.6666666666666666","0.6666666666666666","0.6666666666666666","0.6666666666666666","0.6666666666666666","0.6666666666666666","0.6666666666666666","0.6666666666666666","0.6666666666666666","0.6666666666666666","0.6666666666666666","0.6666666666666666","0.6666666666666666","0.6666666666666666","0.6666666666666666","0.6666666666666666","0.6666666666666666","0.6666666666666666","0.6666666666666666","0.6666666666666666","0.6666666666666666","0.6666666666666666","0.6666666666666666","0.6666666666666666","0.6666666666666666","0.6666666666666666","0.6666666666666666","0.6666666666666666","0.6666666666666666","0.6666666666666666","0.6666666666666666","0.6666666666666666","0.6666666666666666","0.6666666666666666","0.6666666666666666","0.6666666666666666","0.6666666666666666","0.6666666666666666","0.6666666666666666","0.6666666666666666","0.6666666666666666","0.6666666666666666","0.6666666666666666","0.6666666666666666","0.6666666666666666","0.6666666666666666","0.6666666666666666","0.6666666666666666","0.6666666666666666","0.6666666666666666","0.6666666666666666","0.6666666666666666","0.6666666666666666","0.6666666666666666","0.6666666666666666","0.6666666666666666","0.6666666666666666","0.6666666666666666","0.6666666666666666","0.6666666666666666","0.6666666666666666","0.6666666666666666","0.6666666666666666","0.6666666666666666","0.6666666666666666","0.6666666666666666","0.6666666666666666","0.6666666666666666","0.6666666666666666","0.6666666666666666","0.6666666666666666","0.6666666666666666","0.6666666666666666","0.6666666666666666","0.6666666666666666","0.6666666666666666","0.6666666666666666","0.6666666666666666","0.6666666666666666","0.6666666666666666","0.6666666666666666","0.6666666666666666","0.6666666666666666","0.6666666666666666","0.6666666666666666","0.6666666666666666","0.6666666666666666","0.6666666666666666","0.6666666666666666","0.6666666666666666","0.6666666666666666","0.6666666666666666","0.6666666666666666","0.6666666666666666","0.6666666666666666","0.6666666666666666","0.6666666666666666","0.6666666666666666","0.6666666666666666","0.6666666666666666","0.6666666666666666","0.6666666666666666","0.6666666666666666","0.6666666666666666","0.6666666666666666","0.6666666666666666","0.6666666666666666","0.6666666666666666","0.6666666666666666","0.6666666666666666","0.6666666666666666","0.6666666666666666","0.6666666666666666","0.6666666666666666","0.6666666666666666","0.6666666666666666","0.6666666666666666","0.6666666666666666","0.6666666666666666","0.6666666666666666","0.6666666666666666","0.6666666666666666","0.6666666666666666","0.6666666666666666","0.6666666666666666","0.6666666666666666","0.6666666666666666","0.6666666666666666","0.6666666666666666","0.6666666666666666","0.6666666666666666","0.6666666666666666","0.6666666666666666","0.6666666666666666","0.6666666666666666","0.6666666666666666","0.6666666666666666","0.6666666666666666","0.6666666666666666","0.6666666666666666","0.6666666666666666","0.6666666666666666","0.6666666666666666","0.6666666666666666","0.6666666666666666","0.6666666666666666","0.6666666666666666","0.6666666666666666","0.6666666666666666","0.6666666666666666","0.6666666666666666","0.6666666666666666","0.6666666666666666","0.6666666666666666","0.6666666666666666","0.6666666666666666","0.6666666666666666","288","7159"
"RandooPy-NoTypes","mimesis.exceptions","1590999166630774514","484","606848499355","0.9545454545454546","463","11255","54","1197","0.8636363636363636","0.9090909090909091","0.9090909090909091","0.9090909090909091","0.9090909090909091","0.9264321720224766","0.9545454545454546","0.9545454545454546","0.9545454545454546","0.9545454545454546","0.9545454545454546","0.9545454545454546","0.9545454545454546","0.9545454545454546","0.9545454545454546","0.9545454545454546","0.9545454545454546","0.9545454545454546","0.9545454545454546","0.9545454545454546","0.9545454545454546","0.9545454545454546","0.9545454545454546","0.9545454545454546","0.9545454545454546","0.9545454545454546","0.9545454545454546","0.9545454545454546","0.9545454545454546","0.9545454545454546","0.9545454545454546","0.9545454545454546","0.9545454545454546","0.9545454545454546","0.9545454545454546","0.9545454545454546","0.9545454545454546","0.9545454545454546","0.9545454545454546","0.9545454545454546","0.9545454545454546","0.9545454545454546","0.9545454545454546","0.9545454545454546","0.9545454545454546","0.9545454545454546","0.9545454545454546","0.9545454545454546","0.9545454545454546","0.9545454545454546","0.9545454545454546","0.9545454545454546","0.9545454545454546","0.9545454545454546","0.9545454545454546","0.9545454545454546","0.9545454545454546","0.9545454545454546","0.9545454545454546","0.9545454545454546","0.9545454545454546","0.9545454545454546","0.9545454545454546","0.9545454545454546","0.9545454545454546","0.9545454545454546","0.9545454545454546","0.9545454545454546","0.9545454545454546","0.9545454545454546","0.9545454545454546","0.9545454545454546","0.9545454545454546","0.9545454545454546","0.9545454545454546","0.9545454545454546","0.9545454545454546","0.9545454545454546","0.9545454545454546","0.9545454545454546","0.9545454545454546","0.9545454545454546","0.9545454545454546","0.9545454545454546","0.9545454545454546","0.9545454545454546","0.9545454545454546","0.9545454545454546","0.9545454545454546","0.9545454545454546","0.9545454545454546","0.9545454545454546","0.9545454545454546","0.9545454545454546","0.9545454545454546","0.9545454545454546","0.9545454545454546","0.9545454545454546","0.9545454545454546","0.9545454545454546","0.9545454545454546","0.9545454545454546","0.9545454545454546","0.9545454545454546","0.9545454545454546","0.9545454545454546","0.9545454545454546","0.9545454545454546","0.9545454545454546","0.9545454545454546","0.9545454545454546","0.9545454545454546","0.9545454545454546","0.9545454545454546","0.9545454545454546","0.9545454545454546","0.9545454545454546","0.9545454545454546","0.9545454545454546","0.9545454545454546","0.9545454545454546","0.9545454545454546","0.9545454545454546","0.9545454545454546","0.9545454545454546","0.9545454545454546","0.9545454545454546","0.9545454545454546","0.9545454545454546","0.9545454545454546","0.9545454545454546","0.9545454545454546","0.9545454545454546","0.9545454545454546","0.9545454545454546","0.9545454545454546","0.9545454545454546","0.9545454545454546","0.9545454545454546","0.9545454545454546","0.9545454545454546","0.9545454545454546","0.9545454545454546","0.9545454545454546","0.9545454545454546","0.9545454545454546","0.9545454545454546","0.9545454545454546","0.9545454545454546","0.9545454545454546","0.9545454545454546","0.9545454545454546","0.9545454545454546","0.9545454545454546","0.9545454545454546","0.9545454545454546","0.9545454545454546","0.9545454545454546","0.9545454545454546","0.9545454545454546","0.9545454545454546","0.9545454545454546","0.9545454545454546","0.9545454545454546","0.9545454545454546","0.9545454545454546","0.9545454545454546","0.9545454545454546","0.9545454545454546","0.9545454545454546","0.9545454545454546","0.9545454545454546","0.9545454545454546","0.9545454545454546","0.9545454545454546","0.9545454545454546","0.9545454545454546","0.9545454545454546","0.9545454545454546","0.9545454545454546","0.9545454545454546","0.9545454545454546","0.9545454545454546","0.9545454545454546","0.9545454545454546","0.9545454545454546","0.9545454545454546","0.9545454545454546","0.9545454545454546","0.9545454545454546","0.9545454545454546","0.9545454545454546","0.9545454545454546","0.9545454545454546","0.9545454545454546","0.9545454545454546","0.9545454545454546","0.9545454545454546","0.9545454545454546","0.9545454545454546","0.9545454545454546","0.9545454545454546","0.9545454545454546","0.9545454545454546","0.9545454545454546","0.9545454545454546","0.9545454545454546","0.9545454545454546","0.9545454545454546","0.9545454545454546","0.9545454545454546","0.9545454545454546","0.9545454545454546","0.9545454545454546","0.9545454545454546","0.9545454545454546","0.9545454545454546","0.9545454545454546","0.9545454545454546","0.9545454545454546","0.9545454545454546","0.9545454545454546","0.9545454545454546","0.9545454545454546","0.9545454545454546","0.9545454545454546","0.9545454545454546","0.9545454545454546","0.9545454545454546","0.9545454545454546","0.9545454545454546","0.9545454545454546","0.9545454545454546","0.9545454545454546","0.9545454545454546","0.9545454545454546","0.9545454545454546","0.9545454545454546","0.9545454545454546","0.9545454545454546","0.9545454545454546","0.9545454545454546","0.9545454545454546","0.9545454545454546","0.9545454545454546","0.9545454545454546","0.9545454545454546","0.9545454545454546","0.9545454545454546","0.9545454545454546","0.9545454545454546","0.9545454545454546","0.9545454545454546","0.9545454545454546","0.9545454545454546","0.9545454545454546","0.9545454545454546","0.9545454545454546","0.9545454545454546","0.9545454545454546","0.9545454545454546","0.9545454545454546","0.9545454545454546","0.9545454545454546","0.9545454545454546","0.9545454545454546","0.9545454545454546","0.9545454545454546","0.9545454545454546","0.9545454545454546","0.9545454545454546","0.9545454545454546","0.9545454545454546","0.9545454545454546","0.9545454545454546","0.9545454545454546","0.9545454545454546","0.9545454545454546","0.9545454545454546","0.9545454545454546","0.9545454545454546","0.9545454545454546","0.9545454545454546","0.9545454545454546","0.9545454545454546","0.9545454545454546","0.9545454545454546","0.9545454545454546","0.9545454545454546","0.9545454545454546","0.9545454545454546","0.9545454545454546","0.9545454545454546","0.9545454545454546","0.9545454545454546","0.9545454545454546","0.9545454545454546","0.9545454545454546","0.9545454545454546","0.9545454545454546","0.9545454545454546","0.9545454545454546","0.9545454545454546","0.9545454545454546","0.9545454545454546","0.9545454545454546","0.9545454545454546","0.9545454545454546","0.9545454545454546","0.9545454545454546","0.9545454545454546","0.9545454545454546","0.9545454545454546","0.9545454545454546","0.9545454545454546","0.9545454545454546","0.9545454545454546","0.9545454545454546","0.9545454545454546","0.9545454545454546","0.9545454545454546","0.9545454545454546","0.9545454545454546","0.9545454545454546","0.9545454545454546","0.9545454545454546","0.9545454545454546","0.9545454545454546","0.9545454545454546","0.9545454545454546","0.9545454545454546","0.9545454545454546","0.9545454545454546","0.9545454545454546","0.9545454545454546","0.9545454545454546","0.9545454545454546","0.9545454545454546","0.9545454545454546","0.9545454545454546","0.9545454545454546","0.9545454545454546","0.9545454545454546","0.9545454545454546","0.9545454545454546","0.9545454545454546","0.9545454545454546","0.9545454545454546","0.9545454545454546","0.9545454545454546","0.9545454545454546","0.9545454545454546","0.9545454545454546","0.9545454545454546","0.9545454545454546","0.9545454545454546","0.9545454545454546","0.9545454545454546","0.9545454545454546","0.9545454545454546","0.9545454545454546","0.9545454545454546","0.9545454545454546","0.9545454545454546","0.9545454545454546","0.9545454545454546","0.9545454545454546","0.9545454545454546","0.9545454545454546","0.9545454545454546","0.9545454545454546","0.9545454545454546","0.9545454545454546","0.9545454545454546","0.9545454545454546","0.9545454545454546","0.9545454545454546","0.9545454545454546","0.9545454545454546","0.9545454545454546","0.9545454545454546","0.9545454545454546","0.9545454545454546","0.9545454545454546","0.9545454545454546","0.9545454545454546","0.9545454545454546","0.9545454545454546","0.9545454545454546","0.9545454545454546","0.9545454545454546","0.9545454545454546","0.9545454545454546","0.9545454545454546","0.9545454545454546","0.9545454545454546","0.9545454545454546","0.9545454545454546","0.9545454545454546","0.9545454545454546","0.9545454545454546","0.9545454545454546","0.9545454545454546","0.9545454545454546","0.9545454545454546","0.9545454545454546","0.9545454545454546","0.9545454545454546","0.9545454545454546","0.9545454545454546","0.9545454545454546","0.9545454545454546","0.9545454545454546","0.9545454545454546","0.9545454545454546","0.9545454545454546","0.9545454545454546","0.9545454545454546","0.9545454545454546","0.9545454545454546","0.9545454545454546","0.9545454545454546","0.9545454545454546","0.9545454545454546","0.9545454545454546","0.9545454545454546","0.9545454545454546","0.9545454545454546","0.9545454545454546","0.9545454545454546","0.9545454545454546","0.9545454545454546","0.9545454545454546","0.9545454545454546","0.9545454545454546","0.9545454545454546","0.9545454545454546","0.9545454545454546","0.9545454545454546","0.9545454545454546","0.9545454545454546","0.9545454545454546","0.9545454545454546","0.9545454545454546","0.9545454545454546","0.9545454545454546","0.9545454545454546","0.9545454545454546","0.9545454545454546","0.9545454545454546","0.9545454545454546","0.9545454545454546","0.9545454545454546","0.9545454545454546","0.9545454545454546","0.9545454545454546","0.9545454545454546","0.9545454545454546","0.9545454545454546","0.9545454545454546","0.9545454545454546","0.9545454545454546","0.9545454545454546","0.9545454545454546","0.9545454545454546","0.9545454545454546","0.9545454545454546","0.9545454545454546","0.9545454545454546","0.9545454545454546","0.9545454545454546","0.9545454545454546","0.9545454545454546","0.9545454545454546","0.9545454545454546","0.9545454545454546","0.9545454545454546","0.9545454545454546","0.9545454545454546","0.9545454545454546","0.9545454545454546","0.9545454545454546","0.9545454545454546","0.9545454545454546","0.9545454545454546","0.9545454545454546","0.9545454545454546","0.9545454545454546","0.9545454545454546","0.9545454545454546","0.9545454545454546","0.9545454545454546","0.9545454545454546","0.9545454545454546","0.9545454545454546","0.9545454545454546","0.9545454545454546","0.9545454545454546","0.9545454545454546","0.9545454545454546","0.9545454545454546","0.9545454545454546","0.9545454545454546","0.9545454545454546","0.9545454545454546","0.9545454545454546","0.9545454545454546","0.9545454545454546","0.9545454545454546","0.9545454545454546","0.9545454545454546","0.9545454545454546","0.9545454545454546","0.9545454545454546","0.9545454545454546","0.9545454545454546","0.9545454545454546","0.9545454545454546","0.9545454545454546","0.9545454545454546","0.9545454545454546","0.9545454545454546","0.9545454545454546","0.9545454545454546","0.9545454545454546","0.9545454545454546","0.9545454545454546","0.9545454545454546","0.9545454545454546","0.9545454545454546","0.9545454545454546","0.9545454545454546","0.9545454545454546","0.9545454545454546","0.9545454545454546","0.9545454545454546","0.9545454545454546","0.9545454545454546","0.9545454545454546","0.9545454545454546","0.9545454545454546","0.9545454545454546","0.9545454545454546","0.9545454545454546","0.9545454545454546","0.9545454545454546","0.9545454545454546","0.9545454545454546","0.9545454545454546","0.9545454545454546","0.9545454545454546","0.9545454545454546","0.9545454545454546","0.9545454545454546","0.9545454545454546","0.9545454545454546","0.9545454545454546","0.9545454545454546","0.9545454545454546","0.9545454545454546","0.9545454545454546","0.9545454545454546","0.9545454545454546","0.9545454545454546","0.9545454545454546","0.9545454545454546","0.9545454545454546","0.9545454545454546","0.9545454545454546","0.9545454545454546","0.9545454545454546","0.9545454545454546","0.9545454545454546","0.9545454545454546","0.9545454545454546","0.9545454545454546","0.9545454545454546","0.9545454545454546","0.9545454545454546","0.9545454545454546","0.9545454545454546","0.9545454545454546","0.9545454545454546","0.9545454545454546","0.9545454545454546","0.9545454545454546","0.9545454545454546","0.9545454545454546","0.9545454545454546","0.9545454545454546","0.9545454545454546","0.9545454545454546","0.9545454545454546","0.9545454545454546","0.9545454545454546","0.9545454545454546","0.9545454545454546","0.9545454545454546","0.9545454545454546","0.9545454545454546","409","10058"
"WSPy-TypeHintsInference","mimesis.providers.base","1590998494161155421","1455","607697724929","0.45","5","108","3","72","0.45","0.45","0.45","0.45","0.45","0.45","0.45","0.45","0.45","0.45","0.45","0.45","0.45","0.45","0.45","0.45","0.45","0.45","0.45","0.45","0.45","0.45","0.45","0.45","0.45","0.45","0.45","0.45","0.45","0.45","0.45","0.45","0.45","0.45","0.45","0.45","0.45","0.45","0.45","0.45","0.45","0.45","0.45","0.45","0.45","0.45","0.45","0.45","0.45","0.45","0.45","0.45","0.45","0.45","0.45","0.45","0.45","0.45","0.45","0.45","0.45","0.45","0.45","0.45","0.45","0.45","0.45","0.45","0.45","0.45","0.45","0.45","0.45","0.45","0.45","0.45","0.45","0.45","0.45","0.45","0.45","0.45","0.45","0.45","0.45","0.45","0.45","0.45","0.45","0.45","0.45","0.45","0.45","0.45","0.45","0.45","0.45","0.45","0.45","0.45","0.45","0.45","0.45","0.45","0.45","0.45","0.45","0.45","0.45","0.45","0.45","0.45","0.45","0.45","0.45","0.45","0.45","0.45","0.45","0.45","0.45","0.45","0.45","0.45","0.45","0.45","0.45","0.45","0.45","0.45","0.45","0.45","0.45","0.45","0.45","0.45","0.45","0.45","0.45","0.45","0.45","0.45","0.45","0.45","0.45","0.45","0.45","0.45","0.45","0.45","0.45","0.45","0.45","0.45","0.45","0.45","0.45","0.45","0.45","0.45","0.45","0.45","0.45","0.45","0.45","0.45","0.45","0.45","0.45","0.45","0.45","0.45","0.45","0.45","0.45","0.45","0.45","0.45","0.45","0.45","0.45","0.45","0.45","0.45","0.45","0.45","0.45","0.45","0.45","0.45","0.45","0.45","0.45","0.45","0.45","0.45","0.45","0.45","0.45","0.45","0.45","0.45","0.45","0.45","0.45","0.45","0.45","0.45","0.45","0.45","0.45","0.45","0.45","0.45","0.45","0.45","0.45","0.45","0.45","0.45","0.45","0.45","0.45","0.45","0.45","0.45","0.45","0.45","0.45","0.45","0.45","0.45","0.45","0.45","0.45","0.45","0.45","0.45","0.45","0.45","0.45","0.45","0.45","0.45","0.45","0.45","0.45","0.45","0.45","0.45","0.45","0.45","0.45","0.45","0.45","0.45","0.45","0.45","0.45","0.45","0.45","0.45","0.45","0.45","0.45","0.45","0.45","0.45","0.45","0.45","0.45","0.45","0.45","0.45","0.45","0.45","0.45","0.45","0.45","0.45","0.45","0.45","0.45","0.45","0.45","0.45","0.45","0.45","0.45","0.45","0.45","0.45","0.45","0.45","0.45","0.45","0.45","0.45","0.45","0.45","0.45","0.45","0.45","0.45","0.45","0.45","0.45","0.45","0.45","0.45","0.45","0.45","0.45","0.45","0.45","0.45","0.45","0.45","0.45","0.45","0.45","0.45","0.45","0.45","0.45","0.45","0.45","0.45","0.45","0.45","0.45","0.45","0.45","0.45","0.45","0.45","0.45","0.45","0.45","0.45","0.45","0.45","0.45","0.45","0.45","0.45","0.45","0.45","0.45","0.45","0.45","0.45","0.45","0.45","0.45","0.45","0.45","0.45","0.45","0.45","0.45","0.45","0.45","0.45","0.45","0.45","0.45","0.45","0.45","0.45","0.45","0.45","0.45","0.45","0.45","0.45","0.45","0.45","0.45","0.45","0.45","0.45","0.45","0.45","0.45","0.45","0.45","0.45","0.45","0.45","0.45","0.45","0.45","0.45","0.45","0.45","0.45","0.45","0.45","0.45","0.45","0.45","0.45","0.45","0.45","0.45","0.45","0.45","0.45","0.45","0.45","0.45","0.45","0.45","0.45","0.45","0.45","0.45","0.45","0.45","0.45","0.45","0.45","0.45","0.45","0.45","0.45","0.45","0.45","0.45","0.45","0.45","0.45","0.45","0.45","0.45","0.45","0.45","0.45","0.45","0.45","0.45","0.45","0.45","0.45","0.45","0.45","0.45","0.45","0.45","0.45","0.45","0.45","0.45","0.45","0.45","0.45","0.45","0.45","0.45","0.45","0.45","0.45","0.45","0.45","0.45","0.45","0.45","0.45","0.45","0.45","0.45","0.45","0.45","0.45","0.45","0.45","0.45","0.45","0.45","0.45","0.45","0.45","0.45","0.45","0.45","0.45","0.45","0.45","0.45","0.45","0.45","0.45","0.45","0.45","0.45","0.45","0.45","0.45","0.45","0.45","0.45","0.45","0.45","0.45","0.45","0.45","0.45","0.45","0.45","0.45","0.45","0.45","0.45","0.45","0.45","0.45","0.45","0.45","0.45","0.45","0.45","0.45","0.45","0.45","0.45","0.45","0.45","0.45","0.45","0.45","0.45","0.45","0.45","0.45","0.45","0.45","0.45","0.45","0.45","0.45","0.45","0.45","0.45","0.45","0.45","0.45","0.45","0.45","0.45","0.45","0.45","0.45","0.45","0.45","0.45","0.45","0.45","0.45","0.45","0.45","0.45","0.45","0.45","0.45","0.45","0.45","0.45","0.45","0.45","0.45","0.45","0.45","0.45","0.45","0.45","0.45","0.45","0.45","0.45","0.45","0.45","0.45","0.45","0.45","0.45","0.45","0.45","0.45","0.45","0.45","0.45","0.45","0.45","0.45","0.45","0.45","0.45","0.45","0.45","2","36"
"WSPy-TypeHintsInference","mimesis.builtins.pl","1590998480854329122","1255","600682474046","0.6666666666666666","9","153","6","116","0.625","0.625","0.6388888888888888","0.6634501539880499","0.6666666666666666","0.6666666666666666","0.6666666666666666","0.6666666666666666","0.6666666666666666","0.6666666666666666","0.6666666666666666","0.6666666666666666","0.6666666666666666","0.6666666666666666","0.6666666666666666","0.6666666666666666","0.6666666666666666","0.6666666666666666","0.6666666666666666","0.6666666666666666","0.6666666666666666","0.6666666666666666","0.6666666666666666","0.6666666666666666","0.6666666666666666","0.6666666666666666","0.6666666666666666","0.6666666666666666","0.6666666666666666","0.6666666666666666","0.6666666666666666","0.6666666666666666","0.6666666666666666","0.6666666666666666","0.6666666666666666","0.6666666666666666","0.6666666666666666","0.6666666666666666","0.6666666666666666","0.6666666666666666","0.6666666666666666","0.6666666666666666","0.6666666666666666","0.6666666666666666","0.6666666666666666","0.6666666666666666","0.6666666666666666","0.6666666666666666","0.6666666666666666","0.6666666666666666","0.6666666666666666","0.6666666666666666","0.6666666666666666","0.6666666666666666","0.6666666666666666","0.6666666666666666","0.6666666666666666","0.6666666666666666","0.6666666666666666","0.6666666666666666","0.6666666666666666","0.6666666666666666","0.6666666666666666","0.6666666666666666","0.6666666666666666","0.6666666666666666","0.6666666666666666","0.6666666666666666","0.6666666666666666","0.6666666666666666","0.6666666666666666","0.6666666666666666","0.6666666666666666","0.6666666666666666","0.6666666666666666","0.6666666666666666","0.6666666666666666","0.6666666666666666","0.6666666666666666","0.6666666666666666","0.6666666666666666","0.6666666666666666","0.6666666666666666","0.6666666666666666","0.6666666666666666","0.6666666666666666","0.6666666666666666","0.6666666666666666","0.6666666666666666","0.6666666666666666","0.6666666666666666","0.6666666666666666","0.6666666666666666","0.6666666666666666","0.6666666666666666","0.6666666666666666","0.6666666666666666","0.6666666666666666","0.6666666666666666","0.6666666666666666","0.6666666666666666","0.6666666666666666","0.6666666666666666","0.6666666666666666","0.6666666666666666","0.6666666666666666","0.6666666666666666","0.6666666666666666","0.6666666666666666","0.6666666666666666","0.6666666666666666","0.6666666666666666","0.6666666666666666","0.6666666666666666","0.6666666666666666","0.6666666666666666","0.6666666666666666","0.6666666666666666","0.6666666666666666","0.6666666666666666","0.6666666666666666","0.6666666666666666","0.6666666666666666","0.6666666666666666","0.6666666666666666","0.6666666666666666","0.6666666666666666","0.6666666666666666","0.6666666666666666","0.6666666666666666","0.6666666666666666","0.6666666666666666","0.6666666666666666","0.6666666666666666","0.6666666666666666","0.6666666666666666","0.6666666666666666","0.6666666666666666","0.6666666666666666","0.6666666666666666","0.6666666666666666","0.6666666666666666","0.6666666666666666","0.6666666666666666","0.6666666666666666","0.6666666666666666","0.6666666666666666","0.6666666666666666","0.6666666666666666","0.6666666666666666","0.6666666666666666","0.6666666666666666","0.6666666666666666","0.6666666666666666","0.6666666666666666","0.6666666666666666","0.6666666666666666","0.6666666666666666","0.6666666666666666","0.6666666666666666","0.6666666666666666","0.6666666666666666","0.6666666666666666","0.6666666666666666","0.6666666666666666","0.6666666666666666","0.6666666666666666","0.6666666666666666","0.6666666666666666","0.6666666666666666","0.6666666666666666","0.6666666666666666","0.6666666666666666","0.6666666666666666","0.6666666666666666","0.6666666666666666","0.6666666666666666","0.6666666666666666","0.6666666666666666","0.6666666666666666","0.6666666666666666","0.6666666666666666","0.6666666666666666","0.6666666666666666","0.6666666666666666","0.6666666666666666","0.6666666666666666","0.6666666666666666","0.6666666666666666","0.6666666666666666","0.6666666666666666","0.6666666666666666","0.6666666666666666","0.6666666666666666","0.6666666666666666","0.6666666666666666","0.6666666666666666","0.6666666666666666","0.6666666666666666","0.6666666666666666","0.6666666666666666","0.6666666666666666","0.6666666666666666","0.6666666666666666","0.6666666666666666","0.6666666666666666","0.6666666666666666","0.6666666666666666","0.6666666666666666","0.6666666666666666","0.6666666666666666","0.6666666666666666","0.6666666666666666","0.6666666666666666","0.6666666666666666","0.6666666666666666","0.6666666666666666","0.6666666666666666","0.6666666666666666","0.6666666666666666","0.6666666666666666","0.6666666666666666","0.6666666666666666","0.6666666666666666","0.6666666666666666","0.6666666666666666","0.6666666666666666","0.6666666666666666","0.6666666666666666","0.6666666666666666","0.6666666666666666","0.6666666666666666","0.6666666666666666","0.6666666666666666","0.6666666666666666","0.6666666666666666","0.6666666666666666","0.6666666666666666","0.6666666666666666","0.6666666666666666","0.6666666666666666","0.6666666666666666","0.6666666666666666","0.6666666666666666","0.6666666666666666","0.6666666666666666","0.6666666666666666","0.6666666666666666","0.6666666666666666","0.6666666666666666","0.6666666666666666","0.6666666666666666","0.6666666666666666","0.6666666666666666","0.6666666666666666","0.6666666666666666","0.6666666666666666","0.6666666666666666","0.6666666666666666","0.6666666666666666","0.6666666666666666","0.6666666666666666","0.6666666666666666","0.6666666666666666","0.6666666666666666","0.6666666666666666","0.6666666666666666","0.6666666666666666","0.6666666666666666","0.6666666666666666","0.6666666666666666","0.6666666666666666","0.6666666666666666","0.6666666666666666","0.6666666666666666","0.6666666666666666","0.6666666666666666","0.6666666666666666","0.6666666666666666","0.6666666666666666","0.6666666666666666","0.6666666666666666","0.6666666666666666","0.6666666666666666","0.6666666666666666","0.6666666666666666","0.6666666666666666","0.6666666666666666","0.6666666666666666","0.6666666666666666","0.6666666666666666","0.6666666666666666","0.6666666666666666","0.6666666666666666","0.6666666666666666","0.6666666666666666","0.6666666666666666","0.6666666666666666","0.6666666666666666","0.6666666666666666","0.6666666666666666","0.6666666666666666","0.6666666666666666","0.6666666666666666","0.6666666666666666","0.6666666666666666","0.6666666666666666","0.6666666666666666","0.6666666666666666","0.6666666666666666","0.6666666666666666","0.6666666666666666","0.6666666666666666","0.6666666666666666","0.6666666666666666","0.6666666666666666","0.6666666666666666","0.6666666666666666","0.6666666666666666","0.6666666666666666","0.6666666666666666","0.6666666666666666","0.6666666666666666","0.6666666666666666","0.6666666666666666","0.6666666666666666","0.6666666666666666","0.6666666666666666","0.6666666666666666","0.6666666666666666","0.6666666666666666","0.6666666666666666","0.6666666666666666","0.6666666666666666","0.6666666666666666","0.6666666666666666","0.6666666666666666","0.6666666666666666","0.6666666666666666","0.6666666666666666","0.6666666666666666","0.6666666666666666","0.6666666666666666","0.6666666666666666","0.6666666666666666","0.6666666666666666","0.6666666666666666","0.6666666666666666","0.6666666666666666","0.6666666666666666","0.6666666666666666","0.6666666666666666","0.6666666666666666","0.6666666666666666","0.6666666666666666","0.6666666666666666","0.6666666666666666","0.6666666666666666","0.6666666666666666","0.6666666666666666","0.6666666666666666","0.6666666666666666","0.6666666666666666","0.6666666666666666","0.6666666666666666","0.6666666666666666","0.6666666666666666","0.6666666666666666","0.6666666666666666","0.6666666666666666","0.6666666666666666","0.6666666666666666","0.6666666666666666","0.6666666666666666","0.6666666666666666","0.6666666666666666","0.6666666666666666","0.6666666666666666","0.6666666666666666","0.6666666666666666","0.6666666666666666","0.6666666666666666","0.6666666666666666","0.6666666666666666","0.6666666666666666","0.6666666666666666","0.6666666666666666","0.6666666666666666","0.6666666666666666","0.6666666666666666","0.6666666666666666","0.6666666666666666","0.6666666666666666","0.6666666666666666","0.6666666666666666","0.6666666666666666","0.6666666666666666","0.6666666666666666","0.6666666666666666","0.6666666666666666","0.6666666666666666","0.6666666666666666","0.6666666666666666","0.6666666666666666","0.6666666666666666","0.6666666666666666","0.6666666666666666","0.6666666666666666","0.6666666666666666","0.6666666666666666","0.6666666666666666","0.6666666666666666","0.6666666666666666","0.6666666666666666","0.6666666666666666","0.6666666666666666","0.6666666666666666","0.6666666666666666","0.6666666666666666","0.6666666666666666","0.6666666666666666","0.6666666666666666","0.6666666666666666","0.6666666666666666","0.6666666666666666","0.6666666666666666","0.6666666666666666","0.6666666666666666","0.6666666666666666","0.6666666666666666","0.6666666666666666","0.6666666666666666","0.6666666666666666","0.6666666666666666","0.6666666666666666","0.6666666666666666","0.6666666666666666","0.6666666666666666","0.6666666666666666","0.6666666666666666","0.6666666666666666","0.6666666666666666","0.6666666666666666","0.6666666666666666","0.6666666666666666","0.6666666666666666","0.6666666666666666","0.6666666666666666","0.6666666666666666","0.6666666666666666","0.6666666666666666","0.6666666666666666","0.6666666666666666","0.6666666666666666","0.6666666666666666","0.6666666666666666","0.6666666666666666","0.6666666666666666","0.6666666666666666","0.6666666666666666","0.6666666666666666","0.6666666666666666","0.6666666666666666","0.6666666666666666","0.6666666666666666","0.6666666666666666","0.6666666666666666","0.6666666666666666","0.6666666666666666","0.6666666666666666","0.6666666666666666","0.6666666666666666","0.6666666666666666","0.6666666666666666","0.6666666666666666","0.6666666666666666","0.6666666666666666","0.6666666666666666","0.6666666666666666","0.6666666666666666","0.6666666666666666","0.6666666666666666","0.6666666666666666","0.6666666666666666","0.6666666666666666","0.6666666666666666","0.6666666666666666","0.6666666666666666","0.6666666666666666","0.6666666666666666","0.6666666666666666","0.6666666666666666","0.6666666666666666","0.6666666666666666","0.6666666666666666","0.6666666666666666","0.6666666666666666","0.6666666666666666","0.6666666666666666","0.6666666666666666","0.6666666666666666","0.6666666666666666","0.6666666666666666","0.6666666666666666","0.6666666666666666","0.6666666666666666","0.6666666666666666","0.6666666666666666","0.6666666666666666","0.6666666666666666","0.6666666666666666","0.6666666666666666","0.6666666666666666","0.6666666666666666","0.6666666666666666","0.6666666666666666","0.6666666666666666","0.6666666666666666","0.6666666666666666","0.6666666666666666","0.6666666666666666","0.6666666666666666","0.6666666666666666","0.6666666666666666","0.6666666666666666","0.6666666666666666","0.6666666666666666","0.6666666666666666","0.6666666666666666","0.6666666666666666","0.6666666666666666","0.6666666666666666","0.6666666666666666","0.6666666666666666","0.6666666666666666","0.6666666666666666","0.6666666666666666","0.6666666666666666","0.6666666666666666","0.6666666666666666","0.6666666666666666","0.6666666666666666","0.6666666666666666","0.6666666666666666","0.6666666666666666","0.6666666666666666","0.6666666666666666","0.6666666666666666","0.6666666666666666","0.6666666666666666","0.6666666666666666","0.6666666666666666","0.6666666666666666","0.6666666666666666","0.6666666666666666","0.6666666666666666","0.6666666666666666","0.6666666666666666","0.6666666666666666","0.6666666666666666","0.6666666666666666","0.6666666666666666","0.6666666666666666","0.6666666666666666","0.6666666666666666","0.6666666666666666","0.6666666666666666","0.6666666666666666","0.6666666666666666","0.6666666666666666","0.6666666666666666","0.6666666666666666","0.6666666666666666","0.6666666666666666","0.6666666666666666","0.6666666666666666","0.6666666666666666","0.6666666666666666","0.6666666666666666","0.6666666666666666","0.6666666666666666","0.6666666666666666","0.6666666666666666","0.6666666666666666","0.6666666666666666","0.6666666666666666","0.6666666666666666","0.6666666666666666","0.6666666666666666","0.6666666666666666","0.6666666666666666","0.6666666666666666","0.6666666666666666","0.6666666666666666","0.6666666666666666","0.6666666666666666","0.6666666666666666","0.6666666666666666","0.6666666666666666","0.6666666666666666","3","37"
"RandooPy-NoTypes","mimesis.builtins.pt_br","1590999131836272325","314","608075179950","0.8","314","8858","7","128","0.8","0.8","0.8","0.8","0.8","0.8","0.8","0.8","0.8","0.8","0.8","0.8","0.8","0.8","0.8","0.8","0.8","0.8","0.8","0.8","0.8","0.8","0.8","0.8","0.8","0.8","0.8","0.8","0.8","0.8","0.8","0.8","0.8","0.8","0.8","0.8","0.8","0.8","0.8","0.8","0.8","0.8","0.8","0.8","0.8","0.8","0.8","0.8","0.8","0.8","0.8","0.8","0.8","0.8","0.8","0.8","0.8","0.8","0.8","0.8","0.8","0.8","0.8","0.8","0.8","0.8","0.8","0.8","0.8","0.8","0.8","0.8","0.8","0.8","0.8","0.8","0.8","0.8","0.8","0.8","0.8","0.8","0.8","0.8","0.8","0.8","0.8","0.8","0.8","0.8","0.8","0.8","0.8","0.8","0.8","0.8","0.8","0.8","0.8","0.8","0.8","0.8","0.8","0.8","0.8","0.8","0.8","0.8","0.8","0.8","0.8","0.8","0.8","0.8","0.8","0.8","0.8","0.8","0.8","0.8","0.8","0.8","0.8","0.8","0.8","0.8","0.8","0.8","0.8","0.8","0.8","0.8","0.8","0.8","0.8","0.8","0.8","0.8","0.8","0.8","0.8","0.8","0.8","0.8","0.8","0.8","0.8","0.8","0.8","0.8","0.8","0.8","0.8","0.8","0.8","0.8","0.8","0.8","0.8","0.8","0.8","0.8","0.8","0.8","0.8","0.8","0.8","0.8","0.8","0.8","0.8","0.8","0.8","0.8","0.8","0.8","0.8","0.8","0.8","0.8","0.8","0.8","0.8","0.8","0.8","0.8","0.8","0.8","0.8","0.8","0.8","0.8","0.8","0.8","0.8","0.8","0.8","0.8","0.8","0.8","0.8","0.8","0.8","0.8","0.8","0.8","0.8","0.8","0.8","0.8","0.8","0.8","0.8","0.8","0.8","0.8","0.8","0.8","0.8","0.8","0.8","0.8","0.8","0.8","0.8","0.8","0.8","0.8","0.8","0.8","0.8","0.8","0.8","0.8","0.8","0.8","0.8","0.8","0.8","0.8","0.8","0.8","0.8","0.8","0.8","0.8","0.8","0.8","0.8","0.8","0.8","0.8","0.8","0.8","0.8","0.8","0.8","0.8","0.8","0.8","0.8","0.8","0.8","0.8","0.8","0.8","0.8","0.8","0.8","0.8","0.8","0.8","0.8","0.8","0.8","0.8","0.8","0.8","0.8","0.8","0.8","0.8","0.8","0.8","0.8","0.8","0.8","0.8","0.8","0.8","0.8","0.8","0.8","0.8","0.8","0.8","0.8","0.8","0.8","0.8","0.8","0.8","0.8","0.8","0.8","0.8","0.8","0.8","0.8","0.8","0.8","0.8","0.8","0.8","0.8","0.8","0.8","0.8","0.8","0.8","0.8","0.8","0.8","0.8","0.8","0.8","0.8","0.8","0.8","0.8","0.8","0.8","0.8","0.8","0.8","0.8","0.8","0.8","0.8","0.8","0.8","0.8","0.8","0.8","0.8","0.8","0.8","0.8","0.8","0.8","0.8","0.8","0.8","0.8","0.8","0.8","0.8","0.8","0.8","0.8","0.8","0.8","0.8","0.8","0.8","0.8","0.8","0.8","0.8","0.8","0.8","0.8","0.8","0.8","0.8","0.8","0.8","0.8","0.8","0.8","0.8","0.8","0.8","0.8","0.8","0.8","0.8","0.8","0.8","0.8","0.8","0.8","0.8","0.8","0.8","0.8","0.8","0.8","0.8","0.8","0.8","0.8","0.8","0.8","0.8","0.8","0.8","0.8","0.8","0.8","0.8","0.8","0.8","0.8","0.8","0.8","0.8","0.8","0.8","0.8","0.8","0.8","0.8","0.8","0.8","0.8","0.8","0.8","0.8","0.8","0.8","0.8","0.8","0.8","0.8","0.8","0.8","0.8","0.8","0.8","0.8","0.8","0.8","0.8","0.8","0.8","0.8","0.8","0.8","0.8","0.8","0.8","0.8","0.8","0.8","0.8","0.8","0.8","0.8","0.8","0.8","0.8","0.8","0.8","0.8","0.8","0.8","0.8","0.8","0.8","0.8","0.8","0.8","0.8","0.8","0.8","0.8","0.8","0.8","0.8","0.8","0.8","0.8","0.8","0.8","0.8","0.8","0.8","0.8","0.8","0.8","0.8","0.8","0.8","0.8","0.8","0.8","0.8","0.8","0.8","0.8","0.8","0.8","0.8","0.8","0.8","0.8","0.8","0.8","0.8","0.8","0.8","0.8","0.8","0.8","0.8","0.8","0.8","0.8","0.8","0.8","0.8","0.8","0.8","0.8","0.8","0.8","0.8","0.8","0.8","0.8","0.8","0.8","0.8","0.8","0.8","0.8","0.8","0.8","0.8","0.8","0.8","0.8","0.8","0.8","0.8","0.8","0.8","0.8","0.8","0.8","0.8","0.8","0.8","0.8","0.8","0.8","0.8","0.8","0.8","0.8","0.8","0.8","0.8","0.8","0.8","0.8","0.8","0.8","0.8","0.8","0.8","0.8","0.8","0.8","0.8","0.8","0.8","0.8","0.8","0.8","0.8","0.8","0.8","0.8","0.8","0.8","0.8","0.8","0.8","0.8","0.8","0.8","0.8","0.8","0.8","0.8","0.8","0.8","0.8","307","8730"
"RandooPy-NoTypes","mimesis.providers.numbers","1590999107457840748","720","609259702721","0.9565217391304348","720","21045","591","17357","0.782608695652174","0.782608695652174","0.782608695652174","0.782608695652174","0.782608695652174","0.782608695652174","0.782608695652174","0.782608695652174","0.7980701352366717","0.8360755502457562","0.8695652173913043","0.8695652173913043","0.8695652173913043","0.8695652173913043","0.8695652173913043","0.8695652173913043","0.8695652173913043","0.8695652173913043","0.9565217391304348","0.9565217391304348","0.9565217391304348","0.9565217391304348","0.9565217391304348","0.9565217391304348","0.9565217391304348","0.9565217391304348","0.9565217391304348","0.9565217391304348","0.9565217391304348","0.9565217391304348","0.9565217391304348","0.9565217391304348","0.9565217391304348","0.9565217391304348","0.9565217391304348","0.9565217391304348","0.9565217391304348","0.9565217391304348","0.9565217391304348","0.9565217391304348","0.9565217391304348","0.9565217391304348","0.9565217391304348","0.9565217391304348","0.9565217391304348","0.9565217391304348","0.9565217391304348","0.9565217391304348","0.9565217391304348","0.9565217391304348","0.9565217391304348","0.9565217391304348","0.9565217391304348","0.9565217391304348","0.9565217391304348","0.9565217391304348","0.9565217391304348","0.9565217391304348","0.9565217391304348","0.9565217391304348","0.9565217391304348","0.9565217391304348","0.9565217391304348","0.9565217391304348","0.9565217391304348","0.9565217391304348","0.9565217391304348","0.9565217391304348","0.9565217391304348","0.9565217391304348","0.9565217391304348","0.9565217391304348","0.9565217391304348","0.9565217391304348","0.9565217391304348","0.9565217391304348","0.9565217391304348","0.9565217391304348","0.9565217391304348","0.9565217391304348","0.9565217391304348","0.9565217391304348","0.9565217391304348","0.9565217391304348","0.9565217391304348","0.9565217391304348","0.9565217391304348","0.9565217391304348","0.9565217391304348","0.9565217391304348","0.9565217391304348","0.9565217391304348","0.9565217391304348","0.9565217391304348","0.9565217391304348","0.9565217391304348","0.9565217391304348","0.9565217391304348","0.9565217391304348","0.9565217391304348","0.9565217391304348","0.9565217391304348","0.9565217391304348","0.9565217391304348","0.9565217391304348","0.9565217391304348","0.9565217391304348","0.9565217391304348","0.9565217391304348","0.9565217391304348","0.9565217391304348","0.9565217391304348","0.9565217391304348","0.9565217391304348","0.9565217391304348","0.9565217391304348","0.9565217391304348","0.9565217391304348","0.9565217391304348","0.9565217391304348","0.9565217391304348","0.9565217391304348","0.9565217391304348","0.9565217391304348","0.9565217391304348","0.9565217391304348","0.9565217391304348","0.9565217391304348","0.9565217391304348","0.9565217391304348","0.9565217391304348","0.9565217391304348","0.9565217391304348","0.9565217391304348","0.9565217391304348","0.9565217391304348","0.9565217391304348","0.9565217391304348","0.9565217391304348","0.9565217391304348","0.9565217391304348","0.9565217391304348","0.9565217391304348","0.9565217391304348","0.9565217391304348","0.9565217391304348","0.9565217391304348","0.9565217391304348","0.9565217391304348","0.9565217391304348","0.9565217391304348","0.9565217391304348","0.9565217391304348","0.9565217391304348","0.9565217391304348","0.9565217391304348","0.9565217391304348","0.9565217391304348","0.9565217391304348","0.9565217391304348","0.9565217391304348","0.9565217391304348","0.9565217391304348","0.9565217391304348","0.9565217391304348","0.9565217391304348","0.9565217391304348","0.9565217391304348","0.9565217391304348","0.9565217391304348","0.9565217391304348","0.9565217391304348","0.9565217391304348","0.9565217391304348","0.9565217391304348","0.9565217391304348","0.9565217391304348","0.9565217391304348","0.9565217391304348","0.9565217391304348","0.9565217391304348","0.9565217391304348","0.9565217391304348","0.9565217391304348","0.9565217391304348","0.9565217391304348","0.9565217391304348","0.9565217391304348","0.9565217391304348","0.9565217391304348","0.9565217391304348","0.9565217391304348","0.9565217391304348","0.9565217391304348","0.9565217391304348","0.9565217391304348","0.9565217391304348","0.9565217391304348","0.9565217391304348","0.9565217391304348","0.9565217391304348","0.9565217391304348","0.9565217391304348","0.9565217391304348","0.9565217391304348","0.9565217391304348","0.9565217391304348","0.9565217391304348","0.9565217391304348","0.9565217391304348","0.9565217391304348","0.9565217391304348","0.9565217391304348","0.9565217391304348","0.9565217391304348","0.9565217391304348","0.9565217391304348","0.9565217391304348","0.9565217391304348","0.9565217391304348","0.9565217391304348","0.9565217391304348","0.9565217391304348","0.9565217391304348","0.9565217391304348","0.9565217391304348","0.9565217391304348","0.9565217391304348","0.9565217391304348","0.9565217391304348","0.9565217391304348","0.9565217391304348","0.9565217391304348","0.9565217391304348","0.9565217391304348","0.9565217391304348","0.9565217391304348","0.9565217391304348","0.9565217391304348","0.9565217391304348","0.9565217391304348","0.9565217391304348","0.9565217391304348","0.9565217391304348","0.9565217391304348","0.9565217391304348","0.9565217391304348","0.9565217391304348","0.9565217391304348","0.9565217391304348","0.9565217391304348","0.9565217391304348","0.9565217391304348","0.9565217391304348","0.9565217391304348","0.9565217391304348","0.9565217391304348","0.9565217391304348","0.9565217391304348","0.9565217391304348","0.9565217391304348","0.9565217391304348","0.9565217391304348","0.9565217391304348","0.9565217391304348","0.9565217391304348","0.9565217391304348","0.9565217391304348","0.9565217391304348","0.9565217391304348","0.9565217391304348","0.9565217391304348","0.9565217391304348","0.9565217391304348","0.9565217391304348","0.9565217391304348","0.9565217391304348","0.9565217391304348","0.9565217391304348","0.9565217391304348","0.9565217391304348","0.9565217391304348","0.9565217391304348","0.9565217391304348","0.9565217391304348","0.9565217391304348","0.9565217391304348","0.9565217391304348","0.9565217391304348","0.9565217391304348","0.9565217391304348","0.9565217391304348","0.9565217391304348","0.9565217391304348","0.9565217391304348","0.9565217391304348","0.9565217391304348","0.9565217391304348","0.9565217391304348","0.9565217391304348","0.9565217391304348","0.9565217391304348","0.9565217391304348","0.9565217391304348","0.9565217391304348","0.9565217391304348","0.9565217391304348","0.9565217391304348","0.9565217391304348","0.9565217391304348","0.9565217391304348","0.9565217391304348","0.9565217391304348","0.9565217391304348","0.9565217391304348","0.9565217391304348","0.9565217391304348","0.9565217391304348","0.9565217391304348","0.9565217391304348","0.9565217391304348","0.9565217391304348","0.9565217391304348","0.9565217391304348","0.9565217391304348","0.9565217391304348","0.9565217391304348","0.9565217391304348","0.9565217391304348","0.9565217391304348","0.9565217391304348","0.9565217391304348","0.9565217391304348","0.9565217391304348","0.9565217391304348","0.9565217391304348","0.9565217391304348","0.9565217391304348","0.9565217391304348","0.9565217391304348","0.9565217391304348","0.9565217391304348","0.9565217391304348","0.9565217391304348","0.9565217391304348","0.9565217391304348","0.9565217391304348","0.9565217391304348","0.9565217391304348","0.9565217391304348","0.9565217391304348","0.9565217391304348","0.9565217391304348","0.9565217391304348","0.9565217391304348","0.9565217391304348","0.9565217391304348","0.9565217391304348","0.9565217391304348","0.9565217391304348","0.9565217391304348","0.9565217391304348","0.9565217391304348","0.9565217391304348","0.9565217391304348","0.9565217391304348","0.9565217391304348","0.9565217391304348","0.9565217391304348","0.9565217391304348","0.9565217391304348","0.9565217391304348","0.9565217391304348","0.9565217391304348","0.9565217391304348","0.9565217391304348","0.9565217391304348","0.9565217391304348","0.9565217391304348","0.9565217391304348","0.9565217391304348","0.9565217391304348","0.9565217391304348","0.9565217391304348","0.9565217391304348","0.9565217391304348","0.9565217391304348","0.9565217391304348","0.9565217391304348","0.9565217391304348","0.9565217391304348","0.9565217391304348","0.9565217391304348","0.9565217391304348","0.9565217391304348","0.9565217391304348","0.9565217391304348","0.9565217391304348","0.9565217391304348","0.9565217391304348","0.9565217391304348","0.9565217391304348","0.9565217391304348","0.9565217391304348","0.9565217391304348","0.9565217391304348","0.9565217391304348","0.9565217391304348","0.9565217391304348","0.9565217391304348","0.9565217391304348","0.9565217391304348","0.9565217391304348","0.9565217391304348","0.9565217391304348","0.9565217391304348","0.9565217391304348","0.9565217391304348","0.9565217391304348","0.9565217391304348","0.9565217391304348","0.9565217391304348","0.9565217391304348","0.9565217391304348","0.9565217391304348","0.9565217391304348","0.9565217391304348","0.9565217391304348","0.9565217391304348","0.9565217391304348","0.9565217391304348","0.9565217391304348","0.9565217391304348","0.9565217391304348","0.9565217391304348","0.9565217391304348","0.9565217391304348","0.9565217391304348","0.9565217391304348","0.9565217391304348","0.9565217391304348","0.9565217391304348","0.9565217391304348","0.9565217391304348","0.9565217391304348","0.9565217391304348","0.9565217391304348","0.9565217391304348","0.9565217391304348","0.9565217391304348","0.9565217391304348","0.9565217391304348","0.9565217391304348","0.9565217391304348","0.9565217391304348","0.9565217391304348","0.9565217391304348","0.9565217391304348","0.9565217391304348","0.9565217391304348","0.9565217391304348","0.9565217391304348","0.9565217391304348","0.9565217391304348","0.9565217391304348","0.9565217391304348","0.9565217391304348","0.9565217391304348","0.9565217391304348","0.9565217391304348","0.9565217391304348","0.9565217391304348","0.9565217391304348","0.9565217391304348","0.9565217391304348","0.9565217391304348","0.9565217391304348","0.9565217391304348","0.9565217391304348","0.9565217391304348","0.9565217391304348","0.9565217391304348","0.9565217391304348","0.9565217391304348","0.9565217391304348","0.9565217391304348","0.9565217391304348","0.9565217391304348","0.9565217391304348","0.9565217391304348","0.9565217391304348","0.9565217391304348","0.9565217391304348","0.9565217391304348","0.9565217391304348","0.9565217391304348","0.9565217391304348","0.9565217391304348","0.9565217391304348","0.9565217391304348","0.9565217391304348","0.9565217391304348","0.9565217391304348","0.9565217391304348","0.9565217391304348","0.9565217391304348","0.9565217391304348","0.9565217391304348","0.9565217391304348","0.9565217391304348","0.9565217391304348","0.9565217391304348","0.9565217391304348","0.9565217391304348","0.9565217391304348","0.9565217391304348","0.9565217391304348","0.9565217391304348","0.9565217391304348","0.9565217391304348","0.9565217391304348","0.9565217391304348","0.9565217391304348","0.9565217391304348","0.9565217391304348","0.9565217391304348","0.9565217391304348","0.9565217391304348","0.9565217391304348","0.9565217391304348","0.9565217391304348","0.9565217391304348","0.9565217391304348","0.9565217391304348","0.9565217391304348","0.9565217391304348","0.9565217391304348","0.9565217391304348","0.9565217391304348","0.9565217391304348","0.9565217391304348","0.9565217391304348","0.9565217391304348","0.9565217391304348","0.9565217391304348","0.9565217391304348","0.9565217391304348","0.9565217391304348","0.9565217391304348","0.9565217391304348","0.9565217391304348","0.9565217391304348","0.9565217391304348","0.9565217391304348","0.9565217391304348","0.9565217391304348","0.9565217391304348","0.9565217391304348","0.9565217391304348","0.9565217391304348","0.9565217391304348","0.9565217391304348","0.9565217391304348","0.9565217391304348","0.9565217391304348","0.9565217391304348","0.9565217391304348","0.9565217391304348","0.9565217391304348","0.9565217391304348","0.9565217391304348","0.9565217391304348","0.9565217391304348","0.9565217391304348","0.9565217391304348","0.9565217391304348","0.9565217391304348","0.9565217391304348","0.9565217391304348","0.9565217391304348","0.9565217391304348","0.9565217391304348","0.9565217391304348","0.9565217391304348","0.9565217391304348","0.9565217391304348","0.9565217391304348","0.9565217391304348","0.9565217391304348","0.9565217391304348","0.9565217391304348","0.9565217391304348","0.9565217391304348","0.9565217391304348","0.9565217391304348","0.9565217391304348","0.9565217391304348","0.9565217391304348","0.9565217391304348","0.9565217391304348","129","3688"
"RandooPy-TypeHintsInference","mimesis.providers.base","1590998433424059691","422","606631192402","0.45","409","10560","102","2331","0.425","0.425","0.45","0.45","0.45","0.45","0.45","0.45","0.45","0.45","0.45","0.45","0.45","0.45","0.45","0.45","0.45","0.45","0.45","0.45","0.45","0.45","0.45","0.45","0.45","0.45","0.45","0.45","0.45","0.45","0.45","0.45","0.45","0.45","0.45","0.45","0.45","0.45","0.45","0.45","0.45","0.45","0.45","0.45","0.45","0.45","0.45","0.45","0.45","0.45","0.45","0.45","0.45","0.45","0.45","0.45","0.45","0.45","0.45","0.45","0.45","0.45","0.45","0.45","0.45","0.45","0.45","0.45","0.45","0.45","0.45","0.45","0.45","0.45","0.45","0.45","0.45","0.45","0.45","0.45","0.45","0.45","0.45","0.45","0.45","0.45","0.45","0.45","0.45","0.45","0.45","0.45","0.45","0.45","0.45","0.45","0.45","0.45","0.45","0.45","0.45","0.45","0.45","0.45","0.45","0.45","0.45","0.45","0.45","0.45","0.45","0.45","0.45","0.45","0.45","0.45","0.45","0.45","0.45","0.45","0.45","0.45","0.45","0.45","0.45","0.45","0.45","0.45","0.45","0.45","0.45","0.45","0.45","0.45","0.45","0.45","0.45","0.45","0.45","0.45","0.45","0.45","0.45","0.45","0.45","0.45","0.45","0.45","0.45","0.45","0.45","0.45","0.45","0.45","0.45","0.45","0.45","0.45","0.45","0.45","0.45","0.45","0.45","0.45","0.45","0.45","0.45","0.45","0.45","0.45","0.45","0.45","0.45","0.45","0.45","0.45","0.45","0.45","0.45","0.45","0.45","0.45","0.45","0.45","0.45","0.45","0.45","0.45","0.45","0.45","0.45","0.45","0.45","0.45","0.45","0.45","0.45","0.45","0.45","0.45","0.45","0.45","0.45","0.45","0.45","0.45","0.45","0.45","0.45","0.45","0.45","0.45","0.45","0.45","0.45","0.45","0.45","0.45","0.45","0.45","0.45","0.45","0.45","0.45","0.45","0.45","0.45","0.45","0.45","0.45","0.45","0.45","0.45","0.45","0.45","0.45","0.45","0.45","0.45","0.45","0.45","0.45","0.45","0.45","0.45","0.45","0.45","0.45","0.45","0.45","0.45","0.45","0.45","0.45","0.45","0.45","0.45","0.45","0.45","0.45","0.45","0.45","0.45","0.45","0.45","0.45","0.45","0.45","0.45","0.45","0.45","0.45","0.45","0.45","0.45","0.45","0.45","0.45","0.45","0.45","0.45","0.45","0.45","0.45","0.45","0.45","0.45","0.45","0.45","0.45","0.45","0.45","0.45","0.45","0.45","0.45","0.45","0.45","0.45","0.45","0.45","0.45","0.45","0.45","0.45","0.45","0.45","0.45","0.45","0.45","0.45","0.45","0.45","0.45","0.45","0.45","0.45","0.45","0.45","0.45","0.45","0.45","0.45","0.45","0.45","0.45","0.45","0.45","0.45","0.45","0.45","0.45","0.45","0.45","0.45","0.45","0.45","0.45","0.45","0.45","0.45","0.45","0.45","0.45","0.45","0.45","0.45","0.45","0.45","0.45","0.45","0.45","0.45","0.45","0.45","0.45","0.45","0.45","0.45","0.45","0.45","0.45","0.45","0.45","0.45","0.45","0.45","0.45","0.45","0.45","0.45","0.45","0.45","0.45","0.45","0.45","0.45","0.45","0.45","0.45","0.45","0.45","0.45","0.45","0.45","0.45","0.45","0.45","0.45","0.45","0.45","0.45","0.45","0.45","0.45","0.45","0.45","0.45","0.45","0.45","0.45","0.45","0.45","0.45","0.45","0.45","0.45","0.45","0.45","0.45","0.45","0.45","0.45","0.45","0.45","0.45","0.45","0.45","0.45","0.45","0.45","0.45","0.45","0.45","0.45","0.45","0.45","0.45","0.45","0.45","0.45","0.45","0.45","0.45","0.45","0.45","0.45","0.45","0.45","0.45","0.45","0.45","0.45","0.45","0.45","0.45","0.45","0.45","0.45","0.45","0.45","0.45","0.45","0.45","0.45","0.45","0.45","0.45","0.45","0.45","0.45","0.45","0.45","0.45","0.45","0.45","0.45","0.45","0.45","0.45","0.45","0.45","0.45","0.45","0.45","0.45","0.45","0.45","0.45","0.45","0.45","0.45","0.45","0.45","0.45","0.45","0.45","0.45","0.45","0.45","0.45","0.45","0.45","0.45","0.45","0.45","0.45","0.45","0.45","0.45","0.45","0.45","0.45","0.45","0.45","0.45","0.45","0.45","0.45","0.45","0.45","0.45","0.45","0.45","0.45","0.45","0.45","0.45","0.45","0.45","0.45","0.45","0.45","0.45","0.45","0.45","0.45","0.45","0.45","0.45","0.45","0.45","0.45","0.45","0.45","0.45","0.45","0.45","0.45","0.45","0.45","0.45","0.45","0.45","0.45","0.45","0.45","0.45","0.45","0.45","0.45","0.45","0.45","0.45","0.45","0.45","0.45","0.45","0.45","0.45","0.45","0.45","0.45","0.45","0.45","0.45","0.45","0.45","0.45","0.45","0.45","0.45","0.45","0.45","0.45","0.45","0.45","0.45","0.45","0.45","0.45","0.45","0.45","0.45","0.45","0.45","0.45","0.45","0.45","0.45","0.45","0.45","0.45","0.45","0.45","0.45","0.45","0.45","0.45","0.45","307","8229"
"RandooPy-TypeHintsInference","mimesis.providers.code","1590998433962118757","26","1326796157","1.0","26","392","10","186","1.0","1.0","1.0","1.0","1.0","1.0","1.0","1.0","1.0","1.0","1.0","1.0","1.0","1.0","1.0","1.0","1.0","1.0","1.0","1.0","1.0","1.0","1.0","1.0","1.0","1.0","1.0","1.0","1.0","1.0","1.0","1.0","1.0","1.0","1.0","1.0","1.0","1.0","1.0","1.0","1.0","1.0","1.0","1.0","1.0","1.0","1.0","1.0","1.0","1.0","1.0","1.0","1.0","1.0","1.0","1.0","1.0","1.0","1.0","1.0","1.0","1.0","1.0","1.0","1.0","1.0","1.0","1.0","1.0","1.0","1.0","1.0","1.0","1.0","1.0","1.0","1.0","1.0","1.0","1.0","1.0","1.0","1.0","1.0","1.0","1.0","1.0","1.0","1.0","1.0","1.0","1.0","1.0","1.0","1.0","1.0","1.0","1.0","1.0","1.0","1.0","1.0","1.0","1.0","1.0","1.0","1.0","1.0","1.0","1.0","1.0","1.0","1.0","1.0","1.0","1.0","1.0","1.0","1.0","1.0","1.0","1.0","1.0","1.0","1.0","1.0","1.0","1.0","1.0","1.0","1.0","1.0","1.0","1.0","1.0","1.0","1.0","1.0","1.0","1.0","1.0","1.0","1.0","1.0","1.0","1.0","1.0","1.0","1.0","1.0","1.0","1.0","1.0","1.0","1.0","1.0","1.0","1.0","1.0","1.0","1.0","1.0","1.0","1.0","1.0","1.0","1.0","1.0","1.0","1.0","1.0","1.0","1.0","1.0","1.0","1.0","1.0","1.0","1.0","1.0","1.0","1.0","1.0","1.0","1.0","1.0","1.0","1.0","1.0","1.0","1.0","1.0","1.0","1.0","1.0","1.0","1.0","1.0","1.0","1.0","1.0","1.0","1.0","1.0","1.0","1.0","1.0","1.0","1.0","1.0","1.0","1.0","1.0","1.0","1.0","1.0","1.0","1.0","1.0","1.0","1.0","1.0","1.0","1.0","1.0","1.0","1.0","1.0","1.0","1.0","1.0","1.0","1.0","1.0","1.0","1.0","1.0","1.0","1.0","1.0","1.0","1.0","1.0","1.0","1.0","1.0","1.0","1.0","1.0","1.0","1.0","1.0","1.0","1.0","1.0","1.0","1.0","1.0","1.0","1.0","1.0","1.0","1.0","1.0","1.0","1.0","1.0","1.0","1.0","1.0","1.0","1.0","1.0","1.0","1.0","1.0","1.0","1.0","1.0","1.0","1.0","1.0","1.0","1.0","1.0","1.0","1.0","1.0","1.0","1.0","1.0","1.0","1.0","1.0","1.0","1.0","1.0","1.0","1.0","1.0","1.0","1.0","1.0","1.0","1.0","1.0","1.0","1.0","1.0","1.0","1.0","1.0","1.0","1.0","1.0","1.0","1.0","1.0","1.0","1.0","1.0","1.0","1.0","1.0","1.0","1.0","1.0","1.0","1.0","1.0","1.0","1.0","1.0","1.0","1.0","1.0","1.0","1.0","1.0","1.0","1.0","1.0","1.0","1.0","1.0","1.0","1.0","1.0","1.0","1.0","1.0","1.0","1.0","1.0","1.0","1.0","1.0","1.0","1.0","1.0","1.0","1.0","1.0","1.0","1.0","1.0","1.0","1.0","1.0","1.0","1.0","1.0","1.0","1.0","1.0","1.0","1.0","1.0","1.0","1.0","1.0","1.0","1.0","1.0","1.0","1.0","1.0","1.0","1.0","1.0","1.0","1.0","1.0","1.0","1.0","1.0","1.0","1.0","1.0","1.0","1.0","1.0","1.0","1.0","1.0","1.0","1.0","1.0","1.0","1.0","1.0","1.0","1.0","1.0","1.0","1.0","1.0","1.0","1.0","1.0","1.0","1.0","1.0","1.0","1.0","1.0","1.0","1.0","1.0","1.0","1.0","1.0","1.0","1.0","1.0","1.0","1.0","1.0","1.0","1.0","1.0","1.0","1.0","1.0","1.0","1.0","1.0","1.0","1.0","1.0","1.0","1.0","1.0","1.0","1.0","1.0","1.0","1.0","1.0","1.0","1.0","1.0","1.0","1.0","1.0","1.0","1.0","1.0","1.0","1.0","1.0","1.0","1.0","1.0","1.0","1.0","1.0","1.0","1.0","1.0","1.0","1.0","1.0","1.0","1.0","1.0","1.0","1.0","1.0","1.0","1.0","1.0","1.0","1.0","1.0","1.0","1.0","1.0","1.0","1.0","1.0","1.0","1.0","1.0","1.0","1.0","1.0","1.0","1.0","1.0","1.0","1.0","1.0","1.0","1.0","1.0","1.0","1.0","1.0","1.0","1.0","1.0","1.0","1.0","1.0","1.0","1.0","1.0","1.0","1.0","1.0","1.0","1.0","1.0","1.0","1.0","1.0","1.0","1.0","1.0","1.0","1.0","1.0","1.0","1.0","1.0","1.0","1.0","1.0","1.0","1.0","1.0","1.0","1.0","1.0","1.0","1.0","1.0","1.0","1.0","1.0","1.0","1.0","1.0","1.0","1.0","1.0","1.0","1.0","1.0","1.0","1.0","1.0","1.0","1.0","1.0","1.0","1.0","1.0","1.0","1.0","1.0","1.0","1.0","1.0","1.0","1.0","1.0","1.0","1.0","1.0","1.0","1.0","1.0","1.0","1.0","1.0","1.0","1.0","1.0","16","206"
"WSPy-NoTypes","mimesis.builtins.da","1590999298882411264","0","2520497974","1.0","9","196","2","59","1.0","1.0","1.0","1.0","1.0","1.0","1.0","1.0","1.0","1.0","1.0","1.0","1.0","1.0","1.0","1.0","1.0","1.0","1.0","1.0","1.0","1.0","1.0","1.0","1.0","1.0","1.0","1.0","1.0","1.0","1.0","1.0","1.0","1.0","1.0","1.0","1.0","1.0","1.0","1.0","1.0","1.0","1.0","1.0","1.0","1.0","1.0","1.0","1.0","1.0","1.0","1.0","1.0","1.0","1.0","1.0","1.0","1.0","1.0","1.0","1.0","1.0","1.0","1.0","1.0","1.0","1.0","1.0","1.0","1.0","1.0","1.0","1.0","1.0","1.0","1.0","1.0","1.0","1.0","1.0","1.0","1.0","1.0","1.0","1.0","1.0","1.0","1.0","1.0","1.0","1.0","1.0","1.0","1.0","1.0","1.0","1.0","1.0","1.0","1.0","1.0","1.0","1.0","1.0","1.0","1.0","1.0","1.0","1.0","1.0","1.0","1.0","1.0","1.0","1.0","1.0","1.0","1.0","1.0","1.0","1.0","1.0","1.0","1.0","1.0","1.0","1.0","1.0","1.0","1.0","1.0","1.0","1.0","1.0","1.0","1.0","1.0","1.0","1.0","1.0","1.0","1.0","1.0","1.0","1.0","1.0","1.0","1.0","1.0","1.0","1.0","1.0","1.0","1.0","1.0","1.0","1.0","1.0","1.0","1.0","1.0","1.0","1.0","1.0","1.0","1.0","1.0","1.0","1.0","1.0","1.0","1.0","1.0","1.0","1.0","1.0","1.0","1.0","1.0","1.0","1.0","1.0","1.0","1.0","1.0","1.0","1.0","1.0","1.0","1.0","1.0","1.0","1.0","1.0","1.0","1.0","1.0","1.0","1.0","1.0","1.0","1.0","1.0","1.0","1.0","1.0","1.0","1.0","1.0","1.0","1.0","1.0","1.0","1.0","1.0","1.0","1.0","1.0","1.0","1.0","1.0","1.0","1.0","1.0","1.0","1.0","1.0","1.0","1.0","1.0","1.0","1.0","1.0","1.0","1.0","1.0","1.0","1.0","1.0","1.0","1.0","1.0","1.0","1.0","1.0","1.0","1.0","1.0","1.0","1.0","1.0","1.0","1.0","1.0","1.0","1.0","1.0","1.0","1.0","1.0","1.0","1.0","1.0","1.0","1.0","1.0","1.0","1.0","1.0","1.0","1.0","1.0","1.0","1.0","1.0","1.0","1.0","1.0","1.0","1.0","1.0","1.0","1.0","1.0","1.0","1.0","1.0","1.0","1.0","1.0","1.0","1.0","1.0","1.0","1.0","1.0","1.0","1.0","1.0","1.0","1.0","1.0","1.0","1.0","1.0","1.0","1.0","1.0","1.0","1.0","1.0","1.0","1.0","1.0","1.0","1.0","1.0","1.0","1.0","1.0","1.0","1.0","1.0","1.0","1.0","1.0","1.0","1.0","1.0","1.0","1.0","1.0","1.0","1.0","1.0","1.0","1.0","1.0","1.0","1.0","1.0","1.0","1.0","1.0","1.0","1.0","1.0","1.0","1.0","1.0","1.0","1.0","1.0","1.0","1.0","1.0","1.0","1.0","1.0","1.0","1.0","1.0","1.0","1.0","1.0","1.0","1.0","1.0","1.0","1.0","1.0","1.0","1.0","1.0","1.0","1.0","1.0","1.0","1.0","1.0","1.0","1.0","1.0","1.0","1.0","1.0","1.0","1.0","1.0","1.0","1.0","1.0","1.0","1.0","1.0","1.0","1.0","1.0","1.0","1.0","1.0","1.0","1.0","1.0","1.0","1.0","1.0","1.0","1.0","1.0","1.0","1.0","1.0","1.0","1.0","1.0","1.0","1.0","1.0","1.0","1.0","1.0","1.0","1.0","1.0","1.0","1.0","1.0","1.0","1.0","1.0","1.0","1.0","1.0","1.0","1.0","1.0","1.0","1.0","1.0","1.0","1.0","1.0","1.0","1.0","1.0","1.0","1.0","1.0","1.0","1.0","1.0","1.0","1.0","1.0","1.0","1.0","1.0","1.0","1.0","1.0","1.0","1.0","1.0","1.0","1.0","1.0","1.0","1.0","1.0","1.0","1.0","1.0","1.0","1.0","1.0","1.0","1.0","1.0","1.0","1.0","1.0","1.0","1.0","1.0","1.0","1.0","1.0","1.0","1.0","1.0","1.0","1.0","1.0","1.0","1.0","1.0","1.0","1.0","1.0","1.0","1.0","1.0","1.0","1.0","1.0","1.0","1.0","1.0","1.0","1.0","1.0","1.0","1.0","1.0","1.0","1.0","1.0","1.0","1.0","1.0","1.0","1.0","1.0","1.0","1.0","1.0","1.0","1.0","1.0","1.0","1.0","1.0","1.0","1.0","1.0","1.0","1.0","1.0","1.0","1.0","1.0","1.0","1.0","1.0","1.0","1.0","1.0","1.0","1.0","1.0","1.0","1.0","1.0","1.0","1.0","1.0","1.0","1.0","1.0","1.0","1.0","1.0","1.0","1.0","1.0","1.0","1.0","1.0","1.0","1.0","1.0","1.0","1.0","1.0","1.0","1.0","1.0","1.0","1.0","1.0","1.0","1.0","1.0","1.0","1.0","1.0","1.0","1.0","1.0","1.0","1.0","1.0","1.0","1.0","1.0","1.0","1.0","1.0","1.0","7","137"
"WSPy-NoTypes","mimesis.providers.food","1590999314400003187","0","3749678818","1.0","3","58","0","0","1.0","1.0","1.0","1.0","1.0","1.0","1.0","1.0","1.0","1.0","1.0","1.0","1.0","1.0","1.0","1.0","1.0","1.0","1.0","1.0","1.0","1.0","1.0","1.0","1.0","1.0","1.0","1.0","1.0","1.0","1.0","1.0","1.0","1.0","1.0","1.0","1.0","1.0","1.0","1.0","1.0","1.0","1.0","1.0","1.0","1.0","1.0","1.0","1.0","1.0","1.0","1.0","1.0","1.0","1.0","1.0","1.0","1.0","1.0","1.0","1.0","1.0","1.0","1.0","1.0","1.0","1.0","1.0","1.0","1.0","1.0","1.0","1.0","1.0","1.0","1.0","1.0","1.0","1.0","1.0","1.0","1.0","1.0","1.0","1.0","1.0","1.0","1.0","1.0","1.0","1.0","1.0","1.0","1.0","1.0","1.0","1.0","1.0","1.0","1.0","1.0","1.0","1.0","1.0","1.0","1.0","1.0","1.0","1.0","1.0","1.0","1.0","1.0","1.0","1.0","1.0","1.0","1.0","1.0","1.0","1.0","1.0","1.0","1.0","1.0","1.0","1.0","1.0","1.0","1.0","1.0","1.0","1.0","1.0","1.0","1.0","1.0","1.0","1.0","1.0","1.0","1.0","1.0","1.0","1.0","1.0","1.0","1.0","1.0","1.0","1.0","1.0","1.0","1.0","1.0","1.0","1.0","1.0","1.0","1.0","1.0","1.0","1.0","1.0","1.0","1.0","1.0","1.0","1.0","1.0","1.0","1.0","1.0","1.0","1.0","1.0","1.0","1.0","1.0","1.0","1.0","1.0","1.0","1.0","1.0","1.0","1.0","1.0","1.0","1.0","1.0","1.0","1.0","1.0","1.0","1.0","1.0","1.0","1.0","1.0","1.0","1.0","1.0","1.0","1.0","1.0","1.0","1.0","1.0","1.0","1.0","1.0","1.0","1.0","1.0","1.0","1.0","1.0","1.0","1.0","1.0","1.0","1.0","1.0","1.0","1.0","1.0","1.0","1.0","1.0","1.0","1.0","1.0","1.0","1.0","1.0","1.0","1.0","1.0","1.0","1.0","1.0","1.0","1.0","1.0","1.0","1.0","1.0","1.0","1.0","1.0","1.0","1.0","1.0","1.0","1.0","1.0","1.0","1.0","1.0","1.0","1.0","1.0","1.0","1.0","1.0","1.0","1.0","1.0","1.0","1.0","1.0","1.0","1.0","1.0","1.0","1.0","1.0","1.0","1.0","1.0","1.0","1.0","1.0","1.0","1.0","1.0","1.0","1.0","1.0","1.0","1.0","1.0","1.0","1.0","1.0","1.0","1.0","1.0","1.0","1.0","1.0","1.0","1.0","1.0","1.0","1.0","1.0","1.0","1.0","1.0","1.0","1.0","1.0","1.0","1.0","1.0","1.0","1.0","1.0","1.0","1.0","1.0","1.0","1.0","1.0","1.0","1.0","1.0","1.0","1.0","1.0","1.0","1.0","1.0","1.0","1.0","1.0","1.0","1.0","1.0","1.0","1.0","1.0","1.0","1.0","1.0","1.0","1.0","1.0","1.0","1.0","1.0","1.0","1.0","1.0","1.0","1.0","1.0","1.0","1.0","1.0","1.0","1.0","1.0","1.0","1.0","1.0","1.0","1.0","1.0","1.0","1.0","1.0","1.0","1.0","1.0","1.0","1.0","1.0","1.0","1.0","1.0","1.0","1.0","1.0","1.0","1.0","1.0","1.0","1.0","1.0","1.0","1.0","1.0","1.0","1.0","1.0","1.0","1.0","1.0","1.0","1.0","1.0","1.0","1.0","1.0","1.0","1.0","1.0","1.0","1.0","1.0","1.0","1.0","1.0","1.0","1.0","1.0","1.0","1.0","1.0","1.0","1.0","1.0","1.0","1.0","1.0","1.0","1.0","1.0","1.0","1.0","1.0","1.0","1.0","1.0","1.0","1.0","1.0","1.0","1.0","1.0","1.0","1.0","1.0","1.0","1.0","1.0","1.0","1.0","1.0","1.0","1.0","1.0","1.0","1.0","1.0","1.0","1.0","1.0","1.0","1.0","1.0","1.0","1.0","1.0","1.0","1.0","1.0","1.0","1.0","1.0","1.0","1.0","1.0","1.0","1.0","1.0","1.0","1.0","1.0","1.0","1.0","1.0","1.0","1.0","1.0","1.0","1.0","1.0","1.0","1.0","1.0","1.0","1.0","1.0","1.0","1.0","1.0","1.0","1.0","1.0","1.0","1.0","1.0","1.0","1.0","1.0","1.0","1.0","1.0","1.0","1.0","1.0","1.0","1.0","1.0","1.0","1.0","1.0","1.0","1.0","1.0","1.0","1.0","1.0","1.0","1.0","1.0","1.0","1.0","1.0","1.0","1.0","1.0","1.0","1.0","1.0","1.0","1.0","1.0","1.0","1.0","1.0","1.0","1.0","1.0","1.0","1.0","1.0","1.0","1.0","1.0","1.0","1.0","1.0","1.0","1.0","1.0","1.0","1.0","1.0","1.0","1.0","1.0","1.0","1.0","1.0","1.0","1.0","1.0","1.0","1.0","1.0","1.0","1.0","1.0","1.0","1.0","1.0","1.0","1.0","1.0","1.0","1.0","1.0","1.0","1.0","1.0","1.0","1.0","1.0","1.0","1.0","1.0","1.0","1.0","1.0","1.0","3","58"
"RandooPy-NoTypes","mimesis.providers.code","1590999115447912848","9","32811985","1.0","8","25","4","14","1.0","1.0","1.0","1.0","1.0","1.0","1.0","1.0","1.0","1.0","1.0","1.0","1.0","1.0","1.0","1.0","1.0","1.0","1.0","1.0","1.0","1.0","1.0","1.0","1.0","1.0","1.0","1.0","1.0","1.0","1.0","1.0","1.0","1.0","1.0","1.0","1.0","1.0","1.0","1.0","1.0","1.0","1.0","1.0","1.0","1.0","1.0","1.0","1.0","1.0","1.0","1.0","1.0","1.0","1.0","1.0","1.0","1.0","1.0","1.0","1.0","1.0","1.0","1.0","1.0","1.0","1.0","1.0","1.0","1.0","1.0","1.0","1.0","1.0","1.0","1.0","1.0","1.0","1.0","1.0","1.0","1.0","1.0","1.0","1.0","1.0","1.0","1.0","1.0","1.0","1.0","1.0","1.0","1.0","1.0","1.0","1.0","1.0","1.0","1.0","1.0","1.0","1.0","1.0","1.0","1.0","1.0","1.0","1.0","1.0","1.0","1.0","1.0","1.0","1.0","1.0","1.0","1.0","1.0","1.0","1.0","1.0","1.0","1.0","1.0","1.0","1.0","1.0","1.0","1.0","1.0","1.0","1.0","1.0","1.0","1.0","1.0","1.0","1.0","1.0","1.0","1.0","1.0","1.0","1.0","1.0","1.0","1.0","1.0","1.0","1.0","1.0","1.0","1.0","1.0","1.0","1.0","1.0","1.0","1.0","1.0","1.0","1.0","1.0","1.0","1.0","1.0","1.0","1.0","1.0","1.0","1.0","1.0","1.0","1.0","1.0","1.0","1.0","1.0","1.0","1.0","1.0","1.0","1.0","1.0","1.0","1.0","1.0","1.0","1.0","1.0","1.0","1.0","1.0","1.0","1.0","1.0","1.0","1.0","1.0","1.0","1.0","1.0","1.0","1.0","1.0","1.0","1.0","1.0","1.0","1.0","1.0","1.0","1.0","1.0","1.0","1.0","1.0","1.0","1.0","1.0","1.0","1.0","1.0","1.0","1.0","1.0","1.0","1.0","1.0","1.0","1.0","1.0","1.0","1.0","1.0","1.0","1.0","1.0","1.0","1.0","1.0","1.0","1.0","1.0","1.0","1.0","1.0","1.0","1.0","1.0","1.0","1.0","1.0","1.0","1.0","1.0","1.0","1.0","1.0","1.0","1.0","1.0","1.0","1.0","1.0","1.0","1.0","1.0","1.0","1.0","1.0","1.0","1.0","1.0","1.0","1.0","1.0","1.0","1.0","1.0","1.0","1.0","1.0","1.0","1.0","1.0","1.0","1.0","1.0","1.0","1.0","1.0","1.0","1.0","1.0","1.0","1.0","1.0","1.0","1.0","1.0","1.0","1.0","1.0","1.0","1.0","1.0","1.0","1.0","1.0","1.0","1.0","1.0","1.0","1.0","1.0","1.0","1.0","1.0","1.0","1.0","1.0","1.0","1.0","1.0","1.0","1.0","1.0","1.0","1.0","1.0","1.0","1.0","1.0","1.0","1.0","1.0","1.0","1.0","1.0","1.0","1.0","1.0","1.0","1.0","1.0","1.0","1.0","1.0","1.0","1.0","1.0","1.0","1.0","1.0","1.0","1.0","1.0","1.0","1.0","1.0","1.0","1.0","1.0","1.0","1.0","1.0","1.0","1.0","1.0","1.0","1.0","1.0","1.0","1.0","1.0","1.0","1.0","1.0","1.0","1.0","1.0","1.0","1.0","1.0","1.0","1.0","1.0","1.0","1.0","1.0","1.0","1.0","1.0","1.0","1.0","1.0","1.0","1.0","1.0","1.0","1.0","1.0","1.0","1.0","1.0","1.0","1.0","1.0","1.0","1.0","1.0","1.0","1.0","1.0","1.0","1.0","1.0","1.0","1.0","1.0","1.0","1.0","1.0","1.0","1.0","1.0","1.0","1.0","1.0","1.0","1.0","1.0","1.0","1.0","1.0","1.0","1.0","1.0","1.0","1.0","1.0","1.0","1.0","1.0","1.0","1.0","1.0","1.0","1.0","1.0","1.0","1.0","1.0","1.0","1.0","1.0","1.0","1.0","1.0","1.0","1.0","1.0","1.0","1.0","1.0","1.0","1.0","1.0","1.0","1.0","1.0","1.0","1.0","1.0","1.0","1.0","1.0","1.0","1.0","1.0","1.0","1.0","1.0","1.0","1.0","1.0","1.0","1.0","1.0","1.0","1.0","1.0","1.0","1.0","1.0","1.0","1.0","1.0","1.0","1.0","1.0","1.0","1.0","1.0","1.0","1.0","1.0","1.0","1.0","1.0","1.0","1.0","1.0","1.0","1.0","1.0","1.0","1.0","1.0","1.0","1.0","1.0","1.0","1.0","1.0","1.0","1.0","1.0","1.0","1.0","1.0","1.0","1.0","1.0","1.0","1.0","1.0","1.0","1.0","1.0","1.0","1.0","1.0","1.0","1.0","1.0","1.0","1.0","1.0","1.0","1.0","1.0","1.0","1.0","1.0","1.0","1.0","1.0","1.0","1.0","1.0","1.0","1.0","1.0","1.0","1.0","1.0","1.0","1.0","1.0","1.0","1.0","1.0","1.0","1.0","1.0","1.0","1.0","1.0","1.0","1.0","1.0","1.0","1.0","1.0","1.0","1.0","1.0","1.0","1.0","1.0","1.0","1.0","1.0","1.0","1.0","1.0","1.0","4","11"
"WSPy-TypeHintsInference","mimesis.builtins.pt_br","1590998529291838390","1039","600870150184","0.8","2","44","0","0","0.8","0.8","0.8","0.8","0.8","0.8","0.8","0.8","0.8","0.8","0.8","0.8","0.8","0.8","0.8","0.8","0.8","0.8","0.8","0.8","0.8","0.8","0.8","0.8","0.8","0.8","0.8","0.8","0.8","0.8","0.8","0.8","0.8","0.8","0.8","0.8","0.8","0.8","0.8","0.8","0.8","0.8","0.8","0.8","0.8","0.8","0.8","0.8","0.8","0.8","0.8","0.8","0.8","0.8","0.8","0.8","0.8","0.8","0.8","0.8","0.8","0.8","0.8","0.8","0.8","0.8","0.8","0.8","0.8","0.8","0.8","0.8","0.8","0.8","0.8","0.8","0.8","0.8","0.8","0.8","0.8","0.8","0.8","0.8","0.8","0.8","0.8","0.8","0.8","0.8","0.8","0.8","0.8","0.8","0.8","0.8","0.8","0.8","0.8","0.8","0.8","0.8","0.8","0.8","0.8","0.8","0.8","0.8","0.8","0.8","0.8","0.8","0.8","0.8","0.8","0.8","0.8","0.8","0.8","0.8","0.8","0.8","0.8","0.8","0.8","0.8","0.8","0.8","0.8","0.8","0.8","0.8","0.8","0.8","0.8","0.8","0.8","0.8","0.8","0.8","0.8","0.8","0.8","0.8","0.8","0.8","0.8","0.8","0.8","0.8","0.8","0.8","0.8","0.8","0.8","0.8","0.8","0.8","0.8","0.8","0.8","0.8","0.8","0.8","0.8","0.8","0.8","0.8","0.8","0.8","0.8","0.8","0.8","0.8","0.8","0.8","0.8","0.8","0.8","0.8","0.8","0.8","0.8","0.8","0.8","0.8","0.8","0.8","0.8","0.8","0.8","0.8","0.8","0.8","0.8","0.8","0.8","0.8","0.8","0.8","0.8","0.8","0.8","0.8","0.8","0.8","0.8","0.8","0.8","0.8","0.8","0.8","0.8","0.8","0.8","0.8","0.8","0.8","0.8","0.8","0.8","0.8","0.8","0.8","0.8","0.8","0.8","0.8","0.8","0.8","0.8","0.8","0.8","0.8","0.8","0.8","0.8","0.8","0.8","0.8","0.8","0.8","0.8","0.8","0.8","0.8","0.8","0.8","0.8","0.8","0.8","0.8","0.8","0.8","0.8","0.8","0.8","0.8","0.8","0.8","0.8","0.8","0.8","0.8","0.8","0.8","0.8","0.8","0.8","0.8","0.8","0.8","0.8","0.8","0.8","0.8","0.8","0.8","0.8","0.8","0.8","0.8","0.8","0.8","0.8","0.8","0.8","0.8","0.8","0.8","0.8","0.8","0.8","0.8","0.8","0.8","0.8","0.8","0.8","0.8","0.8","0.8","0.8","0.8","0.8","0.8","0.8","0.8","0.8","0.8","0.8","0.8","0.8","0.8","0.8","0.8","0.8","0.8","0.8","0.8","0.8","0.8","0.8","0.8","0.8","0.8","0.8","0.8","0.8","0.8","0.8","0.8","0.8","0.8","0.8","0.8","0.8","0.8","0.8","0.8","0.8","0.8","0.8","0.8","0.8","0.8","0.8","0.8","0.8","0.8","0.8","0.8","0.8","0.8","0.8","0.8","0.8","0.8","0.8","0.8","0.8","0.8","0.8","0.8","0.8","0.8","0.8","0.8","0.8","0.8","0.8","0.8","0.8","0.8","0.8","0.8","0.8","0.8","0.8","0.8","0.8","0.8","0.8","0.8","0.8","0.8","0.8","0.8","0.8","0.8","0.8","0.8","0.8","0.8","0.8","0.8","0.8","0.8","0.8","0.8","0.8","0.8","0.8","0.8","0.8","0.8","0.8","0.8","0.8","0.8","0.8","0.8","0.8","0.8","0.8","0.8","0.8","0.8","0.8","0.8","0.8","0.8","0.8","0.8","0.8","0.8","0.8","0.8","0.8","0.8","0.8","0.8","0.8","0.8","0.8","0.8","0.8","0.8","0.8","0.8","0.8","0.8","0.8","0.8","0.8","0.8","0.8","0.8","0.8","0.8","0.8","0.8","0.8","0.8","0.8","0.8","0.8","0.8","0.8","0.8","0.8","0.8","0.8","0.8","0.8","0.8","0.8","0.8","0.8","0.8","0.8","0.8","0.8","0.8","0.8","0.8","0.8","0.8","0.8","0.8","0.8","0.8","0.8","0.8","0.8","0.8","0.8","0.8","0.8","0.8","0.8","0.8","0.8","0.8","0.8","0.8","0.8","0.8","0.8","0.8","0.8","0.8","0.8","0.8","0.8","0.8","0.8","0.8","0.8","0.8","0.8","0.8","0.8","0.8","0.8","0.8","0.8","0.8","0.8","0.8","0.8","0.8","0.8","0.8","0.8","0.8","0.8","0.8","0.8","0.8","0.8","0.8","0.8","0.8","0.8","0.8","0.8","0.8","0.8","0.8","0.8","0.8","0.8","0.8","0.8","0.8","0.8","0.8","0.8","0.8","0.8","0.8","0.8","0.8","0.8","0.8","0.8","0.8","0.8","0.8","0.8","0.8","0.8","0.8","0.8","0.8","0.8","0.8","0.8","0.8","0.8","0.8","0.8","0.8","0.8","0.8","0.8","0.8","0.8","0.8","0.8","0.8","0.8","0.8","0.8","0.8","0.8","0.8","0.8","0.8","0.8","0.8","0.8","0.8","0.8","0.8","0.8","0.8","0.8","0.8","2","44"
"WSPy-NoTypes","mimesis.builtins.pt_br","1590999461725841050","845","600080209169","0.8","6","174","1","35","0.8","0.8","0.8","0.8","0.8","0.8","0.8","0.8","0.8","0.8","0.8","0.8","0.8","0.8","0.8","0.8","0.8","0.8","0.8","0.8","0.8","0.8","0.8","0.8","0.8","0.8","0.8","0.8","0.8","0.8","0.8","0.8","0.8","0.8","0.8","0.8","0.8","0.8","0.8","0.8","0.8","0.8","0.8","0.8","0.8","0.8","0.8","0.8","0.8","0.8","0.8","0.8","0.8","0.8","0.8","0.8","0.8","0.8","0.8","0.8","0.8","0.8","0.8","0.8","0.8","0.8","0.8","0.8","0.8","0.8","0.8","0.8","0.8","0.8","0.8","0.8","0.8","0.8","0.8","0.8","0.8","0.8","0.8","0.8","0.8","0.8","0.8","0.8","0.8","0.8","0.8","0.8","0.8","0.8","0.8","0.8","0.8","0.8","0.8","0.8","0.8","0.8","0.8","0.8","0.8","0.8","0.8","0.8","0.8","0.8","0.8","0.8","0.8","0.8","0.8","0.8","0.8","0.8","0.8","0.8","0.8","0.8","0.8","0.8","0.8","0.8","0.8","0.8","0.8","0.8","0.8","0.8","0.8","0.8","0.8","0.8","0.8","0.8","0.8","0.8","0.8","0.8","0.8","0.8","0.8","0.8","0.8","0.8","0.8","0.8","0.8","0.8","0.8","0.8","0.8","0.8","0.8","0.8","0.8","0.8","0.8","0.8","0.8","0.8","0.8","0.8","0.8","0.8","0.8","0.8","0.8","0.8","0.8","0.8","0.8","0.8","0.8","0.8","0.8","0.8","0.8","0.8","0.8","0.8","0.8","0.8","0.8","0.8","0.8","0.8","0.8","0.8","0.8","0.8","0.8","0.8","0.8","0.8","0.8","0.8","0.8","0.8","0.8","0.8","0.8","0.8","0.8","0.8","0.8","0.8","0.8","0.8","0.8","0.8","0.8","0.8","0.8","0.8","0.8","0.8","0.8","0.8","0.8","0.8","0.8","0.8","0.8","0.8","0.8","0.8","0.8","0.8","0.8","0.8","0.8","0.8","0.8","0.8","0.8","0.8","0.8","0.8","0.8","0.8","0.8","0.8","0.8","0.8","0.8","0.8","0.8","0.8","0.8","0.8","0.8","0.8","0.8","0.8","0.8","0.8","0.8","0.8","0.8","0.8","0.8","0.8","0.8","0.8","0.8","0.8","0.8","0.8","0.8","0.8","0.8","0.8","0.8","0.8","0.8","0.8","0.8","0.8","0.8","0.8","0.8","0.8","0.8","0.8","0.8","0.8","0.8","0.8","0.8","0.8","0.8","0.8","0.8","0.8","0.8","0.8","0.8","0.8","0.8","0.8","0.8","0.8","0.8","0.8","0.8","0.8","0.8","0.8","0.8","0.8","0.8","0.8","0.8","0.8","0.8","0.8","0.8","0.8","0.8","0.8","0.8","0.8","0.8","0.8","0.8","0.8","0.8","0.8","0.8","0.8","0.8","0.8","0.8","0.8","0.8","0.8","0.8","0.8","0.8","0.8","0.8","0.8","0.8","0.8","0.8","0.8","0.8","0.8","0.8","0.8","0.8","0.8","0.8","0.8","0.8","0.8","0.8","0.8","0.8","0.8","0.8","0.8","0.8","0.8","0.8","0.8","0.8","0.8","0.8","0.8","0.8","0.8","0.8","0.8","0.8","0.8","0.8","0.8","0.8","0.8","0.8","0.8","0.8","0.8","0.8","0.8","0.8","0.8","0.8","0.8","0.8","0.8","0.8","0.8","0.8","0.8","0.8","0.8","0.8","0.8","0.8","0.8","0.8","0.8","0.8","0.8","0.8","0.8","0.8","0.8","0.8","0.8","0.8","0.8","0.8","0.8","0.8","0.8","0.8","0.8","0.8","0.8","0.8","0.8","0.8","0.8","0.8","0.8","0.8","0.8","0.8","0.8","0.8","0.8","0.8","0.8","0.8","0.8","0.8","0.8","0.8","0.8","0.8","0.8","0.8","0.8","0.8","0.8","0.8","0.8","0.8","0.8","0.8","0.8","0.8","0.8","0.8","0.8","0.8","0.8","0.8","0.8","0.8","0.8","0.8","0.8","0.8","0.8","0.8","0.8","0.8","0.8","0.8","0.8","0.8","0.8","0.8","0.8","0.8","0.8","0.8","0.8","0.8","0.8","0.8","0.8","0.8","0.8","0.8","0.8","0.8","0.8","0.8","0.8","0.8","0.8","0.8","0.8","0.8","0.8","0.8","0.8","0.8","0.8","0.8","0.8","0.8","0.8","0.8","0.8","0.8","0.8","0.8","0.8","0.8","0.8","0.8","0.8","0.8","0.8","0.8","0.8","0.8","0.8","0.8","0.8","0.8","0.8","0.8","0.8","0.8","0.8","0.8","0.8","0.8","0.8","0.8","0.8","0.8","0.8","0.8","0.8","0.8","0.8","0.8","0.8","0.8","0.8","0.8","0.8","0.8","0.8","0.8","0.8","0.8","0.8","0.8","0.8","0.8","0.8","0.8","0.8","0.8","0.8","0.8","0.8","0.8","0.8","0.8","0.8","0.8","0.8","0.8","0.8","0.8","0.8","0.8","0.8","0.8","0.8","0.8","0.8","0.8","0.8","0.8","0.8","0.8","0.8","0.8","0.8","0.8","0.8","0.8","0.8","0.8","0.8","5","139"
"WSPy-NoTypes","mimesis.builtins.uk","1590999393594503377","0","2063880243","1.0","5","116","5","116","1.0","1.0","1.0","1.0","1.0","1.0","1.0","1.0","1.0","1.0","1.0","1.0","1.0","1.0","1.0","1.0","1.0","1.0","1.0","1.0","1.0","1.0","1.0","1.0","1.0","1.0","1.0","1.0","1.0","1.0","1.0","1.0","1.0","1.0","1.0","1.0","1.0","1.0","1.0","1.0","1.0","1.0","1.0","1.0","1.0","1.0","1.0","1.0","1.0","1.0","1.0","1.0","1.0","1.0","1.0","1.0","1.0","1.0","1.0","1.0","1.0","1.0","1.0","1.0","1.0","1.0","1.0","1.0","1.0","1.0","1.0","1.0","1.0","1.0","1.0","1.0","1.0","1.0","1.0","1.0","1.0","1.0","1.0","1.0","1.0","1.0","1.0","1.0","1.0","1.0","1.0","1.0","1.0","1.0","1.0","1.0","1.0","1.0","1.0","1.0","1.0","1.0","1.0","1.0","1.0","1.0","1.0","1.0","1.0","1.0","1.0","1.0","1.0","1.0","1.0","1.0","1.0","1.0","1.0","1.0","1.0","1.0","1.0","1.0","1.0","1.0","1.0","1.0","1.0","1.0","1.0","1.0","1.0","1.0","1.0","1.0","1.0","1.0","1.0","1.0","1.0","1.0","1.0","1.0","1.0","1.0","1.0","1.0","1.0","1.0","1.0","1.0","1.0","1.0","1.0","1.0","1.0","1.0","1.0","1.0","1.0","1.0","1.0","1.0","1.0","1.0","1.0","1.0","1.0","1.0","1.0","1.0","1.0","1.0","1.0","1.0","1.0","1.0","1.0","1.0","1.0","1.0","1.0","1.0","1.0","1.0","1.0","1.0","1.0","1.0","1.0","1.0","1.0","1.0","1.0","1.0","1.0","1.0","1.0","1.0","1.0","1.0","1.0","1.0","1.0","1.0","1.0","1.0","1.0","1.0","1.0","1.0","1.0","1.0","1.0","1.0","1.0","1.0","1.0","1.0","1.0","1.0","1.0","1.0","1.0","1.0","1.0","1.0","1.0","1.0","1.0","1.0","1.0","1.0","1.0","1.0","1.0","1.0","1.0","1.0","1.0","1.0","1.0","1.0","1.0","1.0","1.0","1.0","1.0","1.0","1.0","1.0","1.0","1.0","1.0","1.0","1.0","1.0","1.0","1.0","1.0","1.0","1.0","1.0","1.0","1.0","1.0","1.0","1.0","1.0","1.0","1.0","1.0","1.0","1.0","1.0","1.0","1.0","1.0","1.0","1.0","1.0","1.0","1.0","1.0","1.0","1.0","1.0","1.0","1.0","1.0","1.0","1.0","1.0","1.0","1.0","1.0","1.0","1.0","1.0","1.0","1.0","1.0","1.0","1.0","1.0","1.0","1.0","1.0","1.0","1.0","1.0","1.0","1.0","1.0","1.0","1.0","1.0","1.0","1.0","1.0","1.0","1.0","1.0","1.0","1.0","1.0","1.0","1.0","1.0","1.0","1.0","1.0","1.0","1.0","1.0","1.0","1.0","1.0","1.0","1.0","1.0","1.0","1.0","1.0","1.0","1.0","1.0","1.0","1.0","1.0","1.0","1.0","1.0","1.0","1.0","1.0","1.0","1.0","1.0","1.0","1.0","1.0","1.0","1.0","1.0","1.0","1.0","1.0","1.0","1.0","1.0","1.0","1.0","1.0","1.0","1.0","1.0","1.0","1.0","1.0","1.0","1.0","1.0","1.0","1.0","1.0","1.0","1.0","1.0","1.0","1.0","1.0","1.0","1.0","1.0","1.0","1.0","1.0","1.0","1.0","1.0","1.0","1.0","1.0","1.0","1.0","1.0","1.0","1.0","1.0","1.0","1.0","1.0","1.0","1.0","1.0","1.0","1.0","1.0","1.0","1.0","1.0","1.0","1.0","1.0","1.0","1.0","1.0","1.0","1.0","1.0","1.0","1.0","1.0","1.0","1.0","1.0","1.0","1.0","1.0","1.0","1.0","1.0","1.0","1.0","1.0","1.0","1.0","1.0","1.0","1.0","1.0","1.0","1.0","1.0","1.0","1.0","1.0","1.0","1.0","1.0","1.0","1.0","1.0","1.0","1.0","1.0","1.0","1.0","1.0","1.0","1.0","1.0","1.0","1.0","1.0","1.0","1.0","1.0","1.0","1.0","1.0","1.0","1.0","1.0","1.0","1.0","1.0","1.0","1.0","1.0","1.0","1.0","1.0","1.0","1.0","1.0","1.0","1.0","1.0","1.0","1.0","1.0","1.0","1.0","1.0","1.0","1.0","1.0","1.0","1.0","1.0","1.0","1.0","1.0","1.0","1.0","1.0","1.0","1.0","1.0","1.0","1.0","1.0","1.0","1.0","1.0","1.0","1.0","1.0","1.0","1.0","1.0","1.0","1.0","1.0","1.0","1.0","1.0","1.0","1.0","1.0","1.0","1.0","1.0","1.0","1.0","1.0","1.0","1.0","1.0","1.0","1.0","1.0","1.0","1.0","1.0","1.0","1.0","1.0","1.0","1.0","1.0","1.0","1.0","1.0","1.0","1.0","1.0","1.0","1.0","1.0","1.0","1.0","1.0","1.0","1.0","1.0","1.0","1.0","1.0","1.0","1.0","1.0","1.0","1.0","1.0","1.0","1.0","1.0","1.0","1.0","1.0","1.0","1.0","1.0","1.0","1.0","1.0","0","0"
"WSPy-TypeHintsInference","mimesis.exceptions","1590998573739996002","1568","600506327865","0.9545454545454546","6","123","3","78","0.9545454545454546","0.9545454545454546","0.9545454545454546","0.9545454545454546","0.9545454545454546","0.9545454545454546","0.9545454545454546","0.9545454545454546","0.9545454545454546","0.9545454545454546","0.9545454545454546","0.9545454545454546","0.9545454545454546","0.9545454545454546","0.9545454545454546","0.9545454545454546","0.9545454545454546","0.9545454545454546","0.9545454545454546","0.9545454545454546","0.9545454545454546","0.9545454545454546","0.9545454545454546","0.9545454545454546","0.9545454545454546","0.9545454545454546","0.9545454545454546","0.9545454545454546","0.9545454545454546","0.9545454545454546","0.9545454545454546","0.9545454545454546","0.9545454545454546","0.9545454545454546","0.9545454545454546","0.9545454545454546","0.9545454545454546","0.9545454545454546","0.9545454545454546","0.9545454545454546","0.9545454545454546","0.9545454545454546","0.9545454545454546","0.9545454545454546","0.9545454545454546","0.9545454545454546","0.9545454545454546","0.9545454545454546","0.9545454545454546","0.9545454545454546","0.9545454545454546","0.9545454545454546","0.9545454545454546","0.9545454545454546","0.9545454545454546","0.9545454545454546","0.9545454545454546","0.9545454545454546","0.9545454545454546","0.9545454545454546","0.9545454545454546","0.9545454545454546","0.9545454545454546","0.9545454545454546","0.9545454545454546","0.9545454545454546","0.9545454545454546","0.9545454545454546","0.9545454545454546","0.9545454545454546","0.9545454545454546","0.9545454545454546","0.9545454545454546","0.9545454545454546","0.9545454545454546","0.9545454545454546","0.9545454545454546","0.9545454545454546","0.9545454545454546","0.9545454545454546","0.9545454545454546","0.9545454545454546","0.9545454545454546","0.9545454545454546","0.9545454545454546","0.9545454545454546","0.9545454545454546","0.9545454545454546","0.9545454545454546","0.9545454545454546","0.9545454545454546","0.9545454545454546","0.9545454545454546","0.9545454545454546","0.9545454545454546","0.9545454545454546","0.9545454545454546","0.9545454545454546","0.9545454545454546","0.9545454545454546","0.9545454545454546","0.9545454545454546","0.9545454545454546","0.9545454545454546","0.9545454545454546","0.9545454545454546","0.9545454545454546","0.9545454545454546","0.9545454545454546","0.9545454545454546","0.9545454545454546","0.9545454545454546","0.9545454545454546","0.9545454545454546","0.9545454545454546","0.9545454545454546","0.9545454545454546","0.9545454545454546","0.9545454545454546","0.9545454545454546","0.9545454545454546","0.9545454545454546","0.9545454545454546","0.9545454545454546","0.9545454545454546","0.9545454545454546","0.9545454545454546","0.9545454545454546","0.9545454545454546","0.9545454545454546","0.9545454545454546","0.9545454545454546","0.9545454545454546","0.9545454545454546","0.9545454545454546","0.9545454545454546","0.9545454545454546","0.9545454545454546","0.9545454545454546","0.9545454545454546","0.9545454545454546","0.9545454545454546","0.9545454545454546","0.9545454545454546","0.9545454545454546","0.9545454545454546","0.9545454545454546","0.9545454545454546","0.9545454545454546","0.9545454545454546","0.9545454545454546","0.9545454545454546","0.9545454545454546","0.9545454545454546","0.9545454545454546","0.9545454545454546","0.9545454545454546","0.9545454545454546","0.9545454545454546","0.9545454545454546","0.9545454545454546","0.9545454545454546","0.9545454545454546","0.9545454545454546","0.9545454545454546","0.9545454545454546","0.9545454545454546","0.9545454545454546","0.9545454545454546","0.9545454545454546","0.9545454545454546","0.9545454545454546","0.9545454545454546","0.9545454545454546","0.9545454545454546","0.9545454545454546","0.9545454545454546","0.9545454545454546","0.9545454545454546","0.9545454545454546","0.9545454545454546","0.9545454545454546","0.9545454545454546","0.9545454545454546","0.9545454545454546","0.9545454545454546","0.9545454545454546","0.9545454545454546","0.9545454545454546","0.9545454545454546","0.9545454545454546","0.9545454545454546","0.9545454545454546","0.9545454545454546","0.9545454545454546","0.9545454545454546","0.9545454545454546","0.9545454545454546","0.9545454545454546","0.9545454545454546","0.9545454545454546","0.9545454545454546","0.9545454545454546","0.9545454545454546","0.9545454545454546","0.9545454545454546","0.9545454545454546","0.9545454545454546","0.9545454545454546","0.9545454545454546","0.9545454545454546","0.9545454545454546","0.9545454545454546","0.9545454545454546","0.9545454545454546","0.9545454545454546","0.9545454545454546","0.9545454545454546","0.9545454545454546","0.9545454545454546","0.9545454545454546","0.9545454545454546","0.9545454545454546","0.9545454545454546","0.9545454545454546","0.9545454545454546","0.9545454545454546","0.9545454545454546","0.9545454545454546","0.9545454545454546","0.9545454545454546","0.9545454545454546","0.9545454545454546","0.9545454545454546","0.9545454545454546","0.9545454545454546","0.9545454545454546","0.9545454545454546","0.9545454545454546","0.9545454545454546","0.9545454545454546","0.9545454545454546","0.9545454545454546","0.9545454545454546","0.9545454545454546","0.9545454545454546","0.9545454545454546","0.9545454545454546","0.9545454545454546","0.9545454545454546","0.9545454545454546","0.9545454545454546","0.9545454545454546","0.9545454545454546","0.9545454545454546","0.9545454545454546","0.9545454545454546","0.9545454545454546","0.9545454545454546","0.9545454545454546","0.9545454545454546","0.9545454545454546","0.9545454545454546","0.9545454545454546","0.9545454545454546","0.9545454545454546","0.9545454545454546","0.9545454545454546","0.9545454545454546","0.9545454545454546","0.9545454545454546","0.9545454545454546","0.9545454545454546","0.9545454545454546","0.9545454545454546","0.9545454545454546","0.9545454545454546","0.9545454545454546","0.9545454545454546","0.9545454545454546","0.9545454545454546","0.9545454545454546","0.9545454545454546","0.9545454545454546","0.9545454545454546","0.9545454545454546","0.9545454545454546","0.9545454545454546","0.9545454545454546","0.9545454545454546","0.9545454545454546","0.9545454545454546","0.9545454545454546","0.9545454545454546","0.9545454545454546","0.9545454545454546","0.9545454545454546","0.9545454545454546","0.9545454545454546","0.9545454545454546","0.9545454545454546","0.9545454545454546","0.9545454545454546","0.9545454545454546","0.9545454545454546","0.9545454545454546","0.9545454545454546","0.9545454545454546","0.9545454545454546","0.9545454545454546","0.9545454545454546","0.9545454545454546","0.9545454545454546","0.9545454545454546","0.9545454545454546","0.9545454545454546","0.9545454545454546","0.9545454545454546","0.9545454545454546","0.9545454545454546","0.9545454545454546","0.9545454545454546","0.9545454545454546","0.9545454545454546","0.9545454545454546","0.9545454545454546","0.9545454545454546","0.9545454545454546","0.9545454545454546","0.9545454545454546","0.9545454545454546","0.9545454545454546","0.9545454545454546","0.9545454545454546","0.9545454545454546","0.9545454545454546","0.9545454545454546","0.9545454545454546","0.9545454545454546","0.9545454545454546","0.9545454545454546","0.9545454545454546","0.9545454545454546","0.9545454545454546","0.9545454545454546","0.9545454545454546","0.9545454545454546","0.9545454545454546","0.9545454545454546","0.9545454545454546","0.9545454545454546","0.9545454545454546","0.9545454545454546","0.9545454545454546","0.9545454545454546","0.9545454545454546","0.9545454545454546","0.9545454545454546","0.9545454545454546","0.9545454545454546","0.9545454545454546","0.9545454545454546","0.9545454545454546","0.9545454545454546","0.9545454545454546","0.9545454545454546","0.9545454545454546","0.9545454545454546","0.9545454545454546","0.9545454545454546","0.9545454545454546","0.9545454545454546","0.9545454545454546","0.9545454545454546","0.9545454545454546","0.9545454545454546","0.9545454545454546","0.9545454545454546","0.9545454545454546","0.9545454545454546","0.9545454545454546","0.9545454545454546","0.9545454545454546","0.9545454545454546","0.9545454545454546","0.9545454545454546","0.9545454545454546","0.9545454545454546","0.9545454545454546","0.9545454545454546","0.9545454545454546","0.9545454545454546","0.9545454545454546","0.9545454545454546","0.9545454545454546","0.9545454545454546","0.9545454545454546","0.9545454545454546","0.9545454545454546","0.9545454545454546","0.9545454545454546","0.9545454545454546","0.9545454545454546","0.9545454545454546","0.9545454545454546","0.9545454545454546","0.9545454545454546","0.9545454545454546","0.9545454545454546","0.9545454545454546","0.9545454545454546","0.9545454545454546","0.9545454545454546","0.9545454545454546","0.9545454545454546","0.9545454545454546","0.9545454545454546","0.9545454545454546","0.9545454545454546","0.9545454545454546","0.9545454545454546","0.9545454545454546","0.9545454545454546","0.9545454545454546","0.9545454545454546","0.9545454545454546","0.9545454545454546","0.9545454545454546","0.9545454545454546","0.9545454545454546","0.9545454545454546","0.9545454545454546","0.9545454545454546","0.9545454545454546","0.9545454545454546","0.9545454545454546","0.9545454545454546","0.9545454545454546","0.9545454545454546","0.9545454545454546","0.9545454545454546","0.9545454545454546","0.9545454545454546","0.9545454545454546","0.9545454545454546","0.9545454545454546","0.9545454545454546","0.9545454545454546","0.9545454545454546","0.9545454545454546","0.9545454545454546","0.9545454545454546","0.9545454545454546","0.9545454545454546","0.9545454545454546","0.9545454545454546","0.9545454545454546","0.9545454545454546","0.9545454545454546","0.9545454545454546","0.9545454545454546","0.9545454545454546","0.9545454545454546","0.9545454545454546","0.9545454545454546","0.9545454545454546","0.9545454545454546","0.9545454545454546","0.9545454545454546","0.9545454545454546","0.9545454545454546","0.9545454545454546","0.9545454545454546","0.9545454545454546","0.9545454545454546","0.9545454545454546","0.9545454545454546","0.9545454545454546","0.9545454545454546","0.9545454545454546","0.9545454545454546","0.9545454545454546","0.9545454545454546","0.9545454545454546","0.9545454545454546","0.9545454545454546","0.9545454545454546","0.9545454545454546","0.9545454545454546","0.9545454545454546","0.9545454545454546","0.9545454545454546","0.9545454545454546","0.9545454545454546","0.9545454545454546","0.9545454545454546","0.9545454545454546","0.9545454545454546","0.9545454545454546","0.9545454545454546","0.9545454545454546","0.9545454545454546","0.9545454545454546","0.9545454545454546","0.9545454545454546","0.9545454545454546","0.9545454545454546","0.9545454545454546","0.9545454545454546","0.9545454545454546","0.9545454545454546","0.9545454545454546","0.9545454545454546","0.9545454545454546","0.9545454545454546","0.9545454545454546","0.9545454545454546","0.9545454545454546","0.9545454545454546","0.9545454545454546","0.9545454545454546","0.9545454545454546","0.9545454545454546","0.9545454545454546","0.9545454545454546","0.9545454545454546","0.9545454545454546","0.9545454545454546","0.9545454545454546","0.9545454545454546","0.9545454545454546","0.9545454545454546","0.9545454545454546","0.9545454545454546","0.9545454545454546","0.9545454545454546","0.9545454545454546","0.9545454545454546","0.9545454545454546","0.9545454545454546","0.9545454545454546","0.9545454545454546","0.9545454545454546","0.9545454545454546","0.9545454545454546","0.9545454545454546","0.9545454545454546","0.9545454545454546","0.9545454545454546","0.9545454545454546","0.9545454545454546","0.9545454545454546","0.9545454545454546","0.9545454545454546","0.9545454545454546","0.9545454545454546","0.9545454545454546","0.9545454545454546","0.9545454545454546","0.9545454545454546","0.9545454545454546","0.9545454545454546","0.9545454545454546","0.9545454545454546","0.9545454545454546","0.9545454545454546","0.9545454545454546","0.9545454545454546","0.9545454545454546","0.9545454545454546","0.9545454545454546","0.9545454545454546","0.9545454545454546","0.9545454545454546","0.9545454545454546","0.9545454545454546","0.9545454545454546","0.9545454545454546","0.9545454545454546","0.9545454545454546","0.9545454545454546","0.9545454545454546","0.9545454545454546","0.9545454545454546","0.9545454545454546","0.9545454545454546","0.9545454545454546","0.9545454545454546","0.9545454545454546","0.9545454545454546","0.9545454545454546","0.9545454545454546","0.9545454545454546","0.9545454545454546","0.9545454545454546","0.9545454545454546","0.9545454545454546","0.9545454545454546","0.9545454545454546","0.9545454545454546","3","45"
"RandooPy-TypeHintsInference","mimesis.providers.food","1590998423693357738","25","2190269812","1.0","19","321","1","2","0.9","1.0","1.0","1.0","1.0","1.0","1.0","1.0","1.0","1.0","1.0","1.0","1.0","1.0","1.0","1.0","1.0","1.0","1.0","1.0","1.0","1.0","1.0","1.0","1.0","1.0","1.0","1.0","1.0","1.0","1.0","1.0","1.0","1.0","1.0","1.0","1.0","1.0","1.0","1.0","1.0","1.0","1.0","1.0","1.0","1.0","1.0","1.0","1.0","1.0","1.0","1.0","1.0","1.0","1.0","1.0","1.0","1.0","1.0","1.0","1.0","1.0","1.0","1.0","1.0","1.0","1.0","1.0","1.0","1.0","1.0","1.0","1.0","1.0","1.0","1.0","1.0","1.0","1.0","1.0","1.0","1.0","1.0","1.0","1.0","1.0","1.0","1.0","1.0","1.0","1.0","1.0","1.0","1.0","1.0","1.0","1.0","1.0","1.0","1.0","1.0","1.0","1.0","1.0","1.0","1.0","1.0","1.0","1.0","1.0","1.0","1.0","1.0","1.0","1.0","1.0","1.0","1.0","1.0","1.0","1.0","1.0","1.0","1.0","1.0","1.0","1.0","1.0","1.0","1.0","1.0","1.0","1.0","1.0","1.0","1.0","1.0","1.0","1.0","1.0","1.0","1.0","1.0","1.0","1.0","1.0","1.0","1.0","1.0","1.0","1.0","1.0","1.0","1.0","1.0","1.0","1.0","1.0","1.0","1.0","1.0","1.0","1.0","1.0","1.0","1.0","1.0","1.0","1.0","1.0","1.0","1.0","1.0","1.0","1.0","1.0","1.0","1.0","1.0","1.0","1.0","1.0","1.0","1.0","1.0","1.0","1.0","1.0","1.0","1.0","1.0","1.0","1.0","1.0","1.0","1.0","1.0","1.0","1.0","1.0","1.0","1.0","1.0","1.0","1.0","1.0","1.0","1.0","1.0","1.0","1.0","1.0","1.0","1.0","1.0","1.0","1.0","1.0","1.0","1.0","1.0","1.0","1.0","1.0","1.0","1.0","1.0","1.0","1.0","1.0","1.0","1.0","1.0","1.0","1.0","1.0","1.0","1.0","1.0","1.0","1.0","1.0","1.0","1.0","1.0","1.0","1.0","1.0","1.0","1.0","1.0","1.0","1.0","1.0","1.0","1.0","1.0","1.0","1.0","1.0","1.0","1.0","1.0","1.0","1.0","1.0","1.0","1.0","1.0","1.0","1.0","1.0","1.0","1.0","1.0","1.0","1.0","1.0","1.0","1.0","1.0","1.0","1.0","1.0","1.0","1.0","1.0","1.0","1.0","1.0","1.0","1.0","1.0","1.0","1.0","1.0","1.0","1.0","1.0","1.0","1.0","1.0","1.0","1.0","1.0","1.0","1.0","1.0","1.0","1.0","1.0","1.0","1.0","1.0","1.0","1.0","1.0","1.0","1.0","1.0","1.0","1.0","1.0","1.0","1.0","1.0","1.0","1.0","1.0","1.0","1.0","1.0","1.0","1.0","1.0","1.0","1.0","1.0","1.0","1.0","1.0","1.0","1.0","1.0","1.0","1.0","1.0","1.0","1.0","1.0","1.0","1.0","1.0","1.0","1.0","1.0","1.0","1.0","1.0","1.0","1.0","1.0","1.0","1.0","1.0","1.0","1.0","1.0","1.0","1.0","1.0","1.0","1.0","1.0","1.0","1.0","1.0","1.0","1.0","1.0","1.0","1.0","1.0","1.0","1.0","1.0","1.0","1.0","1.0","1.0","1.0","1.0","1.0","1.0","1.0","1.0","1.0","1.0","1.0","1.0","1.0","1.0","1.0","1.0","1.0","1.0","1.0","1.0","1.0","1.0","1.0","1.0","1.0","1.0","1.0","1.0","1.0","1.0","1.0","1.0","1.0","1.0","1.0","1.0","1.0","1.0","1.0","1.0","1.0","1.0","1.0","1.0","1.0","1.0","1.0","1.0","1.0","1.0","1.0","1.0","1.0","1.0","1.0","1.0","1.0","1.0","1.0","1.0","1.0","1.0","1.0","1.0","1.0","1.0","1.0","1.0","1.0","1.0","1.0","1.0","1.0","1.0","1.0","1.0","1.0","1.0","1.0","1.0","1.0","1.0","1.0","1.0","1.0","1.0","1.0","1.0","1.0","1.0","1.0","1.0","1.0","1.0","1.0","1.0","1.0","1.0","1.0","1.0","1.0","1.0","1.0","1.0","1.0","1.0","1.0","1.0","1.0","1.0","1.0","1.0","1.0","1.0","1.0","1.0","1.0","1.0","1.0","1.0","1.0","1.0","1.0","1.0","1.0","1.0","1.0","1.0","1.0","1.0","1.0","1.0","1.0","1.0","1.0","1.0","1.0","1.0","1.0","1.0","1.0","1.0","1.0","1.0","1.0","1.0","1.0","1.0","1.0","1.0","1.0","1.0","1.0","1.0","1.0","1.0","1.0","1.0","1.0","1.0","1.0","1.0","1.0","1.0","1.0","1.0","1.0","1.0","1.0","1.0","1.0","1.0","1.0","1.0","1.0","1.0","1.0","1.0","1.0","1.0","1.0","1.0","1.0","1.0","1.0","1.0","1.0","1.0","1.0","1.0","1.0","1.0","1.0","1.0","1.0","1.0","1.0","1.0","1.0","1.0","1.0","1.0","1.0","1.0","1.0","1.0","1.0","1.0","1.0","1.0","1.0","1.0","18","319"
"RandooPy-NoTypes","mimesis.providers.business","1590999142053931167","35","2997745158","1.0","33","464","10","134","0.7647058823529411","0.9411764705882353","1.0","1.0","1.0","1.0","1.0","1.0","1.0","1.0","1.0","1.0","1.0","1.0","1.0","1.0","1.0","1.0","1.0","1.0","1.0","1.0","1.0","1.0","1.0","1.0","1.0","1.0","1.0","1.0","1.0","1.0","1.0","1.0","1.0","1.0","1.0","1.0","1.0","1.0","1.0","1.0","1.0","1.0","1.0","1.0","1.0","1.0","1.0","1.0","1.0","1.0","1.0","1.0","1.0","1.0","1.0","1.0","1.0","1.0","1.0","1.0","1.0","1.0","1.0","1.0","1.0","1.0","1.0","1.0","1.0","1.0","1.0","1.0","1.0","1.0","1.0","1.0","1.0","1.0","1.0","1.0","1.0","1.0","1.0","1.0","1.0","1.0","1.0","1.0","1.0","1.0","1.0","1.0","1.0","1.0","1.0","1.0","1.0","1.0","1.0","1.0","1.0","1.0","1.0","1.0","1.0","1.0","1.0","1.0","1.0","1.0","1.0","1.0","1.0","1.0","1.0","1.0","1.0","1.0","1.0","1.0","1.0","1.0","1.0","1.0","1.0","1.0","1.0","1.0","1.0","1.0","1.0","1.0","1.0","1.0","1.0","1.0","1.0","1.0","1.0","1.0","1.0","1.0","1.0","1.0","1.0","1.0","1.0","1.0","1.0","1.0","1.0","1.0","1.0","1.0","1.0","1.0","1.0","1.0","1.0","1.0","1.0","1.0","1.0","1.0","1.0","1.0","1.0","1.0","1.0","1.0","1.0","1.0","1.0","1.0","1.0","1.0","1.0","1.0","1.0","1.0","1.0","1.0","1.0","1.0","1.0","1.0","1.0","1.0","1.0","1.0","1.0","1.0","1.0","1.0","1.0","1.0","1.0","1.0","1.0","1.0","1.0","1.0","1.0","1.0","1.0","1.0","1.0","1.0","1.0","1.0","1.0","1.0","1.0","1.0","1.0","1.0","1.0","1.0","1.0","1.0","1.0","1.0","1.0","1.0","1.0","1.0","1.0","1.0","1.0","1.0","1.0","1.0","1.0","1.0","1.0","1.0","1.0","1.0","1.0","1.0","1.0","1.0","1.0","1.0","1.0","1.0","1.0","1.0","1.0","1.0","1.0","1.0","1.0","1.0","1.0","1.0","1.0","1.0","1.0","1.0","1.0","1.0","1.0","1.0","1.0","1.0","1.0","1.0","1.0","1.0","1.0","1.0","1.0","1.0","1.0","1.0","1.0","1.0","1.0","1.0","1.0","1.0","1.0","1.0","1.0","1.0","1.0","1.0","1.0","1.0","1.0","1.0","1.0","1.0","1.0","1.0","1.0","1.0","1.0","1.0","1.0","1.0","1.0","1.0","1.0","1.0","1.0","1.0","1.0","1.0","1.0","1.0","1.0","1.0","1.0","1.0","1.0","1.0","1.0","1.0","1.0","1.0","1.0","1.0","1.0","1.0","1.0","1.0","1.0","1.0","1.0","1.0","1.0","1.0","1.0","1.0","1.0","1.0","1.0","1.0","1.0","1.0","1.0","1.0","1.0","1.0","1.0","1.0","1.0","1.0","1.0","1.0","1.0","1.0","1.0","1.0","1.0","1.0","1.0","1.0","1.0","1.0","1.0","1.0","1.0","1.0","1.0","1.0","1.0","1.0","1.0","1.0","1.0","1.0","1.0","1.0","1.0","1.0","1.0","1.0","1.0","1.0","1.0","1.0","1.0","1.0","1.0","1.0","1.0","1.0","1.0","1.0","1.0","1.0","1.0","1.0","1.0","1.0","1.0","1.0","1.0","1.0","1.0","1.0","1.0","1.0","1.0","1.0","1.0","1.0","1.0","1.0","1.0","1.0","1.0","1.0","1.0","1.0","1.0","1.0","1.0","1.0","1.0","1.0","1.0","1.0","1.0","1.0","1.0","1.0","1.0","1.0","1.0","1.0","1.0","1.0","1.0","1.0","1.0","1.0","1.0","1.0","1.0","1.0","1.0","1.0","1.0","1.0","1.0","1.0","1.0","1.0","1.0","1.0","1.0","1.0","1.0","1.0","1.0","1.0","1.0","1.0","1.0","1.0","1.0","1.0","1.0","1.0","1.0","1.0","1.0","1.0","1.0","1.0","1.0","1.0","1.0","1.0","1.0","1.0","1.0","1.0","1.0","1.0","1.0","1.0","1.0","1.0","1.0","1.0","1.0","1.0","1.0","1.0","1.0","1.0","1.0","1.0","1.0","1.0","1.0","1.0","1.0","1.0","1.0","1.0","1.0","1.0","1.0","1.0","1.0","1.0","1.0","1.0","1.0","1.0","1.0","1.0","1.0","1.0","1.0","1.0","1.0","1.0","1.0","1.0","1.0","1.0","1.0","1.0","1.0","1.0","1.0","1.0","1.0","1.0","1.0","1.0","1.0","1.0","1.0","1.0","1.0","1.0","1.0","1.0","1.0","1.0","1.0","1.0","1.0","1.0","1.0","1.0","1.0","1.0","1.0","1.0","1.0","1.0","1.0","1.0","1.0","1.0","1.0","1.0","1.0","1.0","1.0","1.0","1.0","1.0","1.0","1.0","1.0","1.0","1.0","1.0","1.0","1.0","1.0","1.0","1.0","1.0","1.0","1.0","1.0","1.0","1.0","1.0","1.0","1.0","1.0","1.0","1.0","1.0","1.0","1.0","23","330"
"RandooPy-TypeHintsInference","mimesis.builtins.en","1590998510129169642","396","608349935840","0.7692307692307693","385","10066","108","2648","0.7692307692307693","0.7692307692307693","0.7692307692307693","0.7692307692307693","0.7692307692307693","0.7692307692307693","0.7692307692307693","0.7692307692307693","0.7692307692307693","0.7692307692307693","0.7692307692307693","0.7692307692307693","0.7692307692307693","0.7692307692307693","0.7692307692307693","0.7692307692307693","0.7692307692307693","0.7692307692307693","0.7692307692307693","0.7692307692307693","0.7692307692307693","0.7692307692307693","0.7692307692307693","0.7692307692307693","0.7692307692307693","0.7692307692307693","0.7692307692307693","0.7692307692307693","0.7692307692307693","0.7692307692307693","0.7692307692307693","0.7692307692307693","0.7692307692307693","0.7692307692307693","0.7692307692307693","0.7692307692307693","0.7692307692307693","0.7692307692307693","0.7692307692307693","0.7692307692307693","0.7692307692307693","0.7692307692307693","0.7692307692307693","0.7692307692307693","0.7692307692307693","0.7692307692307693","0.7692307692307693","0.7692307692307693","0.7692307692307693","0.7692307692307693","0.7692307692307693","0.7692307692307693","0.7692307692307693","0.7692307692307693","0.7692307692307693","0.7692307692307693","0.7692307692307693","0.7692307692307693","0.7692307692307693","0.7692307692307693","0.7692307692307693","0.7692307692307693","0.7692307692307693","0.7692307692307693","0.7692307692307693","0.7692307692307693","0.7692307692307693","0.7692307692307693","0.7692307692307693","0.7692307692307693","0.7692307692307693","0.7692307692307693","0.7692307692307693","0.7692307692307693","0.7692307692307693","0.7692307692307693","0.7692307692307693","0.7692307692307693","0.7692307692307693","0.7692307692307693","0.7692307692307693","0.7692307692307693","0.7692307692307693","0.7692307692307693","0.7692307692307693","0.7692307692307693","0.7692307692307693","0.7692307692307693","0.7692307692307693","0.7692307692307693","0.7692307692307693","0.7692307692307693","0.7692307692307693","0.7692307692307693","0.7692307692307693","0.7692307692307693","0.7692307692307693","0.7692307692307693","0.7692307692307693","0.7692307692307693","0.7692307692307693","0.7692307692307693","0.7692307692307693","0.7692307692307693","0.7692307692307693","0.7692307692307693","0.7692307692307693","0.7692307692307693","0.7692307692307693","0.7692307692307693","0.7692307692307693","0.7692307692307693","0.7692307692307693","0.7692307692307693","0.7692307692307693","0.7692307692307693","0.7692307692307693","0.7692307692307693","0.7692307692307693","0.7692307692307693","0.7692307692307693","0.7692307692307693","0.7692307692307693","0.7692307692307693","0.7692307692307693","0.7692307692307693","0.7692307692307693","0.7692307692307693","0.7692307692307693","0.7692307692307693","0.7692307692307693","0.7692307692307693","0.7692307692307693","0.7692307692307693","0.7692307692307693","0.7692307692307693","0.7692307692307693","0.7692307692307693","0.7692307692307693","0.7692307692307693","0.7692307692307693","0.7692307692307693","0.7692307692307693","0.7692307692307693","0.7692307692307693","0.7692307692307693","0.7692307692307693","0.7692307692307693","0.7692307692307693","0.7692307692307693","0.7692307692307693","0.7692307692307693","0.7692307692307693","0.7692307692307693","0.7692307692307693","0.7692307692307693","0.7692307692307693","0.7692307692307693","0.7692307692307693","0.7692307692307693","0.7692307692307693","0.7692307692307693","0.7692307692307693","0.7692307692307693","0.7692307692307693","0.7692307692307693","0.7692307692307693","0.7692307692307693","0.7692307692307693","0.7692307692307693","0.7692307692307693","0.7692307692307693","0.7692307692307693","0.7692307692307693","0.7692307692307693","0.7692307692307693","0.7692307692307693","0.7692307692307693","0.7692307692307693","0.7692307692307693","0.7692307692307693","0.7692307692307693","0.7692307692307693","0.7692307692307693","0.7692307692307693","0.7692307692307693","0.7692307692307693","0.7692307692307693","0.7692307692307693","0.7692307692307693","0.7692307692307693","0.7692307692307693","0.7692307692307693","0.7692307692307693","0.7692307692307693","0.7692307692307693","0.7692307692307693","0.7692307692307693","0.7692307692307693","0.7692307692307693","0.7692307692307693","0.7692307692307693","0.7692307692307693","0.7692307692307693","0.7692307692307693","0.7692307692307693","0.7692307692307693","0.7692307692307693","0.7692307692307693","0.7692307692307693","0.7692307692307693","0.7692307692307693","0.7692307692307693","0.7692307692307693","0.7692307692307693","0.7692307692307693","0.7692307692307693","0.7692307692307693","0.7692307692307693","0.7692307692307693","0.7692307692307693","0.7692307692307693","0.7692307692307693","0.7692307692307693","0.7692307692307693","0.7692307692307693","0.7692307692307693","0.7692307692307693","0.7692307692307693","0.7692307692307693","0.7692307692307693","0.7692307692307693","0.7692307692307693","0.7692307692307693","0.7692307692307693","0.7692307692307693","0.7692307692307693","0.7692307692307693","0.7692307692307693","0.7692307692307693","0.7692307692307693","0.7692307692307693","0.7692307692307693","0.7692307692307693","0.7692307692307693","0.7692307692307693","0.7692307692307693","0.7692307692307693","0.7692307692307693","0.7692307692307693","0.7692307692307693","0.7692307692307693","0.7692307692307693","0.7692307692307693","0.7692307692307693","0.7692307692307693","0.7692307692307693","0.7692307692307693","0.7692307692307693","0.7692307692307693","0.7692307692307693","0.7692307692307693","0.7692307692307693","0.7692307692307693","0.7692307692307693","0.7692307692307693","0.7692307692307693","0.7692307692307693","0.7692307692307693","0.7692307692307693","0.7692307692307693","0.7692307692307693","0.7692307692307693","0.7692307692307693","0.7692307692307693","0.7692307692307693","0.7692307692307693","0.7692307692307693","0.7692307692307693","0.7692307692307693","0.7692307692307693","0.7692307692307693","0.7692307692307693","0.7692307692307693","0.7692307692307693","0.7692307692307693","0.7692307692307693","0.7692307692307693","0.7692307692307693","0.7692307692307693","0.7692307692307693","0.7692307692307693","0.7692307692307693","0.7692307692307693","0.7692307692307693","0.7692307692307693","0.7692307692307693","0.7692307692307693","0.7692307692307693","0.7692307692307693","0.7692307692307693","0.7692307692307693","0.7692307692307693","0.7692307692307693","0.7692307692307693","0.7692307692307693","0.7692307692307693","0.7692307692307693","0.7692307692307693","0.7692307692307693","0.7692307692307693","0.7692307692307693","0.7692307692307693","0.7692307692307693","0.7692307692307693","0.7692307692307693","0.7692307692307693","0.7692307692307693","0.7692307692307693","0.7692307692307693","0.7692307692307693","0.7692307692307693","0.7692307692307693","0.7692307692307693","0.7692307692307693","0.7692307692307693","0.7692307692307693","0.7692307692307693","0.7692307692307693","0.7692307692307693","0.7692307692307693","0.7692307692307693","0.7692307692307693","0.7692307692307693","0.7692307692307693","0.7692307692307693","0.7692307692307693","0.7692307692307693","0.7692307692307693","0.7692307692307693","0.7692307692307693","0.7692307692307693","0.7692307692307693","0.7692307692307693","0.7692307692307693","0.7692307692307693","0.7692307692307693","0.7692307692307693","0.7692307692307693","0.7692307692307693","0.7692307692307693","0.7692307692307693","0.7692307692307693","0.7692307692307693","0.7692307692307693","0.7692307692307693","0.7692307692307693","0.7692307692307693","0.7692307692307693","0.7692307692307693","0.7692307692307693","0.7692307692307693","0.7692307692307693","0.7692307692307693","0.7692307692307693","0.7692307692307693","0.7692307692307693","0.7692307692307693","0.7692307692307693","0.7692307692307693","0.7692307692307693","0.7692307692307693","0.7692307692307693","0.7692307692307693","0.7692307692307693","0.7692307692307693","0.7692307692307693","0.7692307692307693","0.7692307692307693","0.7692307692307693","0.7692307692307693","0.7692307692307693","0.7692307692307693","0.7692307692307693","0.7692307692307693","0.7692307692307693","0.7692307692307693","0.7692307692307693","0.7692307692307693","0.7692307692307693","0.7692307692307693","0.7692307692307693","0.7692307692307693","0.7692307692307693","0.7692307692307693","0.7692307692307693","0.7692307692307693","0.7692307692307693","0.7692307692307693","0.7692307692307693","0.7692307692307693","0.7692307692307693","0.7692307692307693","0.7692307692307693","0.7692307692307693","0.7692307692307693","0.7692307692307693","0.7692307692307693","0.7692307692307693","0.7692307692307693","0.7692307692307693","0.7692307692307693","0.7692307692307693","0.7692307692307693","0.7692307692307693","0.7692307692307693","0.7692307692307693","0.7692307692307693","0.7692307692307693","0.7692307692307693","0.7692307692307693","0.7692307692307693","0.7692307692307693","0.7692307692307693","0.7692307692307693","0.7692307692307693","0.7692307692307693","0.7692307692307693","0.7692307692307693","0.7692307692307693","0.7692307692307693","0.7692307692307693","0.7692307692307693","0.7692307692307693","0.7692307692307693","0.7692307692307693","0.7692307692307693","0.7692307692307693","0.7692307692307693","0.7692307692307693","0.7692307692307693","0.7692307692307693","0.7692307692307693","0.7692307692307693","0.7692307692307693","0.7692307692307693","0.7692307692307693","0.7692307692307693","0.7692307692307693","0.7692307692307693","0.7692307692307693","0.7692307692307693","0.7692307692307693","0.7692307692307693","0.7692307692307693","0.7692307692307693","0.7692307692307693","0.7692307692307693","0.7692307692307693","0.7692307692307693","0.7692307692307693","0.7692307692307693","0.7692307692307693","0.7692307692307693","0.7692307692307693","0.7692307692307693","0.7692307692307693","0.7692307692307693","0.7692307692307693","0.7692307692307693","0.7692307692307693","0.7692307692307693","0.7692307692307693","0.7692307692307693","0.7692307692307693","0.7692307692307693","0.7692307692307693","0.7692307692307693","0.7692307692307693","0.7692307692307693","0.7692307692307693","0.7692307692307693","0.7692307692307693","0.7692307692307693","0.7692307692307693","0.7692307692307693","0.7692307692307693","0.7692307692307693","0.7692307692307693","0.7692307692307693","0.7692307692307693","0.7692307692307693","0.7692307692307693","0.7692307692307693","0.7692307692307693","0.7692307692307693","0.7692307692307693","0.7692307692307693","0.7692307692307693","0.7692307692307693","0.7692307692307693","0.7692307692307693","0.7692307692307693","0.7692307692307693","0.7692307692307693","0.7692307692307693","0.7692307692307693","0.7692307692307693","0.7692307692307693","0.7692307692307693","0.7692307692307693","0.7692307692307693","0.7692307692307693","0.7692307692307693","0.7692307692307693","0.7692307692307693","0.7692307692307693","0.7692307692307693","0.7692307692307693","0.7692307692307693","0.7692307692307693","0.7692307692307693","0.7692307692307693","0.7692307692307693","0.7692307692307693","0.7692307692307693","0.7692307692307693","0.7692307692307693","0.7692307692307693","0.7692307692307693","0.7692307692307693","0.7692307692307693","0.7692307692307693","0.7692307692307693","0.7692307692307693","0.7692307692307693","0.7692307692307693","0.7692307692307693","0.7692307692307693","0.7692307692307693","0.7692307692307693","0.7692307692307693","0.7692307692307693","0.7692307692307693","0.7692307692307693","0.7692307692307693","0.7692307692307693","0.7692307692307693","0.7692307692307693","0.7692307692307693","0.7692307692307693","0.7692307692307693","0.7692307692307693","0.7692307692307693","0.7692307692307693","0.7692307692307693","0.7692307692307693","0.7692307692307693","0.7692307692307693","0.7692307692307693","0.7692307692307693","0.7692307692307693","0.7692307692307693","0.7692307692307693","0.7692307692307693","0.7692307692307693","0.7692307692307693","0.7692307692307693","0.7692307692307693","0.7692307692307693","0.7692307692307693","0.7692307692307693","0.7692307692307693","0.7692307692307693","0.7692307692307693","0.7692307692307693","0.7692307692307693","0.7692307692307693","0.7692307692307693","0.7692307692307693","0.7692307692307693","0.7692307692307693","0.7692307692307693","0.7692307692307693","0.7692307692307693","0.7692307692307693","0.7692307692307693","0.7692307692307693","0.7692307692307693","0.7692307692307693","0.7692307692307693","0.7692307692307693","0.7692307692307693","0.7692307692307693","0.7692307692307693","0.7692307692307693","0.7692307692307693","0.7692307692307693","0.7692307692307693","0.7692307692307693","277","7418"
"RandooPy-TypeHintsInference","mimesis.exceptions","1590998448947457204","431","607307512492","0.9545454545454546","411","10281","38","823","0.7727272727272727","0.8636363636363636","0.8636363636363636","0.8636363636363636","0.8636363636363636","0.9545454545454546","0.9545454545454546","0.9545454545454546","0.9545454545454546","0.9545454545454546","0.9545454545454546","0.9545454545454546","0.9545454545454546","0.9545454545454546","0.9545454545454546","0.9545454545454546","0.9545454545454546","0.9545454545454546","0.9545454545454546","0.9545454545454546","0.9545454545454546","0.9545454545454546","0.9545454545454546","0.9545454545454546","0.9545454545454546","0.9545454545454546","0.9545454545454546","0.9545454545454546","0.9545454545454546","0.9545454545454546","0.9545454545454546","0.9545454545454546","0.9545454545454546","0.9545454545454546","0.9545454545454546","0.9545454545454546","0.9545454545454546","0.9545454545454546","0.9545454545454546","0.9545454545454546","0.9545454545454546","0.9545454545454546","0.9545454545454546","0.9545454545454546","0.9545454545454546","0.9545454545454546","0.9545454545454546","0.9545454545454546","0.9545454545454546","0.9545454545454546","0.9545454545454546","0.9545454545454546","0.9545454545454546","0.9545454545454546","0.9545454545454546","0.9545454545454546","0.9545454545454546","0.9545454545454546","0.9545454545454546","0.9545454545454546","0.9545454545454546","0.9545454545454546","0.9545454545454546","0.9545454545454546","0.9545454545454546","0.9545454545454546","0.9545454545454546","0.9545454545454546","0.9545454545454546","0.9545454545454546","0.9545454545454546","0.9545454545454546","0.9545454545454546","0.9545454545454546","0.9545454545454546","0.9545454545454546","0.9545454545454546","0.9545454545454546","0.9545454545454546","0.9545454545454546","0.9545454545454546","0.9545454545454546","0.9545454545454546","0.9545454545454546","0.9545454545454546","0.9545454545454546","0.9545454545454546","0.9545454545454546","0.9545454545454546","0.9545454545454546","0.9545454545454546","0.9545454545454546","0.9545454545454546","0.9545454545454546","0.9545454545454546","0.9545454545454546","0.9545454545454546","0.9545454545454546","0.9545454545454546","0.9545454545454546","0.9545454545454546","0.9545454545454546","0.9545454545454546","0.9545454545454546","0.9545454545454546","0.9545454545454546","0.9545454545454546","0.9545454545454546","0.9545454545454546","0.9545454545454546","0.9545454545454546","0.9545454545454546","0.9545454545454546","0.9545454545454546","0.9545454545454546","0.9545454545454546","0.9545454545454546","0.9545454545454546","0.9545454545454546","0.9545454545454546","0.9545454545454546","0.9545454545454546","0.9545454545454546","0.9545454545454546","0.9545454545454546","0.9545454545454546","0.9545454545454546","0.9545454545454546","0.9545454545454546","0.9545454545454546","0.9545454545454546","0.9545454545454546","0.9545454545454546","0.9545454545454546","0.9545454545454546","0.9545454545454546","0.9545454545454546","0.9545454545454546","0.9545454545454546","0.9545454545454546","0.9545454545454546","0.9545454545454546","0.9545454545454546","0.9545454545454546","0.9545454545454546","0.9545454545454546","0.9545454545454546","0.9545454545454546","0.9545454545454546","0.9545454545454546","0.9545454545454546","0.9545454545454546","0.9545454545454546","0.9545454545454546","0.9545454545454546","0.9545454545454546","0.9545454545454546","0.9545454545454546","0.9545454545454546","0.9545454545454546","0.9545454545454546","0.9545454545454546","0.9545454545454546","0.9545454545454546","0.9545454545454546","0.9545454545454546","0.9545454545454546","0.9545454545454546","0.9545454545454546","0.9545454545454546","0.9545454545454546","0.9545454545454546","0.9545454545454546","0.9545454545454546","0.9545454545454546","0.9545454545454546","0.9545454545454546","0.9545454545454546","0.9545454545454546","0.9545454545454546","0.9545454545454546","0.9545454545454546","0.9545454545454546","0.9545454545454546","0.9545454545454546","0.9545454545454546","0.9545454545454546","0.9545454545454546","0.9545454545454546","0.9545454545454546","0.9545454545454546","0.9545454545454546","0.9545454545454546","0.9545454545454546","0.9545454545454546","0.9545454545454546","0.9545454545454546","0.9545454545454546","0.9545454545454546","0.9545454545454546","0.9545454545454546","0.9545454545454546","0.9545454545454546","0.9545454545454546","0.9545454545454546","0.9545454545454546","0.9545454545454546","0.9545454545454546","0.9545454545454546","0.9545454545454546","0.9545454545454546","0.9545454545454546","0.9545454545454546","0.9545454545454546","0.9545454545454546","0.9545454545454546","0.9545454545454546","0.9545454545454546","0.9545454545454546","0.9545454545454546","0.9545454545454546","0.9545454545454546","0.9545454545454546","0.9545454545454546","0.9545454545454546","0.9545454545454546","0.9545454545454546","0.9545454545454546","0.9545454545454546","0.9545454545454546","0.9545454545454546","0.9545454545454546","0.9545454545454546","0.9545454545454546","0.9545454545454546","0.9545454545454546","0.9545454545454546","0.9545454545454546","0.9545454545454546","0.9545454545454546","0.9545454545454546","0.9545454545454546","0.9545454545454546","0.9545454545454546","0.9545454545454546","0.9545454545454546","0.9545454545454546","0.9545454545454546","0.9545454545454546","0.9545454545454546","0.9545454545454546","0.9545454545454546","0.9545454545454546","0.9545454545454546","0.9545454545454546","0.9545454545454546","0.9545454545454546","0.9545454545454546","0.9545454545454546","0.9545454545454546","0.9545454545454546","0.9545454545454546","0.9545454545454546","0.9545454545454546","0.9545454545454546","0.9545454545454546","0.9545454545454546","0.9545454545454546","0.9545454545454546","0.9545454545454546","0.9545454545454546","0.9545454545454546","0.9545454545454546","0.9545454545454546","0.9545454545454546","0.9545454545454546","0.9545454545454546","0.9545454545454546","0.9545454545454546","0.9545454545454546","0.9545454545454546","0.9545454545454546","0.9545454545454546","0.9545454545454546","0.9545454545454546","0.9545454545454546","0.9545454545454546","0.9545454545454546","0.9545454545454546","0.9545454545454546","0.9545454545454546","0.9545454545454546","0.9545454545454546","0.9545454545454546","0.9545454545454546","0.9545454545454546","0.9545454545454546","0.9545454545454546","0.9545454545454546","0.9545454545454546","0.9545454545454546","0.9545454545454546","0.9545454545454546","0.9545454545454546","0.9545454545454546","0.9545454545454546","0.9545454545454546","0.9545454545454546","0.9545454545454546","0.9545454545454546","0.9545454545454546","0.9545454545454546","0.9545454545454546","0.9545454545454546","0.9545454545454546","0.9545454545454546","0.9545454545454546","0.9545454545454546","0.9545454545454546","0.9545454545454546","0.9545454545454546","0.9545454545454546","0.9545454545454546","0.9545454545454546","0.9545454545454546","0.9545454545454546","0.9545454545454546","0.9545454545454546","0.9545454545454546","0.9545454545454546","0.9545454545454546","0.9545454545454546","0.9545454545454546","0.9545454545454546","0.9545454545454546","0.9545454545454546","0.9545454545454546","0.9545454545454546","0.9545454545454546","0.9545454545454546","0.9545454545454546","0.9545454545454546","0.9545454545454546","0.9545454545454546","0.9545454545454546","0.9545454545454546","0.9545454545454546","0.9545454545454546","0.9545454545454546","0.9545454545454546","0.9545454545454546","0.9545454545454546","0.9545454545454546","0.9545454545454546","0.9545454545454546","0.9545454545454546","0.9545454545454546","0.9545454545454546","0.9545454545454546","0.9545454545454546","0.9545454545454546","0.9545454545454546","0.9545454545454546","0.9545454545454546","0.9545454545454546","0.9545454545454546","0.9545454545454546","0.9545454545454546","0.9545454545454546","0.9545454545454546","0.9545454545454546","0.9545454545454546","0.9545454545454546","0.9545454545454546","0.9545454545454546","0.9545454545454546","0.9545454545454546","0.9545454545454546","0.9545454545454546","0.9545454545454546","0.9545454545454546","0.9545454545454546","0.9545454545454546","0.9545454545454546","0.9545454545454546","0.9545454545454546","0.9545454545454546","0.9545454545454546","0.9545454545454546","0.9545454545454546","0.9545454545454546","0.9545454545454546","0.9545454545454546","0.9545454545454546","0.9545454545454546","0.9545454545454546","0.9545454545454546","0.9545454545454546","0.9545454545454546","0.9545454545454546","0.9545454545454546","0.9545454545454546","0.9545454545454546","0.9545454545454546","0.9545454545454546","0.9545454545454546","0.9545454545454546","0.9545454545454546","0.9545454545454546","0.9545454545454546","0.9545454545454546","0.9545454545454546","0.9545454545454546","0.9545454545454546","0.9545454545454546","0.9545454545454546","0.9545454545454546","0.9545454545454546","0.9545454545454546","0.9545454545454546","0.9545454545454546","0.9545454545454546","0.9545454545454546","0.9545454545454546","0.9545454545454546","0.9545454545454546","0.9545454545454546","0.9545454545454546","0.9545454545454546","0.9545454545454546","0.9545454545454546","0.9545454545454546","0.9545454545454546","0.9545454545454546","0.9545454545454546","0.9545454545454546","0.9545454545454546","0.9545454545454546","0.9545454545454546","0.9545454545454546","0.9545454545454546","0.9545454545454546","0.9545454545454546","0.9545454545454546","0.9545454545454546","0.9545454545454546","0.9545454545454546","0.9545454545454546","0.9545454545454546","0.9545454545454546","0.9545454545454546","0.9545454545454546","0.9545454545454546","0.9545454545454546","0.9545454545454546","0.9545454545454546","0.9545454545454546","0.9545454545454546","0.9545454545454546","0.9545454545454546","0.9545454545454546","0.9545454545454546","0.9545454545454546","0.9545454545454546","0.9545454545454546","0.9545454545454546","0.9545454545454546","0.9545454545454546","0.9545454545454546","0.9545454545454546","0.9545454545454546","0.9545454545454546","0.9545454545454546","0.9545454545454546","0.9545454545454546","0.9545454545454546","0.9545454545454546","0.9545454545454546","0.9545454545454546","0.9545454545454546","0.9545454545454546","0.9545454545454546","0.9545454545454546","0.9545454545454546","0.9545454545454546","0.9545454545454546","0.9545454545454546","0.9545454545454546","0.9545454545454546","0.9545454545454546","0.9545454545454546","0.9545454545454546","0.9545454545454546","0.9545454545454546","0.9545454545454546","0.9545454545454546","0.9545454545454546","0.9545454545454546","0.9545454545454546","0.9545454545454546","0.9545454545454546","0.9545454545454546","0.9545454545454546","0.9545454545454546","0.9545454545454546","0.9545454545454546","0.9545454545454546","0.9545454545454546","0.9545454545454546","0.9545454545454546","0.9545454545454546","0.9545454545454546","0.9545454545454546","0.9545454545454546","0.9545454545454546","0.9545454545454546","0.9545454545454546","0.9545454545454546","0.9545454545454546","0.9545454545454546","0.9545454545454546","0.9545454545454546","0.9545454545454546","0.9545454545454546","0.9545454545454546","0.9545454545454546","0.9545454545454546","0.9545454545454546","0.9545454545454546","0.9545454545454546","0.9545454545454546","0.9545454545454546","0.9545454545454546","0.9545454545454546","0.9545454545454546","0.9545454545454546","0.9545454545454546","0.9545454545454546","0.9545454545454546","0.9545454545454546","0.9545454545454546","0.9545454545454546","0.9545454545454546","0.9545454545454546","0.9545454545454546","0.9545454545454546","0.9545454545454546","0.9545454545454546","0.9545454545454546","0.9545454545454546","0.9545454545454546","0.9545454545454546","0.9545454545454546","0.9545454545454546","0.9545454545454546","0.9545454545454546","0.9545454545454546","0.9545454545454546","0.9545454545454546","0.9545454545454546","0.9545454545454546","0.9545454545454546","0.9545454545454546","0.9545454545454546","0.9545454545454546","0.9545454545454546","0.9545454545454546","0.9545454545454546","0.9545454545454546","0.9545454545454546","0.9545454545454546","0.9545454545454546","0.9545454545454546","0.9545454545454546","0.9545454545454546","0.9545454545454546","0.9545454545454546","0.9545454545454546","0.9545454545454546","0.9545454545454546","0.9545454545454546","0.9545454545454546","0.9545454545454546","0.9545454545454546","0.9545454545454546","0.9545454545454546","0.9545454545454546","0.9545454545454546","0.9545454545454546","0.9545454545454546","0.9545454545454546","0.9545454545454546","0.9545454545454546","0.9545454545454546","0.9545454545454546","0.9545454545454546","0.9545454545454546","0.9545454545454546","0.9545454545454546","0.9545454545454546","373","9458"
"RandooPy-NoTypes","mimesis.decorators","1590999139515905059","392","606611416672","0.14285714285714285","389","9231","0","0","0.14285714285714285","0.14285714285714285","0.14285714285714285","0.14285714285714285","0.14285714285714285","0.14285714285714285","0.14285714285714285","0.14285714285714285","0.14285714285714285","0.14285714285714285","0.14285714285714285","0.14285714285714285","0.14285714285714285","0.14285714285714285","0.14285714285714285","0.14285714285714285","0.14285714285714285","0.14285714285714285","0.14285714285714285","0.14285714285714285","0.14285714285714285","0.14285714285714285","0.14285714285714285","0.14285714285714285","0.14285714285714285","0.14285714285714285","0.14285714285714285","0.14285714285714285","0.14285714285714285","0.14285714285714285","0.14285714285714285","0.14285714285714285","0.14285714285714285","0.14285714285714285","0.14285714285714285","0.14285714285714285","0.14285714285714285","0.14285714285714285","0.14285714285714285","0.14285714285714285","0.14285714285714285","0.14285714285714285","0.14285714285714285","0.14285714285714285","0.14285714285714285","0.14285714285714285","0.14285714285714285","0.14285714285714285","0.14285714285714285","0.14285714285714285","0.14285714285714285","0.14285714285714285","0.14285714285714285","0.14285714285714285","0.14285714285714285","0.14285714285714285","0.14285714285714285","0.14285714285714285","0.14285714285714285","0.14285714285714285","0.14285714285714285","0.14285714285714285","0.14285714285714285","0.14285714285714285","0.14285714285714285","0.14285714285714285","0.14285714285714285","0.14285714285714285","0.14285714285714285","0.14285714285714285","0.14285714285714285","0.14285714285714285","0.14285714285714285","0.14285714285714285","0.14285714285714285","0.14285714285714285","0.14285714285714285","0.14285714285714285","0.14285714285714285","0.14285714285714285","0.14285714285714285","0.14285714285714285","0.14285714285714285","0.14285714285714285","0.14285714285714285","0.14285714285714285","0.14285714285714285","0.14285714285714285","0.14285714285714285","0.14285714285714285","0.14285714285714285","0.14285714285714285","0.14285714285714285","0.14285714285714285","0.14285714285714285","0.14285714285714285","0.14285714285714285","0.14285714285714285","0.14285714285714285","0.14285714285714285","0.14285714285714285","0.14285714285714285","0.14285714285714285","0.14285714285714285","0.14285714285714285","0.14285714285714285","0.14285714285714285","0.14285714285714285","0.14285714285714285","0.14285714285714285","0.14285714285714285","0.14285714285714285","0.14285714285714285","0.14285714285714285","0.14285714285714285","0.14285714285714285","0.14285714285714285","0.14285714285714285","0.14285714285714285","0.14285714285714285","0.14285714285714285","0.14285714285714285","0.14285714285714285","0.14285714285714285","0.14285714285714285","0.14285714285714285","0.14285714285714285","0.14285714285714285","0.14285714285714285","0.14285714285714285","0.14285714285714285","0.14285714285714285","0.14285714285714285","0.14285714285714285","0.14285714285714285","0.14285714285714285","0.14285714285714285","0.14285714285714285","0.14285714285714285","0.14285714285714285","0.14285714285714285","0.14285714285714285","0.14285714285714285","0.14285714285714285","0.14285714285714285","0.14285714285714285","0.14285714285714285","0.14285714285714285","0.14285714285714285","0.14285714285714285","0.14285714285714285","0.14285714285714285","0.14285714285714285","0.14285714285714285","0.14285714285714285","0.14285714285714285","0.14285714285714285","0.14285714285714285","0.14285714285714285","0.14285714285714285","0.14285714285714285","0.14285714285714285","0.14285714285714285","0.14285714285714285","0.14285714285714285","0.14285714285714285","0.14285714285714285","0.14285714285714285","0.14285714285714285","0.14285714285714285","0.14285714285714285","0.14285714285714285","0.14285714285714285","0.14285714285714285","0.14285714285714285","0.14285714285714285","0.14285714285714285","0.14285714285714285","0.14285714285714285","0.14285714285714285","0.14285714285714285","0.14285714285714285","0.14285714285714285","0.14285714285714285","0.14285714285714285","0.14285714285714285","0.14285714285714285","0.14285714285714285","0.14285714285714285","0.14285714285714285","0.14285714285714285","0.14285714285714285","0.14285714285714285","0.14285714285714285","0.14285714285714285","0.14285714285714285","0.14285714285714285","0.14285714285714285","0.14285714285714285","0.14285714285714285","0.14285714285714285","0.14285714285714285","0.14285714285714285","0.14285714285714285","0.14285714285714285","0.14285714285714285","0.14285714285714285","0.14285714285714285","0.14285714285714285","0.14285714285714285","0.14285714285714285","0.14285714285714285","0.14285714285714285","0.14285714285714285","0.14285714285714285","0.14285714285714285","0.14285714285714285","0.14285714285714285","0.14285714285714285","0.14285714285714285","0.14285714285714285","0.14285714285714285","0.14285714285714285","0.14285714285714285","0.14285714285714285","0.14285714285714285","0.14285714285714285","0.14285714285714285","0.14285714285714285","0.14285714285714285","0.14285714285714285","0.14285714285714285","0.14285714285714285","0.14285714285714285","0.14285714285714285","0.14285714285714285","0.14285714285714285","0.14285714285714285","0.14285714285714285","0.14285714285714285","0.14285714285714285","0.14285714285714285","0.14285714285714285","0.14285714285714285","0.14285714285714285","0.14285714285714285","0.14285714285714285","0.14285714285714285","0.14285714285714285","0.14285714285714285","0.14285714285714285","0.14285714285714285","0.14285714285714285","0.14285714285714285","0.14285714285714285","0.14285714285714285","0.14285714285714285","0.14285714285714285","0.14285714285714285","0.14285714285714285","0.14285714285714285","0.14285714285714285","0.14285714285714285","0.14285714285714285","0.14285714285714285","0.14285714285714285","0.14285714285714285","0.14285714285714285","0.14285714285714285","0.14285714285714285","0.14285714285714285","0.14285714285714285","0.14285714285714285","0.14285714285714285","0.14285714285714285","0.14285714285714285","0.14285714285714285","0.14285714285714285","0.14285714285714285","0.14285714285714285","0.14285714285714285","0.14285714285714285","0.14285714285714285","0.14285714285714285","0.14285714285714285","0.14285714285714285","0.14285714285714285","0.14285714285714285","0.14285714285714285","0.14285714285714285","0.14285714285714285","0.14285714285714285","0.14285714285714285","0.14285714285714285","0.14285714285714285","0.14285714285714285","0.14285714285714285","0.14285714285714285","0.14285714285714285","0.14285714285714285","0.14285714285714285","0.14285714285714285","0.14285714285714285","0.14285714285714285","0.14285714285714285","0.14285714285714285","0.14285714285714285","0.14285714285714285","0.14285714285714285","0.14285714285714285","0.14285714285714285","0.14285714285714285","0.14285714285714285","0.14285714285714285","0.14285714285714285","0.14285714285714285","0.14285714285714285","0.14285714285714285","0.14285714285714285","0.14285714285714285","0.14285714285714285","0.14285714285714285","0.14285714285714285","0.14285714285714285","0.14285714285714285","0.14285714285714285","0.14285714285714285","0.14285714285714285","0.14285714285714285","0.14285714285714285","0.14285714285714285","0.14285714285714285","0.14285714285714285","0.14285714285714285","0.14285714285714285","0.14285714285714285","0.14285714285714285","0.14285714285714285","0.14285714285714285","0.14285714285714285","0.14285714285714285","0.14285714285714285","0.14285714285714285","0.14285714285714285","0.14285714285714285","0.14285714285714285","0.14285714285714285","0.14285714285714285","0.14285714285714285","0.14285714285714285","0.14285714285714285","0.14285714285714285","0.14285714285714285","0.14285714285714285","0.14285714285714285","0.14285714285714285","0.14285714285714285","0.14285714285714285","0.14285714285714285","0.14285714285714285","0.14285714285714285","0.14285714285714285","0.14285714285714285","0.14285714285714285","0.14285714285714285","0.14285714285714285","0.14285714285714285","0.14285714285714285","0.14285714285714285","0.14285714285714285","0.14285714285714285","0.14285714285714285","0.14285714285714285","0.14285714285714285","0.14285714285714285","0.14285714285714285","0.14285714285714285","0.14285714285714285","0.14285714285714285","0.14285714285714285","0.14285714285714285","0.14285714285714285","0.14285714285714285","0.14285714285714285","0.14285714285714285","0.14285714285714285","0.14285714285714285","0.14285714285714285","0.14285714285714285","0.14285714285714285","0.14285714285714285","0.14285714285714285","0.14285714285714285","0.14285714285714285","0.14285714285714285","0.14285714285714285","0.14285714285714285","0.14285714285714285","0.14285714285714285","0.14285714285714285","0.14285714285714285","0.14285714285714285","0.14285714285714285","0.14285714285714285","0.14285714285714285","0.14285714285714285","0.14285714285714285","0.14285714285714285","0.14285714285714285","0.14285714285714285","0.14285714285714285","0.14285714285714285","0.14285714285714285","0.14285714285714285","0.14285714285714285","0.14285714285714285","0.14285714285714285","0.14285714285714285","0.14285714285714285","0.14285714285714285","0.14285714285714285","0.14285714285714285","0.14285714285714285","0.14285714285714285","0.14285714285714285","0.14285714285714285","0.14285714285714285","0.14285714285714285","0.14285714285714285","0.14285714285714285","0.14285714285714285","0.14285714285714285","0.14285714285714285","0.14285714285714285","0.14285714285714285","0.14285714285714285","0.14285714285714285","0.14285714285714285","0.14285714285714285","0.14285714285714285","0.14285714285714285","0.14285714285714285","0.14285714285714285","0.14285714285714285","0.14285714285714285","0.14285714285714285","0.14285714285714285","0.14285714285714285","0.14285714285714285","0.14285714285714285","0.14285714285714285","0.14285714285714285","0.14285714285714285","0.14285714285714285","0.14285714285714285","0.14285714285714285","0.14285714285714285","0.14285714285714285","0.14285714285714285","0.14285714285714285","0.14285714285714285","0.14285714285714285","0.14285714285714285","0.14285714285714285","0.14285714285714285","0.14285714285714285","0.14285714285714285","0.14285714285714285","0.14285714285714285","0.14285714285714285","0.14285714285714285","0.14285714285714285","0.14285714285714285","0.14285714285714285","0.14285714285714285","0.14285714285714285","0.14285714285714285","0.14285714285714285","0.14285714285714285","0.14285714285714285","0.14285714285714285","0.14285714285714285","0.14285714285714285","0.14285714285714285","0.14285714285714285","0.14285714285714285","0.14285714285714285","0.14285714285714285","0.14285714285714285","0.14285714285714285","0.14285714285714285","0.14285714285714285","0.14285714285714285","0.14285714285714285","0.14285714285714285","0.14285714285714285","0.14285714285714285","0.14285714285714285","0.14285714285714285","0.14285714285714285","0.14285714285714285","0.14285714285714285","0.14285714285714285","0.14285714285714285","0.14285714285714285","0.14285714285714285","0.14285714285714285","0.14285714285714285","0.14285714285714285","0.14285714285714285","0.14285714285714285","0.14285714285714285","0.14285714285714285","0.14285714285714285","0.14285714285714285","0.14285714285714285","0.14285714285714285","0.14285714285714285","0.14285714285714285","0.14285714285714285","0.14285714285714285","0.14285714285714285","0.14285714285714285","0.14285714285714285","0.14285714285714285","0.14285714285714285","0.14285714285714285","0.14285714285714285","0.14285714285714285","0.14285714285714285","0.14285714285714285","0.14285714285714285","0.14285714285714285","0.14285714285714285","0.14285714285714285","0.14285714285714285","0.14285714285714285","0.14285714285714285","0.14285714285714285","0.14285714285714285","0.14285714285714285","0.14285714285714285","0.14285714285714285","0.14285714285714285","0.14285714285714285","0.14285714285714285","0.14285714285714285","0.14285714285714285","0.14285714285714285","0.14285714285714285","0.14285714285714285","0.14285714285714285","0.14285714285714285","0.14285714285714285","0.14285714285714285","0.14285714285714285","0.14285714285714285","0.14285714285714285","0.14285714285714285","0.14285714285714285","0.14285714285714285","0.14285714285714285","0.14285714285714285","0.14285714285714285","0.14285714285714285","0.14285714285714285","0.14285714285714285","0.14285714285714285","0.14285714285714285","0.14285714285714285","0.14285714285714285","0.14285714285714285","0.14285714285714285","0.14285714285714285","0.14285714285714285","0.14285714285714285","0.14285714285714285","0.14285714285714285","0.14285714285714285","0.14285714285714285","0.14285714285714285","0.14285714285714285","0.14285714285714285","0.14285714285714285","0.14285714285714285","0.14285714285714285","0.14285714285714285","0.14285714285714285","0.14285714285714285","0.14285714285714285","0.14285714285714285","0.14285714285714285","0.14285714285714285","0.14285714285714285","0.14285714285714285","0.14285714285714285","0.14285714285714285","0.14285714285714285","0.14285714285714285","0.14285714285714285","389","9231"
"RandooPy-NoTypes","mimesis.builtins.it","1590999166602876867","377","607061174309","0.8571428571428571","375","8758","178","3880","0.8571428571428571","0.8571428571428571","0.8571428571428571","0.8571428571428571","0.8571428571428571","0.8571428571428571","0.8571428571428571","0.8571428571428571","0.8571428571428571","0.8571428571428571","0.8571428571428571","0.8571428571428571","0.8571428571428571","0.8571428571428571","0.8571428571428571","0.8571428571428571","0.8571428571428571","0.8571428571428571","0.8571428571428571","0.8571428571428571","0.8571428571428571","0.8571428571428571","0.8571428571428571","0.8571428571428571","0.8571428571428571","0.8571428571428571","0.8571428571428571","0.8571428571428571","0.8571428571428571","0.8571428571428571","0.8571428571428571","0.8571428571428571","0.8571428571428571","0.8571428571428571","0.8571428571428571","0.8571428571428571","0.8571428571428571","0.8571428571428571","0.8571428571428571","0.8571428571428571","0.8571428571428571","0.8571428571428571","0.8571428571428571","0.8571428571428571","0.8571428571428571","0.8571428571428571","0.8571428571428571","0.8571428571428571","0.8571428571428571","0.8571428571428571","0.8571428571428571","0.8571428571428571","0.8571428571428571","0.8571428571428571","0.8571428571428571","0.8571428571428571","0.8571428571428571","0.8571428571428571","0.8571428571428571","0.8571428571428571","0.8571428571428571","0.8571428571428571","0.8571428571428571","0.8571428571428571","0.8571428571428571","0.8571428571428571","0.8571428571428571","0.8571428571428571","0.8571428571428571","0.8571428571428571","0.8571428571428571","0.8571428571428571","0.8571428571428571","0.8571428571428571","0.8571428571428571","0.8571428571428571","0.8571428571428571","0.8571428571428571","0.8571428571428571","0.8571428571428571","0.8571428571428571","0.8571428571428571","0.8571428571428571","0.8571428571428571","0.8571428571428571","0.8571428571428571","0.8571428571428571","0.8571428571428571","0.8571428571428571","0.8571428571428571","0.8571428571428571","0.8571428571428571","0.8571428571428571","0.8571428571428571","0.8571428571428571","0.8571428571428571","0.8571428571428571","0.8571428571428571","0.8571428571428571","0.8571428571428571","0.8571428571428571","0.8571428571428571","0.8571428571428571","0.8571428571428571","0.8571428571428571","0.8571428571428571","0.8571428571428571","0.8571428571428571","0.8571428571428571","0.8571428571428571","0.8571428571428571","0.8571428571428571","0.8571428571428571","0.8571428571428571","0.8571428571428571","0.8571428571428571","0.8571428571428571","0.8571428571428571","0.8571428571428571","0.8571428571428571","0.8571428571428571","0.8571428571428571","0.8571428571428571","0.8571428571428571","0.8571428571428571","0.8571428571428571","0.8571428571428571","0.8571428571428571","0.8571428571428571","0.8571428571428571","0.8571428571428571","0.8571428571428571","0.8571428571428571","0.8571428571428571","0.8571428571428571","0.8571428571428571","0.8571428571428571","0.8571428571428571","0.8571428571428571","0.8571428571428571","0.8571428571428571","0.8571428571428571","0.8571428571428571","0.8571428571428571","0.8571428571428571","0.8571428571428571","0.8571428571428571","0.8571428571428571","0.8571428571428571","0.8571428571428571","0.8571428571428571","0.8571428571428571","0.8571428571428571","0.8571428571428571","0.8571428571428571","0.8571428571428571","0.8571428571428571","0.8571428571428571","0.8571428571428571","0.8571428571428571","0.8571428571428571","0.8571428571428571","0.8571428571428571","0.8571428571428571","0.8571428571428571","0.8571428571428571","0.8571428571428571","0.8571428571428571","0.8571428571428571","0.8571428571428571","0.8571428571428571","0.8571428571428571","0.8571428571428571","0.8571428571428571","0.8571428571428571","0.8571428571428571","0.8571428571428571","0.8571428571428571","0.8571428571428571","0.8571428571428571","0.8571428571428571","0.8571428571428571","0.8571428571428571","0.8571428571428571","0.8571428571428571","0.8571428571428571","0.8571428571428571","0.8571428571428571","0.8571428571428571","0.8571428571428571","0.8571428571428571","0.8571428571428571","0.8571428571428571","0.8571428571428571","0.8571428571428571","0.8571428571428571","0.8571428571428571","0.8571428571428571","0.8571428571428571","0.8571428571428571","0.8571428571428571","0.8571428571428571","0.8571428571428571","0.8571428571428571","0.8571428571428571","0.8571428571428571","0.8571428571428571","0.8571428571428571","0.8571428571428571","0.8571428571428571","0.8571428571428571","0.8571428571428571","0.8571428571428571","0.8571428571428571","0.8571428571428571","0.8571428571428571","0.8571428571428571","0.8571428571428571","0.8571428571428571","0.8571428571428571","0.8571428571428571","0.8571428571428571","0.8571428571428571","0.8571428571428571","0.8571428571428571","0.8571428571428571","0.8571428571428571","0.8571428571428571","0.8571428571428571","0.8571428571428571","0.8571428571428571","0.8571428571428571","0.8571428571428571","0.8571428571428571","0.8571428571428571","0.8571428571428571","0.8571428571428571","0.8571428571428571","0.8571428571428571","0.8571428571428571","0.8571428571428571","0.8571428571428571","0.8571428571428571","0.8571428571428571","0.8571428571428571","0.8571428571428571","0.8571428571428571","0.8571428571428571","0.8571428571428571","0.8571428571428571","0.8571428571428571","0.8571428571428571","0.8571428571428571","0.8571428571428571","0.8571428571428571","0.8571428571428571","0.8571428571428571","0.8571428571428571","0.8571428571428571","0.8571428571428571","0.8571428571428571","0.8571428571428571","0.8571428571428571","0.8571428571428571","0.8571428571428571","0.8571428571428571","0.8571428571428571","0.8571428571428571","0.8571428571428571","0.8571428571428571","0.8571428571428571","0.8571428571428571","0.8571428571428571","0.8571428571428571","0.8571428571428571","0.8571428571428571","0.8571428571428571","0.8571428571428571","0.8571428571428571","0.8571428571428571","0.8571428571428571","0.8571428571428571","0.8571428571428571","0.8571428571428571","0.8571428571428571","0.8571428571428571","0.8571428571428571","0.8571428571428571","0.8571428571428571","0.8571428571428571","0.8571428571428571","0.8571428571428571","0.8571428571428571","0.8571428571428571","0.8571428571428571","0.8571428571428571","0.8571428571428571","0.8571428571428571","0.8571428571428571","0.8571428571428571","0.8571428571428571","0.8571428571428571","0.8571428571428571","0.8571428571428571","0.8571428571428571","0.8571428571428571","0.8571428571428571","0.8571428571428571","0.8571428571428571","0.8571428571428571","0.8571428571428571","0.8571428571428571","0.8571428571428571","0.8571428571428571","0.8571428571428571","0.8571428571428571","0.8571428571428571","0.8571428571428571","0.8571428571428571","0.8571428571428571","0.8571428571428571","0.8571428571428571","0.8571428571428571","0.8571428571428571","0.8571428571428571","0.8571428571428571","0.8571428571428571","0.8571428571428571","0.8571428571428571","0.8571428571428571","0.8571428571428571","0.8571428571428571","0.8571428571428571","0.8571428571428571","0.8571428571428571","0.8571428571428571","0.8571428571428571","0.8571428571428571","0.8571428571428571","0.8571428571428571","0.8571428571428571","0.8571428571428571","0.8571428571428571","0.8571428571428571","0.8571428571428571","0.8571428571428571","0.8571428571428571","0.8571428571428571","0.8571428571428571","0.8571428571428571","0.8571428571428571","0.8571428571428571","0.8571428571428571","0.8571428571428571","0.8571428571428571","0.8571428571428571","0.8571428571428571","0.8571428571428571","0.8571428571428571","0.8571428571428571","0.8571428571428571","0.8571428571428571","0.8571428571428571","0.8571428571428571","0.8571428571428571","0.8571428571428571","0.8571428571428571","0.8571428571428571","0.8571428571428571","0.8571428571428571","0.8571428571428571","0.8571428571428571","0.8571428571428571","0.8571428571428571","0.8571428571428571","0.8571428571428571","0.8571428571428571","0.8571428571428571","0.8571428571428571","0.8571428571428571","0.8571428571428571","0.8571428571428571","0.8571428571428571","0.8571428571428571","0.8571428571428571","0.8571428571428571","0.8571428571428571","0.8571428571428571","0.8571428571428571","0.8571428571428571","0.8571428571428571","0.8571428571428571","0.8571428571428571","0.8571428571428571","0.8571428571428571","0.8571428571428571","0.8571428571428571","0.8571428571428571","0.8571428571428571","0.8571428571428571","0.8571428571428571","0.8571428571428571","0.8571428571428571","0.8571428571428571","0.8571428571428571","0.8571428571428571","0.8571428571428571","0.8571428571428571","0.8571428571428571","0.8571428571428571","0.8571428571428571","0.8571428571428571","0.8571428571428571","0.8571428571428571","0.8571428571428571","0.8571428571428571","0.8571428571428571","0.8571428571428571","0.8571428571428571","0.8571428571428571","0.8571428571428571","0.8571428571428571","0.8571428571428571","0.8571428571428571","0.8571428571428571","0.8571428571428571","0.8571428571428571","0.8571428571428571","0.8571428571428571","0.8571428571428571","0.8571428571428571","0.8571428571428571","0.8571428571428571","0.8571428571428571","0.8571428571428571","0.8571428571428571","0.8571428571428571","0.8571428571428571","0.8571428571428571","0.8571428571428571","0.8571428571428571","0.8571428571428571","0.8571428571428571","0.8571428571428571","0.8571428571428571","0.8571428571428571","0.8571428571428571","0.8571428571428571","0.8571428571428571","0.8571428571428571","0.8571428571428571","0.8571428571428571","0.8571428571428571","0.8571428571428571","0.8571428571428571","0.8571428571428571","0.8571428571428571","0.8571428571428571","0.8571428571428571","0.8571428571428571","0.8571428571428571","0.8571428571428571","0.8571428571428571","0.8571428571428571","0.8571428571428571","0.8571428571428571","0.8571428571428571","0.8571428571428571","0.8571428571428571","0.8571428571428571","0.8571428571428571","0.8571428571428571","0.8571428571428571","0.8571428571428571","0.8571428571428571","0.8571428571428571","0.8571428571428571","0.8571428571428571","0.8571428571428571","0.8571428571428571","0.8571428571428571","0.8571428571428571","0.8571428571428571","0.8571428571428571","0.8571428571428571","0.8571428571428571","0.8571428571428571","0.8571428571428571","0.8571428571428571","0.8571428571428571","0.8571428571428571","0.8571428571428571","0.8571428571428571","0.8571428571428571","0.8571428571428571","0.8571428571428571","0.8571428571428571","0.8571428571428571","0.8571428571428571","0.8571428571428571","0.8571428571428571","0.8571428571428571","0.8571428571428571","0.8571428571428571","0.8571428571428571","0.8571428571428571","0.8571428571428571","0.8571428571428571","0.8571428571428571","0.8571428571428571","0.8571428571428571","0.8571428571428571","0.8571428571428571","0.8571428571428571","0.8571428571428571","0.8571428571428571","0.8571428571428571","0.8571428571428571","0.8571428571428571","0.8571428571428571","0.8571428571428571","0.8571428571428571","0.8571428571428571","0.8571428571428571","0.8571428571428571","0.8571428571428571","0.8571428571428571","0.8571428571428571","0.8571428571428571","0.8571428571428571","0.8571428571428571","0.8571428571428571","0.8571428571428571","0.8571428571428571","0.8571428571428571","0.8571428571428571","0.8571428571428571","0.8571428571428571","0.8571428571428571","0.8571428571428571","0.8571428571428571","0.8571428571428571","0.8571428571428571","0.8571428571428571","0.8571428571428571","0.8571428571428571","0.8571428571428571","0.8571428571428571","0.8571428571428571","0.8571428571428571","0.8571428571428571","0.8571428571428571","0.8571428571428571","0.8571428571428571","0.8571428571428571","0.8571428571428571","0.8571428571428571","0.8571428571428571","0.8571428571428571","0.8571428571428571","0.8571428571428571","0.8571428571428571","0.8571428571428571","0.8571428571428571","0.8571428571428571","0.8571428571428571","0.8571428571428571","0.8571428571428571","0.8571428571428571","0.8571428571428571","0.8571428571428571","0.8571428571428571","0.8571428571428571","0.8571428571428571","0.8571428571428571","0.8571428571428571","0.8571428571428571","0.8571428571428571","0.8571428571428571","0.8571428571428571","0.8571428571428571","0.8571428571428571","0.8571428571428571","0.8571428571428571","0.8571428571428571","0.8571428571428571","0.8571428571428571","0.8571428571428571","0.8571428571428571","0.8571428571428571","0.8571428571428571","0.8571428571428571","0.8571428571428571","0.8571428571428571","0.8571428571428571","0.8571428571428571","0.8571428571428571","0.8571428571428571","0.8571428571428571","0.8571428571428571","197","4878"
"WSPy-NoTypes","mimesis.builtins.nl","1590999324762892699","1065","600141189418","0.9230769230769231","3","76","0","0","0.9230769230769231","0.9230769230769231","0.9230769230769231","0.9230769230769231","0.9230769230769231","0.9230769230769231","0.9230769230769231","0.9230769230769231","0.9230769230769231","0.9230769230769231","0.9230769230769231","0.9230769230769231","0.9230769230769231","0.9230769230769231","0.9230769230769231","0.9230769230769231","0.9230769230769231","0.9230769230769231","0.9230769230769231","0.9230769230769231","0.9230769230769231","0.9230769230769231","0.9230769230769231","0.9230769230769231","0.9230769230769231","0.9230769230769231","0.9230769230769231","0.9230769230769231","0.9230769230769231","0.9230769230769231","0.9230769230769231","0.9230769230769231","0.9230769230769231","0.9230769230769231","0.9230769230769231","0.9230769230769231","0.9230769230769231","0.9230769230769231","0.9230769230769231","0.9230769230769231","0.9230769230769231","0.9230769230769231","0.9230769230769231","0.9230769230769231","0.9230769230769231","0.9230769230769231","0.9230769230769231","0.9230769230769231","0.9230769230769231","0.9230769230769231","0.9230769230769231","0.9230769230769231","0.9230769230769231","0.9230769230769231","0.9230769230769231","0.9230769230769231","0.9230769230769231","0.9230769230769231","0.9230769230769231","0.9230769230769231","0.9230769230769231","0.9230769230769231","0.9230769230769231","0.9230769230769231","0.9230769230769231","0.9230769230769231","0.9230769230769231","0.9230769230769231","0.9230769230769231","0.9230769230769231","0.9230769230769231","0.9230769230769231","0.9230769230769231","0.9230769230769231","0.9230769230769231","0.9230769230769231","0.9230769230769231","0.9230769230769231","0.9230769230769231","0.9230769230769231","0.9230769230769231","0.9230769230769231","0.9230769230769231","0.9230769230769231","0.9230769230769231","0.9230769230769231","0.9230769230769231","0.9230769230769231","0.9230769230769231","0.9230769230769231","0.9230769230769231","0.9230769230769231","0.9230769230769231","0.9230769230769231","0.9230769230769231","0.9230769230769231","0.9230769230769231","0.9230769230769231","0.9230769230769231","0.9230769230769231","0.9230769230769231","0.9230769230769231","0.9230769230769231","0.9230769230769231","0.9230769230769231","0.9230769230769231","0.9230769230769231","0.9230769230769231","0.9230769230769231","0.9230769230769231","0.9230769230769231","0.9230769230769231","0.9230769230769231","0.9230769230769231","0.9230769230769231","0.9230769230769231","0.9230769230769231","0.9230769230769231","0.9230769230769231","0.9230769230769231","0.9230769230769231","0.9230769230769231","0.9230769230769231","0.9230769230769231","0.9230769230769231","0.9230769230769231","0.9230769230769231","0.9230769230769231","0.9230769230769231","0.9230769230769231","0.9230769230769231","0.9230769230769231","0.9230769230769231","0.9230769230769231","0.9230769230769231","0.9230769230769231","0.9230769230769231","0.9230769230769231","0.9230769230769231","0.9230769230769231","0.9230769230769231","0.9230769230769231","0.9230769230769231","0.9230769230769231","0.9230769230769231","0.9230769230769231","0.9230769230769231","0.9230769230769231","0.9230769230769231","0.9230769230769231","0.9230769230769231","0.9230769230769231","0.9230769230769231","0.9230769230769231","0.9230769230769231","0.9230769230769231","0.9230769230769231","0.9230769230769231","0.9230769230769231","0.9230769230769231","0.9230769230769231","0.9230769230769231","0.9230769230769231","0.9230769230769231","0.9230769230769231","0.9230769230769231","0.9230769230769231","0.9230769230769231","0.9230769230769231","0.9230769230769231","0.9230769230769231","0.9230769230769231","0.9230769230769231","0.9230769230769231","0.9230769230769231","0.9230769230769231","0.9230769230769231","0.9230769230769231","0.9230769230769231","0.9230769230769231","0.9230769230769231","0.9230769230769231","0.9230769230769231","0.9230769230769231","0.9230769230769231","0.9230769230769231","0.9230769230769231","0.9230769230769231","0.9230769230769231","0.9230769230769231","0.9230769230769231","0.9230769230769231","0.9230769230769231","0.9230769230769231","0.9230769230769231","0.9230769230769231","0.9230769230769231","0.9230769230769231","0.9230769230769231","0.9230769230769231","0.9230769230769231","0.9230769230769231","0.9230769230769231","0.9230769230769231","0.9230769230769231","0.9230769230769231","0.9230769230769231","0.9230769230769231","0.9230769230769231","0.9230769230769231","0.9230769230769231","0.9230769230769231","0.9230769230769231","0.9230769230769231","0.9230769230769231","0.9230769230769231","0.9230769230769231","0.9230769230769231","0.9230769230769231","0.9230769230769231","0.9230769230769231","0.9230769230769231","0.9230769230769231","0.9230769230769231","0.9230769230769231","0.9230769230769231","0.9230769230769231","0.9230769230769231","0.9230769230769231","0.9230769230769231","0.9230769230769231","0.9230769230769231","0.9230769230769231","0.9230769230769231","0.9230769230769231","0.9230769230769231","0.9230769230769231","0.9230769230769231","0.9230769230769231","0.9230769230769231","0.9230769230769231","0.9230769230769231","0.9230769230769231","0.9230769230769231","0.9230769230769231","0.9230769230769231","0.9230769230769231","0.9230769230769231","0.9230769230769231","0.9230769230769231","0.9230769230769231","0.9230769230769231","0.9230769230769231","0.9230769230769231","0.9230769230769231","0.9230769230769231","0.9230769230769231","0.9230769230769231","0.9230769230769231","0.9230769230769231","0.9230769230769231","0.9230769230769231","0.9230769230769231","0.9230769230769231","0.9230769230769231","0.9230769230769231","0.9230769230769231","0.9230769230769231","0.9230769230769231","0.9230769230769231","0.9230769230769231","0.9230769230769231","0.9230769230769231","0.9230769230769231","0.9230769230769231","0.9230769230769231","0.9230769230769231","0.9230769230769231","0.9230769230769231","0.9230769230769231","0.9230769230769231","0.9230769230769231","0.9230769230769231","0.9230769230769231","0.9230769230769231","0.9230769230769231","0.9230769230769231","0.9230769230769231","0.9230769230769231","0.9230769230769231","0.9230769230769231","0.9230769230769231","0.9230769230769231","0.9230769230769231","0.9230769230769231","0.9230769230769231","0.9230769230769231","0.9230769230769231","0.9230769230769231","0.9230769230769231","0.9230769230769231","0.9230769230769231","0.9230769230769231","0.9230769230769231","0.9230769230769231","0.9230769230769231","0.9230769230769231","0.9230769230769231","0.9230769230769231","0.9230769230769231","0.9230769230769231","0.9230769230769231","0.9230769230769231","0.9230769230769231","0.9230769230769231","0.9230769230769231","0.9230769230769231","0.9230769230769231","0.9230769230769231","0.9230769230769231","0.9230769230769231","0.9230769230769231","0.9230769230769231","0.9230769230769231","0.9230769230769231","0.9230769230769231","0.9230769230769231","0.9230769230769231","0.9230769230769231","0.9230769230769231","0.9230769230769231","0.9230769230769231","0.9230769230769231","0.9230769230769231","0.9230769230769231","0.9230769230769231","0.9230769230769231","0.9230769230769231","0.9230769230769231","0.9230769230769231","0.9230769230769231","0.9230769230769231","0.9230769230769231","0.9230769230769231","0.9230769230769231","0.9230769230769231","0.9230769230769231","0.9230769230769231","0.9230769230769231","0.9230769230769231","0.9230769230769231","0.9230769230769231","0.9230769230769231","0.9230769230769231","0.9230769230769231","0.9230769230769231","0.9230769230769231","0.9230769230769231","0.9230769230769231","0.9230769230769231","0.9230769230769231","0.9230769230769231","0.9230769230769231","0.9230769230769231","0.9230769230769231","0.9230769230769231","0.9230769230769231","0.9230769230769231","0.9230769230769231","0.9230769230769231","0.9230769230769231","0.9230769230769231","0.9230769230769231","0.9230769230769231","0.9230769230769231","0.9230769230769231","0.9230769230769231","0.9230769230769231","0.9230769230769231","0.9230769230769231","0.9230769230769231","0.9230769230769231","0.9230769230769231","0.9230769230769231","0.9230769230769231","0.9230769230769231","0.9230769230769231","0.9230769230769231","0.9230769230769231","0.9230769230769231","0.9230769230769231","0.9230769230769231","0.9230769230769231","0.9230769230769231","0.9230769230769231","0.9230769230769231","0.9230769230769231","0.9230769230769231","0.9230769230769231","0.9230769230769231","0.9230769230769231","0.9230769230769231","0.9230769230769231","0.9230769230769231","0.9230769230769231","0.9230769230769231","0.9230769230769231","0.9230769230769231","0.9230769230769231","0.9230769230769231","0.9230769230769231","0.9230769230769231","0.9230769230769231","0.9230769230769231","0.9230769230769231","0.9230769230769231","0.9230769230769231","0.9230769230769231","0.9230769230769231","0.9230769230769231","0.9230769230769231","0.9230769230769231","0.9230769230769231","0.9230769230769231","0.9230769230769231","0.9230769230769231","0.9230769230769231","0.9230769230769231","0.9230769230769231","0.9230769230769231","0.9230769230769231","0.9230769230769231","0.9230769230769231","0.9230769230769231","0.9230769230769231","0.9230769230769231","0.9230769230769231","0.9230769230769231","0.9230769230769231","0.9230769230769231","0.9230769230769231","0.9230769230769231","0.9230769230769231","0.9230769230769231","0.9230769230769231","0.9230769230769231","0.9230769230769231","0.9230769230769231","0.9230769230769231","0.9230769230769231","0.9230769230769231","0.9230769230769231","0.9230769230769231","0.9230769230769231","0.9230769230769231","0.9230769230769231","0.9230769230769231","0.9230769230769231","0.9230769230769231","0.9230769230769231","0.9230769230769231","0.9230769230769231","0.9230769230769231","0.9230769230769231","0.9230769230769231","0.9230769230769231","0.9230769230769231","0.9230769230769231","0.9230769230769231","0.9230769230769231","0.9230769230769231","0.9230769230769231","0.9230769230769231","0.9230769230769231","0.9230769230769231","0.9230769230769231","0.9230769230769231","0.9230769230769231","0.9230769230769231","0.9230769230769231","0.9230769230769231","0.9230769230769231","0.9230769230769231","0.9230769230769231","0.9230769230769231","0.9230769230769231","0.9230769230769231","0.9230769230769231","0.9230769230769231","0.9230769230769231","0.9230769230769231","0.9230769230769231","0.9230769230769231","0.9230769230769231","0.9230769230769231","0.9230769230769231","0.9230769230769231","0.9230769230769231","0.9230769230769231","0.9230769230769231","0.9230769230769231","0.9230769230769231","0.9230769230769231","0.9230769230769231","0.9230769230769231","0.9230769230769231","0.9230769230769231","0.9230769230769231","0.9230769230769231","0.9230769230769231","0.9230769230769231","0.9230769230769231","0.9230769230769231","0.9230769230769231","0.9230769230769231","0.9230769230769231","0.9230769230769231","0.9230769230769231","0.9230769230769231","0.9230769230769231","0.9230769230769231","0.9230769230769231","0.9230769230769231","0.9230769230769231","0.9230769230769231","0.9230769230769231","0.9230769230769231","0.9230769230769231","0.9230769230769231","0.9230769230769231","0.9230769230769231","0.9230769230769231","0.9230769230769231","0.9230769230769231","0.9230769230769231","0.9230769230769231","0.9230769230769231","0.9230769230769231","0.9230769230769231","0.9230769230769231","0.9230769230769231","0.9230769230769231","0.9230769230769231","0.9230769230769231","0.9230769230769231","0.9230769230769231","0.9230769230769231","0.9230769230769231","0.9230769230769231","0.9230769230769231","0.9230769230769231","0.9230769230769231","0.9230769230769231","0.9230769230769231","0.9230769230769231","0.9230769230769231","0.9230769230769231","0.9230769230769231","0.9230769230769231","0.9230769230769231","0.9230769230769231","0.9230769230769231","0.9230769230769231","0.9230769230769231","0.9230769230769231","0.9230769230769231","0.9230769230769231","0.9230769230769231","0.9230769230769231","0.9230769230769231","0.9230769230769231","0.9230769230769231","0.9230769230769231","0.9230769230769231","0.9230769230769231","0.9230769230769231","0.9230769230769231","0.9230769230769231","0.9230769230769231","0.9230769230769231","0.9230769230769231","0.9230769230769231","0.9230769230769231","0.9230769230769231","0.9230769230769231","0.9230769230769231","0.9230769230769231","0.9230769230769231","0.9230769230769231","0.9230769230769231","0.9230769230769231","0.9230769230769231","0.9230769230769231","0.9230769230769231","0.9230769230769231","0.9230769230769231","0.9230769230769231","0.9230769230769231","0.9230769230769231","0.9230769230769231","3","76"
"RandooPy-NoTypes","mimesis.builtins.en","1590999147717308847","506","607348324864","0.7692307692307693","498","12388","224","5666","0.7692307692307693","0.7692307692307693","0.7692307692307693","0.7692307692307693","0.7692307692307693","0.7692307692307693","0.7692307692307693","0.7692307692307693","0.7692307692307693","0.7692307692307693","0.7692307692307693","0.7692307692307693","0.7692307692307693","0.7692307692307693","0.7692307692307693","0.7692307692307693","0.7692307692307693","0.7692307692307693","0.7692307692307693","0.7692307692307693","0.7692307692307693","0.7692307692307693","0.7692307692307693","0.7692307692307693","0.7692307692307693","0.7692307692307693","0.7692307692307693","0.7692307692307693","0.7692307692307693","0.7692307692307693","0.7692307692307693","0.7692307692307693","0.7692307692307693","0.7692307692307693","0.7692307692307693","0.7692307692307693","0.7692307692307693","0.7692307692307693","0.7692307692307693","0.7692307692307693","0.7692307692307693","0.7692307692307693","0.7692307692307693","0.7692307692307693","0.7692307692307693","0.7692307692307693","0.7692307692307693","0.7692307692307693","0.827046801629696","0.7692307692307693","0.7692307692307693","0.7692307692307693","0.7692307692307693","0.7692307692307693","0.7692307692307693","0.7692307692307693","0.7692307692307693","0.7692307692307693","0.7692307692307693","0.7692307692307693","0.7692307692307693","0.7692307692307693","0.7692307692307693","0.7692307692307693","0.7692307692307693","0.7692307692307693","0.7692307692307693","0.7692307692307693","0.7692307692307693","0.7692307692307693","0.7692307692307693","0.7692307692307693","0.7692307692307693","0.7692307692307693","0.7692307692307693","0.7692307692307693","0.7692307692307693","0.7692307692307693","0.7692307692307693","0.7692307692307693","0.7692307692307693","0.7828843889997972","0.8209977741736184","0.7692307692307693","0.7692307692307693","0.7692307692307693","0.7692307692307693","0.7692307692307693","0.7692307692307693","0.7692307692307693","0.7880402237596502","0.8198990597705306","0.7692307692307693","0.7692307692307693","0.7692307692307693","0.7692307692307693","0.7692307692307693","0.7692307692307693","0.7692307692307693","0.7692307692307693","0.7692307692307693","0.7692307692307693","0.7692307692307693","0.7692307692307693","0.7692307692307693","0.7692307692307693","0.7692307692307693","0.7692307692307693","0.7692307692307693","0.7692307692307693","0.7692307692307693","0.7692307692307693","0.822191728033715","0.7948845690321825","0.7692307692307693","0.8123655142120757","0.8082246036001958","0.7692307692307693","0.7692307692307693","0.7692307692307693","0.7692307692307693","0.7692307692307693","0.7692307692307693","0.7692307692307693","0.7692307692307693","0.7692307692307693","0.7692307692307693","0.7692307692307693","0.7692307692307693","0.7692307692307693","0.7692307692307693","0.7692307692307693","0.7692307692307693","0.7692307692307693","0.7692307692307693","0.7692307692307693","0.7692307692307693","0.7692307692307693","0.777423141474201","0.8446642109016428","0.7788583909924629","0.7692307692307693","0.7692307692307693","0.7692307692307693","0.7692307692307693","0.7872944222856844","0.8369047394886664","0.7692307692307693","0.7692307692307693","0.7692307692307693","0.7692307692307693","0.7692307692307693","0.7692307692307693","0.7692307692307693","0.7692307692307693","0.7692307692307693","0.7692307692307693","0.7692307692307693","0.7692307692307693","0.8298073580643145","0.8002802388178459","0.7692307692307693","0.7692307692307693","0.7692307692307693","0.7692307692307693","0.7692307692307693","0.7692307692307693","0.7692307692307693","0.7692307692307693","0.7692307692307693","0.7692307692307693","0.7692307692307693","0.7692307692307693","0.7692307692307693","0.7692307692307693","0.7692307692307693","0.7692307692307693","0.7692307692307693","0.7914561154072316","0.8431248562560091","0.7864804520706926","0.7692307692307693","0.7900386073893922","0.8448294754862957","0.8003620603728594","0.7692307692307693","0.7692307692307693","0.7692307692307693","0.7692307692307693","0.7692307692307693","0.7692307692307693","0.7692307692307693","0.7692307692307693","0.7692307692307693","0.7692307692307693","0.7692307692307693","0.7692307692307693","0.7692307692307693","0.8204348738465211","0.8171417208419064","0.7692307692307693","0.7692307692307693","0.8096455263139134","0.8277299967502897","0.7716374330718493","0.7692307692307693","0.7692307692307693","0.7692307692307693","0.7692307692307693","0.7692307692307693","0.7692307692307693","0.7692307692307693","0.7692307692307693","0.7692307692307693","0.7692307692307693","0.7692307692307693","0.7692307692307693","0.7692307692307693","0.7692307692307693","0.7692307692307693","0.7692307692307693","0.7692307692307693","0.7692307692307693","0.7692307692307693","0.7692307692307693","0.7692307692307693","0.7692307692307693","0.7692307692307693","0.7692307692307693","0.7692307692307693","0.7692307692307693","0.7692307692307693","0.7692307692307693","0.7692307692307693","0.773246346346562","0.8223549162320983","0.8203442439178241","0.7702655917940086","0.7692307692307693","0.7692307692307693","0.7692307692307693","0.7692307692307693","0.7692307692307693","0.7692307692307693","0.7692307692307693","0.7692307692307693","0.7692307692307693","0.7692307692307693","0.7692307692307693","0.7692307692307693","0.7692307692307693","0.7692307692307693","0.7692307692307693","0.7692307692307693","0.7692307692307693","0.7845589864240394","0.8320790114867469","0.8121404555871982","0.7692307692307693","0.7692307692307693","0.7692307692307693","0.7692307692307693","0.7692307692307693","0.7692307692307693","0.7692307692307693","0.7692307692307693","0.7692307692307693","0.7692307692307693","0.7692307692307693","0.7692307692307693","0.7692307692307693","0.7692307692307693","0.7692307692307693","0.7692307692307693","0.7692307692307693","0.7692307692307693","0.7692307692307693","0.7692307692307693","0.7692307692307693","0.7692307692307693","0.7692307692307693","0.7692307692307693","0.7692307692307693","0.7692307692307693","0.7692307692307693","0.7692307692307693","0.7692307692307693","0.7692307692307693","0.7692307692307693","0.7692307692307693","0.7692307692307693","0.7692307692307693","0.7692307692307693","0.7692307692307693","0.7692307692307693","0.7692307692307693","0.7692307692307693","0.7692307692307693","0.7692307692307693","0.7692307692307693","0.7692307692307693","0.7692307692307693","0.7692307692307693","0.7692307692307693","0.7692307692307693","0.7692307692307693","0.7692307692307693","0.7692307692307693","0.7692307692307693","0.7692307692307693","0.7692307692307693","0.7692307692307693","0.7692307692307693","0.7692307692307693","0.7692307692307693","0.7692307692307693","0.7692307692307693","0.7692307692307693","0.7692307692307693","0.7692307692307693","0.7692307692307693","0.7692307692307693","0.7692307692307693","0.7692307692307693","0.7692307692307693","0.7692307692307693","0.7692307692307693","0.7692307692307693","0.7692307692307693","0.7692307692307693","0.7692307692307693","0.7692307692307693","0.7692307692307693","0.7692307692307693","0.7692307692307693","0.7692307692307693","0.7692307692307693","0.7692307692307693","0.7692307692307693","0.7692307692307693","0.7692307692307693","0.7692307692307693","0.7692307692307693","0.7692307692307693","0.7692307692307693","0.7692307692307693","0.7692307692307693","0.7692307692307693","0.7692307692307693","0.7692307692307693","0.7692307692307693","0.7692307692307693","0.7692307692307693","0.7692307692307693","0.7692307692307693","0.7692307692307693","0.7692307692307693","0.7692307692307693","0.7692307692307693","0.7692307692307693","0.7692307692307693","0.7692307692307693","0.7713895981624241","0.8078468562251984","0.8443041142879725","0.8124829842878986","0.7770124541708741","0.7968612767728772","0.8322570740211479","0.8243387999060574","0.7884227083717917","0.7692307692307693","0.7692307692307693","0.7692307692307693","0.7692307692307693","0.7692307692307693","0.7692307692307693","0.7692307692307693","0.7692307692307693","0.7692307692307693","0.7692307692307693","0.8017867768528418","0.8357737842064104","0.8224153912299217","0.7882390491330665","0.7692307692307693","0.7692307692307693","0.7692307692307693","0.7692307692307693","0.7692307692307693","0.7993078076240283","0.8334017356458666","0.8246700301201906","0.790349256970939","0.7692307692307693","0.7692307692307693","0.7692307692307693","0.7692307692307693","0.7692307692307693","0.7692307692307693","0.7692307692307693","0.7692307692307693","0.7692307692307693","0.7692307692307693","0.7692307692307693","0.7692307692307693","0.7692307692307693","0.7692307692307693","0.7692307692307693","0.7692307692307693","0.7692307692307693","0.7692307692307693","0.7692307692307693","0.7692307692307693","0.7692307692307693","0.7692307692307693","0.7692307692307693","0.7692307692307693","0.7692307692307693","0.7692307692307693","0.7692307692307693","0.7692307692307693","0.7692307692307693","0.7692307692307693","0.7692307692307693","0.7692307692307693","0.7692307692307693","0.7692307692307693","0.7692307692307693","0.7692307692307693","0.7898922760178634","0.8226517331912824","0.8369017641465327","0.8041609286131475","0.7714200930797621","0.7692307692307693","0.7692307692307693","0.7692307692307693","0.7692307692307693","0.7772763810796711","0.8102712771098615","0.8432661731400519","0.8161970062319882","0.7833669169847511","0.7692307692307693","0.7692307692307693","0.7692307692307693","0.7692307692307693","0.7692307692307693","0.7692307692307693","0.7692307692307693","0.7692307692307693","0.7692307692307693","0.7692307692307693","0.7692307692307693","0.7692307692307693","0.7692307692307693","0.7692307692307693","0.7692307692307693","0.7807964446886906","0.8128498648500089","0.8449032850113273","0.8159863314314151","0.7845940498243511","0.7692307692307693","0.7692307692307693","0.7692307692307693","0.7692307692307693","0.7692307692307693","0.7692307692307693","0.7692307692307693","0.7692307692307693","0.7692307692307693","0.7692307692307693","0.7692307692307693","0.7692307692307693","0.7692307692307693","0.7692307692307693","0.7692307692307693","0.7692307692307693","0.7692307692307693","0.7692307692307693","0.7692307692307693","0.7692307692307693","0.7692307692307693","0.7692307692307693","0.7801099920770485","0.8109700015264999","0.8418300109759514","0.8197091299472229","0.7889554808464484","0.7692307692307693","0.7692307692307693","0.7692307692307693","0.7692307692307693","0.7692307692307693","0.7692307692307693","0.7692307692307693","0.7692307692307693","0.7692307692307693","0.7692307692307693","0.7692307692307693","0.7692307692307693","0.7692307692307693","0.7692307692307693","0.7692307692307693","0.7692307692307693","0.7692307692307693","0.7692307692307693","0.7692307692307693","0.7692307692307693","0.7692307692307693","0.7692307692307693","0.7692307692307693","0.7692307692307693","0.7692307692307693","0.7692307692307693","0.7692307692307693","0.7692307692307693","0.7692307692307693","0.7692307692307693","0.7692307692307693","0.7692307692307693","0.7692307692307693","0.7692307692307693","0.7692307692307693","0.7692307692307693","0.7692307692307693","0.7692307692307693","0.7692307692307693","0.7692307692307693","0.7976022271538749","0.827233228016673","0.8356069171006524","0.8064281219183521","0.7772493267360518","0.7692307692307693","0.7692307692307693","0.7692307692307693","0.7692307692307693","0.7692307692307693","0.7692307692307693","0.7692307692307693","0.7692307692307693","0.7692307692307693","0.7692307692307693","0.7692307692307693","0.7692307692307693","0.7692307692307693","0.7692307692307693","0.7692307692307693","0.7692307692307693","0.7692307692307693","0.7692307692307693","0.7692307692307693","0.7692307692307693","0.7692307692307693","0.7692307692307693","0.7692307692307693","0.7692307692307693","0.7692307692307693","0.7692307692307693","0.7692307692307693","0.7692307692307693","0.7692307692307693","0.7692307692307693","0.7692307692307693","0.7692307692307693","0.7692307692307693","0.7692307692307693","0.7692307692307693","0.7692307692307693","0.7800565992586597","0.807619832705776","0.8351830661528923","0.8296570562264012","0.8022527381505009","0.7748484200746006","0.7692307692307693","0.7692307692307693","0.7692307692307693","0.7692307692307693","0.7692307692307693","0.7692307692307693","0.7692307692307693","0.7692307692307693","0.7692307692307693","0.7692307692307693","0.7692307692307693","0.7692307692307693","0.7692307692307693","0.7692307692307693","0.7952119407713463","0.8230451847397595","0.8415263228809968","0.8142648700983006","0.7870034173156044","0.7692307692307693","0.7692307692307693","0.7692307692307693","274","6722"
"WSPy-NoTypes","mimesis.enums","1590999342605559896","0","1502034067","1.0","7","131","7","131","1.0","1.0","1.0","1.0","1.0","1.0","1.0","1.0","1.0","1.0","1.0","1.0","1.0","1.0","1.0","1.0","1.0","1.0","1.0","1.0","1.0","1.0","1.0","1.0","1.0","1.0","1.0","1.0","1.0","1.0","1.0","1.0","1.0","1.0","1.0","1.0","1.0","1.0","1.0","1.0","1.0","1.0","1.0","1.0","1.0","1.0","1.0","1.0","1.0","1.0","1.0","1.0","1.0","1.0","1.0","1.0","1.0","1.0","1.0","1.0","1.0","1.0","1.0","1.0","1.0","1.0","1.0","1.0","1.0","1.0","1.0","1.0","1.0","1.0","1.0","1.0","1.0","1.0","1.0","1.0","1.0","1.0","1.0","1.0","1.0","1.0","1.0","1.0","1.0","1.0","1.0","1.0","1.0","1.0","1.0","1.0","1.0","1.0","1.0","1.0","1.0","1.0","1.0","1.0","1.0","1.0","1.0","1.0","1.0","1.0","1.0","1.0","1.0","1.0","1.0","1.0","1.0","1.0","1.0","1.0","1.0","1.0","1.0","1.0","1.0","1.0","1.0","1.0","1.0","1.0","1.0","1.0","1.0","1.0","1.0","1.0","1.0","1.0","1.0","1.0","1.0","1.0","1.0","1.0","1.0","1.0","1.0","1.0","1.0","1.0","1.0","1.0","1.0","1.0","1.0","1.0","1.0","1.0","1.0","1.0","1.0","1.0","1.0","1.0","1.0","1.0","1.0","1.0","1.0","1.0","1.0","1.0","1.0","1.0","1.0","1.0","1.0","1.0","1.0","1.0","1.0","1.0","1.0","1.0","1.0","1.0","1.0","1.0","1.0","1.0","1.0","1.0","1.0","1.0","1.0","1.0","1.0","1.0","1.0","1.0","1.0","1.0","1.0","1.0","1.0","1.0","1.0","1.0","1.0","1.0","1.0","1.0","1.0","1.0","1.0","1.0","1.0","1.0","1.0","1.0","1.0","1.0","1.0","1.0","1.0","1.0","1.0","1.0","1.0","1.0","1.0","1.0","1.0","1.0","1.0","1.0","1.0","1.0","1.0","1.0","1.0","1.0","1.0","1.0","1.0","1.0","1.0","1.0","1.0","1.0","1.0","1.0","1.0","1.0","1.0","1.0","1.0","1.0","1.0","1.0","1.0","1.0","1.0","1.0","1.0","1.0","1.0","1.0","1.0","1.0","1.0","1.0","1.0","1.0","1.0","1.0","1.0","1.0","1.0","1.0","1.0","1.0","1.0","1.0","1.0","1.0","1.0","1.0","1.0","1.0","1.0","1.0","1.0","1.0","1.0","1.0","1.0","1.0","1.0","1.0","1.0","1.0","1.0","1.0","1.0","1.0","1.0","1.0","1.0","1.0","1.0","1.0","1.0","1.0","1.0","1.0","1.0","1.0","1.0","1.0","1.0","1.0","1.0","1.0","1.0","1.0","1.0","1.0","1.0","1.0","1.0","1.0","1.0","1.0","1.0","1.0","1.0","1.0","1.0","1.0","1.0","1.0","1.0","1.0","1.0","1.0","1.0","1.0","1.0","1.0","1.0","1.0","1.0","1.0","1.0","1.0","1.0","1.0","1.0","1.0","1.0","1.0","1.0","1.0","1.0","1.0","1.0","1.0","1.0","1.0","1.0","1.0","1.0","1.0","1.0","1.0","1.0","1.0","1.0","1.0","1.0","1.0","1.0","1.0","1.0","1.0","1.0","1.0","1.0","1.0","1.0","1.0","1.0","1.0","1.0","1.0","1.0","1.0","1.0","1.0","1.0","1.0","1.0","1.0","1.0","1.0","1.0","1.0","1.0","1.0","1.0","1.0","1.0","1.0","1.0","1.0","1.0","1.0","1.0","1.0","1.0","1.0","1.0","1.0","1.0","1.0","1.0","1.0","1.0","1.0","1.0","1.0","1.0","1.0","1.0","1.0","1.0","1.0","1.0","1.0","1.0","1.0","1.0","1.0","1.0","1.0","1.0","1.0","1.0","1.0","1.0","1.0","1.0","1.0","1.0","1.0","1.0","1.0","1.0","1.0","1.0","1.0","1.0","1.0","1.0","1.0","1.0","1.0","1.0","1.0","1.0","1.0","1.0","1.0","1.0","1.0","1.0","1.0","1.0","1.0","1.0","1.0","1.0","1.0","1.0","1.0","1.0","1.0","1.0","1.0","1.0","1.0","1.0","1.0","1.0","1.0","1.0","1.0","1.0","1.0","1.0","1.0","1.0","1.0","1.0","1.0","1.0","1.0","1.0","1.0","1.0","1.0","1.0","1.0","1.0","1.0","1.0","1.0","1.0","1.0","1.0","1.0","1.0","1.0","1.0","1.0","1.0","1.0","1.0","1.0","1.0","1.0","1.0","1.0","1.0","1.0","1.0","1.0","1.0","1.0","1.0","1.0","1.0","1.0","1.0","1.0","1.0","1.0","1.0","1.0","1.0","1.0","1.0","1.0","1.0","1.0","1.0","1.0","1.0","1.0","1.0","1.0","1.0","1.0","1.0","1.0","1.0","1.0","1.0","1.0","1.0","1.0","1.0","1.0","1.0","1.0","1.0","1.0","1.0","1.0","1.0","1.0","1.0","1.0","1.0","1.0","1.0","1.0","1.0","1.0","1.0","1.0","1.0","1.0","1.0","1.0","1.0","1.0","1.0","1.0","0","0"
"WSPy-TypeHintsInference","mimesis.providers.business","1590998573715985711","0","3314440707","1.0","8","216","4","112","1.0","1.0","1.0","1.0","1.0","1.0","1.0","1.0","1.0","1.0","1.0","1.0","1.0","1.0","1.0","1.0","1.0","1.0","1.0","1.0","1.0","1.0","1.0","1.0","1.0","1.0","1.0","1.0","1.0","1.0","1.0","1.0","1.0","1.0","1.0","1.0","1.0","1.0","1.0","1.0","1.0","1.0","1.0","1.0","1.0","1.0","1.0","1.0","1.0","1.0","1.0","1.0","1.0","1.0","1.0","1.0","1.0","1.0","1.0","1.0","1.0","1.0","1.0","1.0","1.0","1.0","1.0","1.0","1.0","1.0","1.0","1.0","1.0","1.0","1.0","1.0","1.0","1.0","1.0","1.0","1.0","1.0","1.0","1.0","1.0","1.0","1.0","1.0","1.0","1.0","1.0","1.0","1.0","1.0","1.0","1.0","1.0","1.0","1.0","1.0","1.0","1.0","1.0","1.0","1.0","1.0","1.0","1.0","1.0","1.0","1.0","1.0","1.0","1.0","1.0","1.0","1.0","1.0","1.0","1.0","1.0","1.0","1.0","1.0","1.0","1.0","1.0","1.0","1.0","1.0","1.0","1.0","1.0","1.0","1.0","1.0","1.0","1.0","1.0","1.0","1.0","1.0","1.0","1.0","1.0","1.0","1.0","1.0","1.0","1.0","1.0","1.0","1.0","1.0","1.0","1.0","1.0","1.0","1.0","1.0","1.0","1.0","1.0","1.0","1.0","1.0","1.0","1.0","1.0","1.0","1.0","1.0","1.0","1.0","1.0","1.0","1.0","1.0","1.0","1.0","1.0","1.0","1.0","1.0","1.0","1.0","1.0","1.0","1.0","1.0","1.0","1.0","1.0","1.0","1.0","1.0","1.0","1.0","1.0","1.0","1.0","1.0","1.0","1.0","1.0","1.0","1.0","1.0","1.0","1.0","1.0","1.0","1.0","1.0","1.0","1.0","1.0","1.0","1.0","1.0","1.0","1.0","1.0","1.0","1.0","1.0","1.0","1.0","1.0","1.0","1.0","1.0","1.0","1.0","1.0","1.0","1.0","1.0","1.0","1.0","1.0","1.0","1.0","1.0","1.0","1.0","1.0","1.0","1.0","1.0","1.0","1.0","1.0","1.0","1.0","1.0","1.0","1.0","1.0","1.0","1.0","1.0","1.0","1.0","1.0","1.0","1.0","1.0","1.0","1.0","1.0","1.0","1.0","1.0","1.0","1.0","1.0","1.0","1.0","1.0","1.0","1.0","1.0","1.0","1.0","1.0","1.0","1.0","1.0","1.0","1.0","1.0","1.0","1.0","1.0","1.0","1.0","1.0","1.0","1.0","1.0","1.0","1.0","1.0","1.0","1.0","1.0","1.0","1.0","1.0","1.0","1.0","1.0","1.0","1.0","1.0","1.0","1.0","1.0","1.0","1.0","1.0","1.0","1.0","1.0","1.0","1.0","1.0","1.0","1.0","1.0","1.0","1.0","1.0","1.0","1.0","1.0","1.0","1.0","1.0","1.0","1.0","1.0","1.0","1.0","1.0","1.0","1.0","1.0","1.0","1.0","1.0","1.0","1.0","1.0","1.0","1.0","1.0","1.0","1.0","1.0","1.0","1.0","1.0","1.0","1.0","1.0","1.0","1.0","1.0","1.0","1.0","1.0","1.0","1.0","1.0","1.0","1.0","1.0","1.0","1.0","1.0","1.0","1.0","1.0","1.0","1.0","1.0","1.0","1.0","1.0","1.0","1.0","1.0","1.0","1.0","1.0","1.0","1.0","1.0","1.0","1.0","1.0","1.0","1.0","1.0","1.0","1.0","1.0","1.0","1.0","1.0","1.0","1.0","1.0","1.0","1.0","1.0","1.0","1.0","1.0","1.0","1.0","1.0","1.0","1.0","1.0","1.0","1.0","1.0","1.0","1.0","1.0","1.0","1.0","1.0","1.0","1.0","1.0","1.0","1.0","1.0","1.0","1.0","1.0","1.0","1.0","1.0","1.0","1.0","1.0","1.0","1.0","1.0","1.0","1.0","1.0","1.0","1.0","1.0","1.0","1.0","1.0","1.0","1.0","1.0","1.0","1.0","1.0","1.0","1.0","1.0","1.0","1.0","1.0","1.0","1.0","1.0","1.0","1.0","1.0","1.0","1.0","1.0","1.0","1.0","1.0","1.0","1.0","1.0","1.0","1.0","1.0","1.0","1.0","1.0","1.0","1.0","1.0","1.0","1.0","1.0","1.0","1.0","1.0","1.0","1.0","1.0","1.0","1.0","1.0","1.0","1.0","1.0","1.0","1.0","1.0","1.0","1.0","1.0","1.0","1.0","1.0","1.0","1.0","1.0","1.0","1.0","1.0","1.0","1.0","1.0","1.0","1.0","1.0","1.0","1.0","1.0","1.0","1.0","1.0","1.0","1.0","1.0","1.0","1.0","1.0","1.0","1.0","1.0","1.0","1.0","1.0","1.0","1.0","1.0","1.0","1.0","1.0","1.0","1.0","1.0","1.0","1.0","1.0","1.0","1.0","1.0","1.0","1.0","1.0","1.0","1.0","1.0","1.0","1.0","1.0","1.0","1.0","1.0","1.0","1.0","1.0","1.0","1.0","1.0","1.0","1.0","1.0","1.0","1.0","1.0","1.0","1.0","1.0","1.0","1.0","1.0","1.0","1.0","4","104"
"WSPy-NoTypes","mimesis.providers.science","1590999358678600859","0","2516962628","1.0","8","198","7","193","1.0","1.0","1.0","1.0","1.0","1.0","1.0","1.0","1.0","1.0","1.0","1.0","1.0","1.0","1.0","1.0","1.0","1.0","1.0","1.0","1.0","1.0","1.0","1.0","1.0","1.0","1.0","1.0","1.0","1.0","1.0","1.0","1.0","1.0","1.0","1.0","1.0","1.0","1.0","1.0","1.0","1.0","1.0","1.0","1.0","1.0","1.0","1.0","1.0","1.0","1.0","1.0","1.0","1.0","1.0","1.0","1.0","1.0","1.0","1.0","1.0","1.0","1.0","1.0","1.0","1.0","1.0","1.0","1.0","1.0","1.0","1.0","1.0","1.0","1.0","1.0","1.0","1.0","1.0","1.0","1.0","1.0","1.0","1.0","1.0","1.0","1.0","1.0","1.0","1.0","1.0","1.0","1.0","1.0","1.0","1.0","1.0","1.0","1.0","1.0","1.0","1.0","1.0","1.0","1.0","1.0","1.0","1.0","1.0","1.0","1.0","1.0","1.0","1.0","1.0","1.0","1.0","1.0","1.0","1.0","1.0","1.0","1.0","1.0","1.0","1.0","1.0","1.0","1.0","1.0","1.0","1.0","1.0","1.0","1.0","1.0","1.0","1.0","1.0","1.0","1.0","1.0","1.0","1.0","1.0","1.0","1.0","1.0","1.0","1.0","1.0","1.0","1.0","1.0","1.0","1.0","1.0","1.0","1.0","1.0","1.0","1.0","1.0","1.0","1.0","1.0","1.0","1.0","1.0","1.0","1.0","1.0","1.0","1.0","1.0","1.0","1.0","1.0","1.0","1.0","1.0","1.0","1.0","1.0","1.0","1.0","1.0","1.0","1.0","1.0","1.0","1.0","1.0","1.0","1.0","1.0","1.0","1.0","1.0","1.0","1.0","1.0","1.0","1.0","1.0","1.0","1.0","1.0","1.0","1.0","1.0","1.0","1.0","1.0","1.0","1.0","1.0","1.0","1.0","1.0","1.0","1.0","1.0","1.0","1.0","1.0","1.0","1.0","1.0","1.0","1.0","1.0","1.0","1.0","1.0","1.0","1.0","1.0","1.0","1.0","1.0","1.0","1.0","1.0","1.0","1.0","1.0","1.0","1.0","1.0","1.0","1.0","1.0","1.0","1.0","1.0","1.0","1.0","1.0","1.0","1.0","1.0","1.0","1.0","1.0","1.0","1.0","1.0","1.0","1.0","1.0","1.0","1.0","1.0","1.0","1.0","1.0","1.0","1.0","1.0","1.0","1.0","1.0","1.0","1.0","1.0","1.0","1.0","1.0","1.0","1.0","1.0","1.0","1.0","1.0","1.0","1.0","1.0","1.0","1.0","1.0","1.0","1.0","1.0","1.0","1.0","1.0","1.0","1.0","1.0","1.0","1.0","1.0","1.0","1.0","1.0","1.0","1.0","1.0","1.0","1.0","1.0","1.0","1.0","1.0","1.0","1.0","1.0","1.0","1.0","1.0","1.0","1.0","1.0","1.0","1.0","1.0","1.0","1.0","1.0","1.0","1.0","1.0","1.0","1.0","1.0","1.0","1.0","1.0","1.0","1.0","1.0","1.0","1.0","1.0","1.0","1.0","1.0","1.0","1.0","1.0","1.0","1.0","1.0","1.0","1.0","1.0","1.0","1.0","1.0","1.0","1.0","1.0","1.0","1.0","1.0","1.0","1.0","1.0","1.0","1.0","1.0","1.0","1.0","1.0","1.0","1.0","1.0","1.0","1.0","1.0","1.0","1.0","1.0","1.0","1.0","1.0","1.0","1.0","1.0","1.0","1.0","1.0","1.0","1.0","1.0","1.0","1.0","1.0","1.0","1.0","1.0","1.0","1.0","1.0","1.0","1.0","1.0","1.0","1.0","1.0","1.0","1.0","1.0","1.0","1.0","1.0","1.0","1.0","1.0","1.0","1.0","1.0","1.0","1.0","1.0","1.0","1.0","1.0","1.0","1.0","1.0","1.0","1.0","1.0","1.0","1.0","1.0","1.0","1.0","1.0","1.0","1.0","1.0","1.0","1.0","1.0","1.0","1.0","1.0","1.0","1.0","1.0","1.0","1.0","1.0","1.0","1.0","1.0","1.0","1.0","1.0","1.0","1.0","1.0","1.0","1.0","1.0","1.0","1.0","1.0","1.0","1.0","1.0","1.0","1.0","1.0","1.0","1.0","1.0","1.0","1.0","1.0","1.0","1.0","1.0","1.0","1.0","1.0","1.0","1.0","1.0","1.0","1.0","1.0","1.0","1.0","1.0","1.0","1.0","1.0","1.0","1.0","1.0","1.0","1.0","1.0","1.0","1.0","1.0","1.0","1.0","1.0","1.0","1.0","1.0","1.0","1.0","1.0","1.0","1.0","1.0","1.0","1.0","1.0","1.0","1.0","1.0","1.0","1.0","1.0","1.0","1.0","1.0","1.0","1.0","1.0","1.0","1.0","1.0","1.0","1.0","1.0","1.0","1.0","1.0","1.0","1.0","1.0","1.0","1.0","1.0","1.0","1.0","1.0","1.0","1.0","1.0","1.0","1.0","1.0","1.0","1.0","1.0","1.0","1.0","1.0","1.0","1.0","1.0","1.0","1.0","1.0","1.0","1.0","1.0","1.0","1.0","1.0","1.0","1.0","1.0","1.0","1.0","1.0","1.0","1.0","1.0","1.0","1.0","1","5"
"RandooPy-NoTypes","mimesis.providers.path","1590999146913972047","14986","604737415165","0.35714285714285715","9230","27850","9230","27850","0.35714285714285715","0.35714285714285715","0.35714285714285715","0.35714285714285715","0.35714285714285715","0.35714285714285715","0.35714285714285715","0.35714285714285715","0.35714285714285715","0.35714285714285715","0.35714285714285715","0.35714285714285715","0.35714285714285715","0.35714285714285715","0.35714285714285715","0.35714285714285715","0.35714285714285715","0.35714285714285715","0.35714285714285715","0.35714285714285715","0.35714285714285715","0.35714285714285715","0.35714285714285715","0.35714285714285715","0.35714285714285715","0.35714285714285715","0.35714285714285715","0.35714285714285715","0.35714285714285715","0.35714285714285715","0.35714285714285715","0.35714285714285715","0.35714285714285715","0.35714285714285715","0.35714285714285715","0.35714285714285715","0.35714285714285715","0.35714285714285715","0.35714285714285715","0.35714285714285715","0.35714285714285715","0.35714285714285715","0.35714285714285715","0.35714285714285715","0.35714285714285715","0.35714285714285715","0.35714285714285715","0.35714285714285715","0.35714285714285715","0.35714285714285715","0.35714285714285715","0.35714285714285715","0.35714285714285715","0.35714285714285715","0.35714285714285715","0.35714285714285715","0.35714285714285715","0.35714285714285715","0.35714285714285715","0.35714285714285715","0.35714285714285715","0.35714285714285715","0.35714285714285715","0.35714285714285715","0.35714285714285715","0.35714285714285715","0.35714285714285715","0.35714285714285715","0.35714285714285715","0.35714285714285715","0.35714285714285715","0.35714285714285715","0.35714285714285715","0.35714285714285715","0.35714285714285715","0.35714285714285715","0.35714285714285715","0.35714285714285715","0.35714285714285715","0.35714285714285715","0.35714285714285715","0.35714285714285715","0.35714285714285715","0.35714285714285715","0.35714285714285715","0.35714285714285715","0.35714285714285715","0.35714285714285715","0.35714285714285715","0.35714285714285715","0.35714285714285715","0.35714285714285715","0.35714285714285715","0.35714285714285715","0.35714285714285715","0.35714285714285715","0.35714285714285715","0.35714285714285715","0.35714285714285715","0.35714285714285715","0.35714285714285715","0.35714285714285715","0.35714285714285715","0.35714285714285715","0.35714285714285715","0.35714285714285715","0.35714285714285715","0.35714285714285715","0.35714285714285715","0.35714285714285715","0.35714285714285715","0.35714285714285715","0.35714285714285715","0.35714285714285715","0.35714285714285715","0.35714285714285715","0.35714285714285715","0.35714285714285715","0.35714285714285715","0.35714285714285715","0.35714285714285715","0.35714285714285715","0.35714285714285715","0.35714285714285715","0.35714285714285715","0.35714285714285715","0.35714285714285715","0.35714285714285715","0.35714285714285715","0.35714285714285715","0.35714285714285715","0.35714285714285715","0.35714285714285715","0.35714285714285715","0.35714285714285715","0.35714285714285715","0.35714285714285715","0.35714285714285715","0.35714285714285715","0.35714285714285715","0.35714285714285715","0.35714285714285715","0.35714285714285715","0.35714285714285715","0.35714285714285715","0.35714285714285715","0.35714285714285715","0.35714285714285715","0.35714285714285715","0.35714285714285715","0.35714285714285715","0.35714285714285715","0.35714285714285715","0.35714285714285715","0.35714285714285715","0.35714285714285715","0.35714285714285715","0.35714285714285715","0.35714285714285715","0.35714285714285715","0.35714285714285715","0.35714285714285715","0.35714285714285715","0.35714285714285715","0.35714285714285715","0.35714285714285715","0.35714285714285715","0.35714285714285715","0.35714285714285715","0.35714285714285715","0.35714285714285715","0.35714285714285715","0.35714285714285715","0.35714285714285715","0.35714285714285715","0.35714285714285715","0.35714285714285715","0.35714285714285715","0.35714285714285715","0.35714285714285715","0.35714285714285715","0.35714285714285715","0.35714285714285715","0.35714285714285715","0.35714285714285715","0.35714285714285715","0.35714285714285715","0.35714285714285715","0.35714285714285715","0.35714285714285715","0.35714285714285715","0.35714285714285715","0.35714285714285715","0.35714285714285715","0.35714285714285715","0.35714285714285715","0.35714285714285715","0.35714285714285715","0.35714285714285715","0.35714285714285715","0.35714285714285715","0.35714285714285715","0.35714285714285715","0.35714285714285715","0.35714285714285715","0.35714285714285715","0.35714285714285715","0.35714285714285715","0.35714285714285715","0.35714285714285715","0.35714285714285715","0.35714285714285715","0.35714285714285715","0.35714285714285715","0.35714285714285715","0.35714285714285715","0.35714285714285715","0.35714285714285715","0.35714285714285715","0.35714285714285715","0.35714285714285715","0.35714285714285715","0.35714285714285715","0.35714285714285715","0.35714285714285715","0.35714285714285715","0.35714285714285715","0.35714285714285715","0.35714285714285715","0.35714285714285715","0.35714285714285715","0.35714285714285715","0.35714285714285715","0.35714285714285715","0.35714285714285715","0.35714285714285715","0.35714285714285715","0.35714285714285715","0.35714285714285715","0.35714285714285715","0.35714285714285715","0.35714285714285715","0.35714285714285715","0.35714285714285715","0.35714285714285715","0.35714285714285715","0.35714285714285715","0.35714285714285715","0.35714285714285715","0.35714285714285715","0.35714285714285715","0.35714285714285715","0.35714285714285715","0.35714285714285715","0.35714285714285715","0.35714285714285715","0.35714285714285715","0.35714285714285715","0.35714285714285715","0.35714285714285715","0.35714285714285715","0.35714285714285715","0.35714285714285715","0.35714285714285715","0.35714285714285715","0.35714285714285715","0.35714285714285715","0.35714285714285715","0.35714285714285715","0.35714285714285715","0.35714285714285715","0.35714285714285715","0.35714285714285715","0.35714285714285715","0.35714285714285715","0.35714285714285715","0.35714285714285715","0.35714285714285715","0.35714285714285715","0.35714285714285715","0.35714285714285715","0.35714285714285715","0.35714285714285715","0.35714285714285715","0.35714285714285715","0.35714285714285715","0.35714285714285715","0.35714285714285715","0.35714285714285715","0.35714285714285715","0.35714285714285715","0.35714285714285715","0.35714285714285715","0.35714285714285715","0.35714285714285715","0.35714285714285715","0.35714285714285715","0.35714285714285715","0.35714285714285715","0.35714285714285715","0.35714285714285715","0.35714285714285715","0.35714285714285715","0.35714285714285715","0.35714285714285715","0.35714285714285715","0.35714285714285715","0.35714285714285715","0.35714285714285715","0.35714285714285715","0.35714285714285715","0.35714285714285715","0.35714285714285715","0.35714285714285715","0.35714285714285715","0.35714285714285715","0.35714285714285715","0.35714285714285715","0.35714285714285715","0.35714285714285715","0.35714285714285715","0.35714285714285715","0.35714285714285715","0.35714285714285715","0.35714285714285715","0.35714285714285715","0.35714285714285715","0.35714285714285715","0.35714285714285715","0.35714285714285715","0.35714285714285715","0.35714285714285715","0.35714285714285715","0.35714285714285715","0.35714285714285715","0.35714285714285715","0.35714285714285715","0.35714285714285715","0.35714285714285715","0.35714285714285715","0.35714285714285715","0.35714285714285715","0.35714285714285715","0.35714285714285715","0.35714285714285715","0.35714285714285715","0.35714285714285715","0.35714285714285715","0.35714285714285715","0.35714285714285715","0.35714285714285715","0.35714285714285715","0.35714285714285715","0.35714285714285715","0.35714285714285715","0.35714285714285715","0.35714285714285715","0.35714285714285715","0.35714285714285715","0.35714285714285715","0.35714285714285715","0.35714285714285715","0.35714285714285715","0.35714285714285715","0.35714285714285715","0.35714285714285715","0.35714285714285715","0.35714285714285715","0.35714285714285715","0.35714285714285715","0.35714285714285715","0.35714285714285715","0.35714285714285715","0.35714285714285715","0.35714285714285715","0.35714285714285715","0.35714285714285715","0.35714285714285715","0.35714285714285715","0.35714285714285715","0.35714285714285715","0.35714285714285715","0.35714285714285715","0.35714285714285715","0.35714285714285715","0.35714285714285715","0.35714285714285715","0.35714285714285715","0.35714285714285715","0.35714285714285715","0.35714285714285715","0.35714285714285715","0.35714285714285715","0.35714285714285715","0.35714285714285715","0.35714285714285715","0.35714285714285715","0.35714285714285715","0.35714285714285715","0.35714285714285715","0.35714285714285715","0.35714285714285715","0.35714285714285715","0.35714285714285715","0.35714285714285715","0.35714285714285715","0.35714285714285715","0.35714285714285715","0.35714285714285715","0.35714285714285715","0.35714285714285715","0.35714285714285715","0.35714285714285715","0.35714285714285715","0.35714285714285715","0.35714285714285715","0.35714285714285715","0.35714285714285715","0.35714285714285715","0.35714285714285715","0.35714285714285715","0.35714285714285715","0.35714285714285715","0.35714285714285715","0.35714285714285715","0.35714285714285715","0.35714285714285715","0.35714285714285715","0.35714285714285715","0.35714285714285715","0.35714285714285715","0.35714285714285715","0.35714285714285715","0.35714285714285715","0.35714285714285715","0.35714285714285715","0.35714285714285715","0.35714285714285715","0.35714285714285715","0.35714285714285715","0.35714285714285715","0.35714285714285715","0.35714285714285715","0.35714285714285715","0.35714285714285715","0.35714285714285715","0.35714285714285715","0.35714285714285715","0.35714285714285715","0.35714285714285715","0.35714285714285715","0.35714285714285715","0.35714285714285715","0.35714285714285715","0.35714285714285715","0.35714285714285715","0.35714285714285715","0.35714285714285715","0.35714285714285715","0.35714285714285715","0.35714285714285715","0.35714285714285715","0.35714285714285715","0.35714285714285715","0.35714285714285715","0.35714285714285715","0.35714285714285715","0.35714285714285715","0.35714285714285715","0.35714285714285715","0.35714285714285715","0.35714285714285715","0.35714285714285715","0.35714285714285715","0.35714285714285715","0.35714285714285715","0.35714285714285715","0.35714285714285715","0.35714285714285715","0.35714285714285715","0.35714285714285715","0.35714285714285715","0.35714285714285715","0.35714285714285715","0.35714285714285715","0.35714285714285715","0.35714285714285715","0.35714285714285715","0.35714285714285715","0.35714285714285715","0.35714285714285715","0.35714285714285715","0.35714285714285715","0.35714285714285715","0.35714285714285715","0.35714285714285715","0.35714285714285715","0.35714285714285715","0.35714285714285715","0.35714285714285715","0.35714285714285715","0.35714285714285715","0.35714285714285715","0.35714285714285715","0.35714285714285715","0.35714285714285715","0.35714285714285715","0.35714285714285715","0.35714285714285715","0.35714285714285715","0.35714285714285715","0.35714285714285715","0.35714285714285715","0.35714285714285715","0.35714285714285715","0.35714285714285715","0.35714285714285715","0.35714285714285715","0.35714285714285715","0.35714285714285715","0.35714285714285715","0.35714285714285715","0.35714285714285715","0.35714285714285715","0.35714285714285715","0.35714285714285715","0.35714285714285715","0.35714285714285715","0.35714285714285715","0.35714285714285715","0.35714285714285715","0.35714285714285715","0.35714285714285715","0.35714285714285715","0.35714285714285715","0.35714285714285715","0.35714285714285715","0.35714285714285715","0.35714285714285715","0.35714285714285715","0.35714285714285715","0.35714285714285715","0.35714285714285715","0.35714285714285715","0.35714285714285715","0.35714285714285715","0.35714285714285715","0.35714285714285715","0.35714285714285715","0.35714285714285715","0.35714285714285715","0.35714285714285715","0.35714285714285715","0.35714285714285715","0.35714285714285715","0.35714285714285715","0.35714285714285715","0.35714285714285715","0.35714285714285715","0.35714285714285715","0.35714285714285715","0.35714285714285715","0.35714285714285715","0.35714285714285715","0.35714285714285715","0.35714285714285715","0.35714285714285715","0.35714285714285715","0.35714285714285715","0.35714285714285715","0.35714285714285715","0.35714285714285715","0.35714285714285715","0.35714285714285715","0.35714285714285715","0.35714285714285715","0.35714285714285715","0.35714285714285715","0.35714285714285715","0.35714285714285715","0.35714285714285715","0.35714285714285715","0.35714285714285715","0.35714285714285715","0.35714285714285715","0.35714285714285715","0.35714285714285715","0.35714285714285715","0.35714285714285715","0.35714285714285715","0.35714285714285715","0.35714285714285715","0.35714285714285715","0.35714285714285715","0.35714285714285715","0.35714285714285715","0.35714285714285715","0.35714285714285715","0.35714285714285715","0.35714285714285715","0","0"
"RandooPy-TypeHintsInference","mimesis.builtins.pt_br","1590998448628578505","325","607551232657","0.8","313","8833","4","73","0.8","0.8","0.8","0.8","0.8","0.8","0.8","0.8","0.8","0.8","0.8","0.8","0.8","0.8","0.8","0.8","0.8","0.8","0.8","0.8","0.8","0.8","0.8","0.8","0.8","0.8","0.8","0.8","0.8","0.8","0.8","0.8","0.8","0.8","0.8","0.8","0.8","0.8","0.8","0.8","0.8","0.8","0.8","0.8","0.8","0.8","0.8","0.8","0.8","0.8","0.8","0.8","0.8","0.8","0.8","0.8","0.8","0.8","0.8","0.8","0.8","0.8","0.8","0.8","0.8","0.8","0.8","0.8","0.8","0.8","0.8","0.8","0.8","0.8","0.8","0.8","0.8","0.8","0.8","0.8","0.8","0.8","0.8","0.8","0.8","0.8","0.8","0.8","0.8","0.8","0.8","0.8","0.8","0.8","0.8","0.8","0.8","0.8","0.8","0.8","0.8","0.8","0.8","0.8","0.8","0.8","0.8","0.8","0.8","0.8","0.8","0.8","0.8","0.8","0.8","0.8","0.8","0.8","0.8","0.8","0.8","0.8","0.8","0.8","0.8","0.8","0.8","0.8","0.8","0.8","0.8","0.8","0.8","0.8","0.8","0.8","0.8","0.8","0.8","0.8","0.8","0.8","0.8","0.8","0.8","0.8","0.8","0.8","0.8","0.8","0.8","0.8","0.8","0.8","0.8","0.8","0.8","0.8","0.8","0.8","0.8","0.8","0.8","0.8","0.8","0.8","0.8","0.8","0.8","0.8","0.8","0.8","0.8","0.8","0.8","0.8","0.8","0.8","0.8","0.8","0.8","0.8","0.8","0.8","0.8","0.8","0.8","0.8","0.8","0.8","0.8","0.8","0.8","0.8","0.8","0.8","0.8","0.8","0.8","0.8","0.8","0.8","0.8","0.8","0.8","0.8","0.8","0.8","0.8","0.8","0.8","0.8","0.8","0.8","0.8","0.8","0.8","0.8","0.8","0.8","0.8","0.8","0.8","0.8","0.8","0.8","0.8","0.8","0.8","0.8","0.8","0.8","0.8","0.8","0.8","0.8","0.8","0.8","0.8","0.8","0.8","0.8","0.8","0.8","0.8","0.8","0.8","0.8","0.8","0.8","0.8","0.8","0.8","0.8","0.8","0.8","0.8","0.8","0.8","0.8","0.8","0.8","0.8","0.8","0.8","0.8","0.8","0.8","0.8","0.8","0.8","0.8","0.8","0.8","0.8","0.8","0.8","0.8","0.8","0.8","0.8","0.8","0.8","0.8","0.8","0.8","0.8","0.8","0.8","0.8","0.8","0.8","0.8","0.8","0.8","0.8","0.8","0.8","0.8","0.8","0.8","0.8","0.8","0.8","0.8","0.8","0.8","0.8","0.8","0.8","0.8","0.8","0.8","0.8","0.8","0.8","0.8","0.8","0.8","0.8","0.8","0.8","0.8","0.8","0.8","0.8","0.8","0.8","0.8","0.8","0.8","0.8","0.8","0.8","0.8","0.8","0.8","0.8","0.8","0.8","0.8","0.8","0.8","0.8","0.8","0.8","0.8","0.8","0.8","0.8","0.8","0.8","0.8","0.8","0.8","0.8","0.8","0.8","0.8","0.8","0.8","0.8","0.8","0.8","0.8","0.8","0.8","0.8","0.8","0.8","0.8","0.8","0.8","0.8","0.8","0.8","0.8","0.8","0.8","0.8","0.8","0.8","0.8","0.8","0.8","0.8","0.8","0.8","0.8","0.8","0.8","0.8","0.8","0.8","0.8","0.8","0.8","0.8","0.8","0.8","0.8","0.8","0.8","0.8","0.8","0.8","0.8","0.8","0.8","0.8","0.8","0.8","0.8","0.8","0.8","0.8","0.8","0.8","0.8","0.8","0.8","0.8","0.8","0.8","0.8","0.8","0.8","0.8","0.8","0.8","0.8","0.8","0.8","0.8","0.8","0.8","0.8","0.8","0.8","0.8","0.8","0.8","0.8","0.8","0.8","0.8","0.8","0.8","0.8","0.8","0.8","0.8","0.8","0.8","0.8","0.8","0.8","0.8","0.8","0.8","0.8","0.8","0.8","0.8","0.8","0.8","0.8","0.8","0.8","0.8","0.8","0.8","0.8","0.8","0.8","0.8","0.8","0.8","0.8","0.8","0.8","0.8","0.8","0.8","0.8","0.8","0.8","0.8","0.8","0.8","0.8","0.8","0.8","0.8","0.8","0.8","0.8","0.8","0.8","0.8","0.8","0.8","0.8","0.8","0.8","0.8","0.8","0.8","0.8","0.8","0.8","0.8","0.8","0.8","0.8","0.8","0.8","0.8","0.8","0.8","0.8","0.8","0.8","0.8","0.8","0.8","0.8","0.8","0.8","0.8","0.8","0.8","0.8","0.8","0.8","0.8","0.8","0.8","0.8","0.8","0.8","0.8","0.8","0.8","0.8","0.8","0.8","0.8","0.8","0.8","0.8","0.8","0.8","0.8","0.8","0.8","0.8","0.8","0.8","0.8","0.8","0.8","0.8","0.8","0.8","0.8","0.8","0.8","0.8","0.8","0.8","0.8","0.8","0.8","0.8","0.8","0.8","0.8","0.8","0.8","0.8","0.8","0.8","0.8","0.8","0.8","0.8","0.8","0.8","0.8","0.8","0.8","0.8","0.8","0.8","0.8","0.8","0.8","0.8","0.8","309","8760"
"WSPy-TypeHintsInference","mimesis.providers.path","1590998526373050069","1597","600276593602","0.9285714285714286","9","115","7","107","0.42857142857142855","0.42857142857142855","0.42857142857142855","0.42857142857142855","0.42857142857142855","0.42857142857142855","0.42857142857142855","0.42857142857142855","0.42857142857142855","0.42857142857142855","0.42857142857142855","0.42857142857142855","0.42857142857142855","0.42857142857142855","0.42857142857142855","0.42857142857142855","0.42857142857142855","0.42857142857142855","0.42857142857142855","0.42857142857142855","0.42857142857142855","0.42857142857142855","0.42857142857142855","0.42857142857142855","0.42857142857142855","0.42857142857142855","0.42857142857142855","0.42857142857142855","0.42857142857142855","0.42857142857142855","0.42857142857142855","0.42857142857142855","0.42857142857142855","0.42857142857142855","0.42857142857142855","0.42857142857142855","0.42857142857142855","0.42857142857142855","0.42857142857142855","0.42857142857142855","0.42857142857142855","0.42857142857142855","0.42857142857142855","0.42857142857142855","0.42857142857142855","0.42857142857142855","0.42857142857142855","0.42857142857142855","0.42857142857142855","0.42857142857142855","0.42857142857142855","0.42857142857142855","0.42857142857142855","0.42857142857142855","0.42857142857142855","0.42857142857142855","0.42857142857142855","0.42857142857142855","0.42857142857142855","0.42857142857142855","0.42857142857142855","0.42857142857142855","0.5528038948192429","0.5714285714285714","0.5714285714285714","0.7142857142857143","0.7142857142857143","0.7142857142857143","0.7142857142857143","0.7142857142857143","0.7142857142857143","0.7623061675101385","0.8548524051261724","0.8571428571428571","0.8571428571428571","0.8571428571428571","0.8571428571428571","0.8571428571428571","0.8571428571428571","0.8571428571428571","0.8571428571428571","0.9283707094844392","0.9285714285714286","0.9285714285714286","0.9285714285714286","0.9285714285714286","0.9285714285714286","0.9285714285714286","0.9285714285714286","0.9285714285714286","0.9285714285714286","0.9285714285714286","0.9285714285714286","0.9285714285714286","0.9285714285714286","0.9285714285714286","0.9285714285714286","0.9285714285714286","0.9285714285714286","0.9285714285714286","0.9285714285714286","0.9285714285714286","0.9285714285714286","0.9285714285714286","0.9285714285714286","0.9285714285714286","0.9285714285714286","0.9285714285714286","0.9285714285714286","0.9285714285714286","0.9285714285714286","0.9285714285714286","0.9285714285714286","0.9285714285714286","0.9285714285714286","0.9285714285714286","0.9285714285714286","0.9285714285714286","0.9285714285714286","0.9285714285714286","0.9285714285714286","0.9285714285714286","0.9285714285714286","0.9285714285714286","0.9285714285714286","0.9285714285714286","0.9285714285714286","0.9285714285714286","0.9285714285714286","0.9285714285714286","0.9285714285714286","0.9285714285714286","0.9285714285714286","0.9285714285714286","0.9285714285714286","0.9285714285714286","0.9285714285714286","0.9285714285714286","0.9285714285714286","0.9285714285714286","0.9285714285714286","0.9285714285714286","0.9285714285714286","0.9285714285714286","0.9285714285714286","0.9285714285714286","0.9285714285714286","0.9285714285714286","0.9285714285714286","0.9285714285714286","0.9285714285714286","0.9285714285714286","0.9285714285714286","0.9285714285714286","0.9285714285714286","0.9285714285714286","0.9285714285714286","0.9285714285714286","0.9285714285714286","0.9285714285714286","0.9285714285714286","0.9285714285714286","0.9285714285714286","0.9285714285714286","0.9285714285714286","0.9285714285714286","0.9285714285714286","0.9285714285714286","0.9285714285714286","0.9285714285714286","0.9285714285714286","0.9285714285714286","0.9285714285714286","0.9285714285714286","0.9285714285714286","0.9285714285714286","0.9285714285714286","0.9285714285714286","0.9285714285714286","0.9285714285714286","0.9285714285714286","0.9285714285714286","0.9285714285714286","0.9285714285714286","0.9285714285714286","0.9285714285714286","0.9285714285714286","0.9285714285714286","0.9285714285714286","0.9285714285714286","0.9285714285714286","0.9285714285714286","0.9285714285714286","0.9285714285714286","0.9285714285714286","0.9285714285714286","0.9285714285714286","0.9285714285714286","0.9285714285714286","0.9285714285714286","0.9285714285714286","0.9285714285714286","0.9285714285714286","0.9285714285714286","0.9285714285714286","0.9285714285714286","0.9285714285714286","0.9285714285714286","0.9285714285714286","0.9285714285714286","0.9285714285714286","0.9285714285714286","0.9285714285714286","0.9285714285714286","0.9285714285714286","0.9285714285714286","0.9285714285714286","0.9285714285714286","0.9285714285714286","0.9285714285714286","0.9285714285714286","0.9285714285714286","0.9285714285714286","0.9285714285714286","0.9285714285714286","0.9285714285714286","0.9285714285714286","0.9285714285714286","0.9285714285714286","0.9285714285714286","0.9285714285714286","0.9285714285714286","0.9285714285714286","0.9285714285714286","0.9285714285714286","0.9285714285714286","0.9285714285714286","0.9285714285714286","0.9285714285714286","0.9285714285714286","0.9285714285714286","0.9285714285714286","0.9285714285714286","0.9285714285714286","0.9285714285714286","0.9285714285714286","0.9285714285714286","0.9285714285714286","0.9285714285714286","0.9285714285714286","0.9285714285714286","0.9285714285714286","0.9285714285714286","0.9285714285714286","0.9285714285714286","0.9285714285714286","0.9285714285714286","0.9285714285714286","0.9285714285714286","0.9285714285714286","0.9285714285714286","0.9285714285714286","0.9285714285714286","0.9285714285714286","0.9285714285714286","0.9285714285714286","0.9285714285714286","0.9285714285714286","0.9285714285714286","0.9285714285714286","0.9285714285714286","0.9285714285714286","0.9285714285714286","0.9285714285714286","0.9285714285714286","0.9285714285714286","0.9285714285714286","0.9285714285714286","0.9285714285714286","0.9285714285714286","0.9285714285714286","0.9285714285714286","0.9285714285714286","0.9285714285714286","0.9285714285714286","0.9285714285714286","0.9285714285714286","0.9285714285714286","0.9285714285714286","0.9285714285714286","0.9285714285714286","0.9285714285714286","0.9285714285714286","0.9285714285714286","0.9285714285714286","0.9285714285714286","0.9285714285714286","0.9285714285714286","0.9285714285714286","0.9285714285714286","0.9285714285714286","0.9285714285714286","0.9285714285714286","0.9285714285714286","0.9285714285714286","0.9285714285714286","0.9285714285714286","0.9285714285714286","0.9285714285714286","0.9285714285714286","0.9285714285714286","0.9285714285714286","0.9285714285714286","0.9285714285714286","0.9285714285714286","0.9285714285714286","0.9285714285714286","0.9285714285714286","0.9285714285714286","0.9285714285714286","0.9285714285714286","0.9285714285714286","0.9285714285714286","0.9285714285714286","0.9285714285714286","0.9285714285714286","0.9285714285714286","0.9285714285714286","0.9285714285714286","0.9285714285714286","0.9285714285714286","0.9285714285714286","0.9285714285714286","0.9285714285714286","0.9285714285714286","0.9285714285714286","0.9285714285714286","0.9285714285714286","0.9285714285714286","0.9285714285714286","0.9285714285714286","0.9285714285714286","0.9285714285714286","0.9285714285714286","0.9285714285714286","0.9285714285714286","0.9285714285714286","0.9285714285714286","0.9285714285714286","0.9285714285714286","0.9285714285714286","0.9285714285714286","0.9285714285714286","0.9285714285714286","0.9285714285714286","0.9285714285714286","0.9285714285714286","0.9285714285714286","0.9285714285714286","0.9285714285714286","0.9285714285714286","0.9285714285714286","0.9285714285714286","0.9285714285714286","0.9285714285714286","0.9285714285714286","0.9285714285714286","0.9285714285714286","0.9285714285714286","0.9285714285714286","0.9285714285714286","0.9285714285714286","0.9285714285714286","0.9285714285714286","0.9285714285714286","0.9285714285714286","0.9285714285714286","0.9285714285714286","0.9285714285714286","0.9285714285714286","0.9285714285714286","0.9285714285714286","0.9285714285714286","0.9285714285714286","0.9285714285714286","0.9285714285714286","0.9285714285714286","0.9285714285714286","0.9285714285714286","0.9285714285714286","0.9285714285714286","0.9285714285714286","0.9285714285714286","0.9285714285714286","0.9285714285714286","0.9285714285714286","0.9285714285714286","0.9285714285714286","0.9285714285714286","0.9285714285714286","0.9285714285714286","0.9285714285714286","0.9285714285714286","0.9285714285714286","0.9285714285714286","0.9285714285714286","0.9285714285714286","0.9285714285714286","0.9285714285714286","0.9285714285714286","0.9285714285714286","0.9285714285714286","0.9285714285714286","0.9285714285714286","0.9285714285714286","0.9285714285714286","0.9285714285714286","0.9285714285714286","0.9285714285714286","0.9285714285714286","0.9285714285714286","0.9285714285714286","0.9285714285714286","0.9285714285714286","0.9285714285714286","0.9285714285714286","0.9285714285714286","0.9285714285714286","0.9285714285714286","0.9285714285714286","0.9285714285714286","0.9285714285714286","0.9285714285714286","0.9285714285714286","0.9285714285714286","0.9285714285714286","0.9285714285714286","0.9285714285714286","0.9285714285714286","0.9285714285714286","0.9285714285714286","0.9285714285714286","0.9285714285714286","0.9285714285714286","0.9285714285714286","0.9285714285714286","0.9285714285714286","0.9285714285714286","0.9285714285714286","0.9285714285714286","0.9285714285714286","0.9285714285714286","0.9285714285714286","0.9285714285714286","0.9285714285714286","0.9285714285714286","0.9285714285714286","0.9285714285714286","0.9285714285714286","0.9285714285714286","0.9285714285714286","0.9285714285714286","0.9285714285714286","0.9285714285714286","0.9285714285714286","0.9285714285714286","0.9285714285714286","0.9285714285714286","0.9285714285714286","0.9285714285714286","0.9285714285714286","0.9285714285714286","0.9285714285714286","0.9285714285714286","0.9285714285714286","0.9285714285714286","0.9285714285714286","0.9285714285714286","0.9285714285714286","0.9285714285714286","0.9285714285714286","0.9285714285714286","0.9285714285714286","0.9285714285714286","0.9285714285714286","0.9285714285714286","0.9285714285714286","0.9285714285714286","0.9285714285714286","0.9285714285714286","0.9285714285714286","0.9285714285714286","0.9285714285714286","0.9285714285714286","0.9285714285714286","0.9285714285714286","0.9285714285714286","0.9285714285714286","0.9285714285714286","0.9285714285714286","0.9285714285714286","0.9285714285714286","0.9285714285714286","0.9285714285714286","0.9285714285714286","0.9285714285714286","0.9285714285714286","0.9285714285714286","0.9285714285714286","0.9285714285714286","0.9285714285714286","0.9285714285714286","0.9285714285714286","0.9285714285714286","0.9285714285714286","0.9285714285714286","0.9285714285714286","0.9285714285714286","0.9285714285714286","0.9285714285714286","0.9285714285714286","0.9285714285714286","0.9285714285714286","0.9285714285714286","0.9285714285714286","0.9285714285714286","0.9285714285714286","0.9285714285714286","0.9285714285714286","0.9285714285714286","0.9285714285714286","0.9285714285714286","0.9285714285714286","0.9285714285714286","0.9285714285714286","0.9285714285714286","0.9285714285714286","0.9285714285714286","0.9285714285714286","0.9285714285714286","0.9285714285714286","0.9285714285714286","0.9285714285714286","0.9285714285714286","0.9285714285714286","0.9285714285714286","0.9285714285714286","0.9285714285714286","0.9285714285714286","0.9285714285714286","0.9285714285714286","0.9285714285714286","0.9285714285714286","0.9285714285714286","0.9285714285714286","0.9285714285714286","0.9285714285714286","0.9285714285714286","0.9285714285714286","0.9285714285714286","0.9285714285714286","0.9285714285714286","0.9285714285714286","0.9285714285714286","0.9285714285714286","0.9285714285714286","0.9285714285714286","0.9285714285714286","0.9285714285714286","0.9285714285714286","0.9285714285714286","0.9285714285714286","0.9285714285714286","0.9285714285714286","0.9285714285714286","0.9285714285714286","0.9285714285714286","0.9285714285714286","0.9285714285714286","0.9285714285714286","0.9285714285714286","0.9285714285714286","0.9285714285714286","0.9285714285714286","0.9285714285714286","0.9285714285714286","0.9285714285714286","0.9285714285714286","0.9285714285714286","0.9285714285714286","0.9285714285714286","0.9285714285714286","0.9285714285714286","0.9285714285714286","0.9285714285714286","0.9285714285714286","0.9285714285714286","0.9285714285714286","0.9285714285714286","0.9285714285714286","2","8"
"WSPy-TypeHintsInference","mimesis.builtins.it","1590998574039049078","2373","600290673261","0.8571428571428571","5","68","4","64","0.8571428571428571","0.8571428571428571","0.8571428571428571","0.8571428571428571","0.8571428571428571","0.8571428571428571","0.8571428571428571","0.8571428571428571","0.8571428571428571","0.8571428571428571","0.8571428571428571","0.8571428571428571","0.8571428571428571","0.8571428571428571","0.8571428571428571","0.8571428571428571","0.8571428571428571","0.8571428571428571","0.8571428571428571","0.8571428571428571","0.8571428571428571","0.8571428571428571","0.8571428571428571","0.8571428571428571","0.8571428571428571","0.8571428571428571","0.8571428571428571","0.8571428571428571","0.8571428571428571","0.8571428571428571","0.8571428571428571","0.8571428571428571","0.8571428571428571","0.8571428571428571","0.8571428571428571","0.8571428571428571","0.8571428571428571","0.8571428571428571","0.8571428571428571","0.8571428571428571","0.8571428571428571","0.8571428571428571","0.8571428571428571","0.8571428571428571","0.8571428571428571","0.8571428571428571","0.8571428571428571","0.8571428571428571","0.8571428571428571","0.8571428571428571","0.8571428571428571","0.8571428571428571","0.8571428571428571","0.8571428571428571","0.8571428571428571","0.8571428571428571","0.8571428571428571","0.8571428571428571","0.8571428571428571","0.8571428571428571","0.8571428571428571","0.8571428571428571","0.8571428571428571","0.8571428571428571","0.8571428571428571","0.8571428571428571","0.8571428571428571","0.8571428571428571","0.8571428571428571","0.8571428571428571","0.8571428571428571","0.8571428571428571","0.8571428571428571","0.8571428571428571","0.8571428571428571","0.8571428571428571","0.8571428571428571","0.8571428571428571","0.8571428571428571","0.8571428571428571","0.8571428571428571","0.8571428571428571","0.8571428571428571","0.8571428571428571","0.8571428571428571","0.8571428571428571","0.8571428571428571","0.8571428571428571","0.8571428571428571","0.8571428571428571","0.8571428571428571","0.8571428571428571","0.8571428571428571","0.8571428571428571","0.8571428571428571","0.8571428571428571","0.8571428571428571","0.8571428571428571","0.8571428571428571","0.8571428571428571","0.8571428571428571","0.8571428571428571","0.8571428571428571","0.8571428571428571","0.8571428571428571","0.8571428571428571","0.8571428571428571","0.8571428571428571","0.8571428571428571","0.8571428571428571","0.8571428571428571","0.8571428571428571","0.8571428571428571","0.8571428571428571","0.8571428571428571","0.8571428571428571","0.8571428571428571","0.8571428571428571","0.8571428571428571","0.8571428571428571","0.8571428571428571","0.8571428571428571","0.8571428571428571","0.8571428571428571","0.8571428571428571","0.8571428571428571","0.8571428571428571","0.8571428571428571","0.8571428571428571","0.8571428571428571","0.8571428571428571","0.8571428571428571","0.8571428571428571","0.8571428571428571","0.8571428571428571","0.8571428571428571","0.8571428571428571","0.8571428571428571","0.8571428571428571","0.8571428571428571","0.8571428571428571","0.8571428571428571","0.8571428571428571","0.8571428571428571","0.8571428571428571","0.8571428571428571","0.8571428571428571","0.8571428571428571","0.8571428571428571","0.8571428571428571","0.8571428571428571","0.8571428571428571","0.8571428571428571","0.8571428571428571","0.8571428571428571","0.8571428571428571","0.8571428571428571","0.8571428571428571","0.8571428571428571","0.8571428571428571","0.8571428571428571","0.8571428571428571","0.8571428571428571","0.8571428571428571","0.8571428571428571","0.8571428571428571","0.8571428571428571","0.8571428571428571","0.8571428571428571","0.8571428571428571","0.8571428571428571","0.8571428571428571","0.8571428571428571","0.8571428571428571","0.8571428571428571","0.8571428571428571","0.8571428571428571","0.8571428571428571","0.8571428571428571","0.8571428571428571","0.8571428571428571","0.8571428571428571","0.8571428571428571","0.8571428571428571","0.8571428571428571","0.8571428571428571","0.8571428571428571","0.8571428571428571","0.8571428571428571","0.8571428571428571","0.8571428571428571","0.8571428571428571","0.8571428571428571","0.8571428571428571","0.8571428571428571","0.8571428571428571","0.8571428571428571","0.8571428571428571","0.8571428571428571","0.8571428571428571","0.8571428571428571","0.8571428571428571","0.8571428571428571","0.8571428571428571","0.8571428571428571","0.8571428571428571","0.8571428571428571","0.8571428571428571","0.8571428571428571","0.8571428571428571","0.8571428571428571","0.8571428571428571","0.8571428571428571","0.8571428571428571","0.8571428571428571","0.8571428571428571","0.8571428571428571","0.8571428571428571","0.8571428571428571","0.8571428571428571","0.8571428571428571","0.8571428571428571","0.8571428571428571","0.8571428571428571","0.8571428571428571","0.8571428571428571","0.8571428571428571","0.8571428571428571","0.8571428571428571","0.8571428571428571","0.8571428571428571","0.8571428571428571","0.8571428571428571","0.8571428571428571","0.8571428571428571","0.8571428571428571","0.8571428571428571","0.8571428571428571","0.8571428571428571","0.8571428571428571","0.8571428571428571","0.8571428571428571","0.8571428571428571","0.8571428571428571","0.8571428571428571","0.8571428571428571","0.8571428571428571","0.8571428571428571","0.8571428571428571","0.8571428571428571","0.8571428571428571","0.8571428571428571","0.8571428571428571","0.8571428571428571","0.8571428571428571","0.8571428571428571","0.8571428571428571","0.8571428571428571","0.8571428571428571","0.8571428571428571","0.8571428571428571","0.8571428571428571","0.8571428571428571","0.8571428571428571","0.8571428571428571","0.8571428571428571","0.8571428571428571","0.8571428571428571","0.8571428571428571","0.8571428571428571","0.8571428571428571","0.8571428571428571","0.8571428571428571","0.8571428571428571","0.8571428571428571","0.8571428571428571","0.8571428571428571","0.8571428571428571","0.8571428571428571","0.8571428571428571","0.8571428571428571","0.8571428571428571","0.8571428571428571","0.8571428571428571","0.8571428571428571","0.8571428571428571","0.8571428571428571","0.8571428571428571","0.8571428571428571","0.8571428571428571","0.8571428571428571","0.8571428571428571","0.8571428571428571","0.8571428571428571","0.8571428571428571","0.8571428571428571","0.8571428571428571","0.8571428571428571","0.8571428571428571","0.8571428571428571","0.8571428571428571","0.8571428571428571","0.8571428571428571","0.8571428571428571","0.8571428571428571","0.8571428571428571","0.8571428571428571","0.8571428571428571","0.8571428571428571","0.8571428571428571","0.8571428571428571","0.8571428571428571","0.8571428571428571","0.8571428571428571","0.8571428571428571","0.8571428571428571","0.8571428571428571","0.8571428571428571","0.8571428571428571","0.8571428571428571","0.8571428571428571","0.8571428571428571","0.8571428571428571","0.8571428571428571","0.8571428571428571","0.8571428571428571","0.8571428571428571","0.8571428571428571","0.8571428571428571","0.8571428571428571","0.8571428571428571","0.8571428571428571","0.8571428571428571","0.8571428571428571","0.8571428571428571","0.8571428571428571","0.8571428571428571","0.8571428571428571","0.8571428571428571","0.8571428571428571","0.8571428571428571","0.8571428571428571","0.8571428571428571","0.8571428571428571","0.8571428571428571","0.8571428571428571","0.8571428571428571","0.8571428571428571","0.8571428571428571","0.8571428571428571","0.8571428571428571","0.8571428571428571","0.8571428571428571","0.8571428571428571","0.8571428571428571","0.8571428571428571","0.8571428571428571","0.8571428571428571","0.8571428571428571","0.8571428571428571","0.8571428571428571","0.8571428571428571","0.8571428571428571","0.8571428571428571","0.8571428571428571","0.8571428571428571","0.8571428571428571","0.8571428571428571","0.8571428571428571","0.8571428571428571","0.8571428571428571","0.8571428571428571","0.8571428571428571","0.8571428571428571","0.8571428571428571","0.8571428571428571","0.8571428571428571","0.8571428571428571","0.8571428571428571","0.8571428571428571","0.8571428571428571","0.8571428571428571","0.8571428571428571","0.8571428571428571","0.8571428571428571","0.8571428571428571","0.8571428571428571","0.8571428571428571","0.8571428571428571","0.8571428571428571","0.8571428571428571","0.8571428571428571","0.8571428571428571","0.8571428571428571","0.8571428571428571","0.8571428571428571","0.8571428571428571","0.8571428571428571","0.8571428571428571","0.8571428571428571","0.8571428571428571","0.8571428571428571","0.8571428571428571","0.8571428571428571","0.8571428571428571","0.8571428571428571","0.8571428571428571","0.8571428571428571","0.8571428571428571","0.8571428571428571","0.8571428571428571","0.8571428571428571","0.8571428571428571","0.8571428571428571","0.8571428571428571","0.8571428571428571","0.8571428571428571","0.8571428571428571","0.8571428571428571","0.8571428571428571","0.8571428571428571","0.8571428571428571","0.8571428571428571","0.8571428571428571","0.8571428571428571","0.8571428571428571","0.8571428571428571","0.8571428571428571","0.8571428571428571","0.8571428571428571","0.8571428571428571","0.8571428571428571","0.8571428571428571","0.8571428571428571","0.8571428571428571","0.8571428571428571","0.8571428571428571","0.8571428571428571","0.8571428571428571","0.8571428571428571","0.8571428571428571","0.8571428571428571","0.8571428571428571","0.8571428571428571","0.8571428571428571","0.8571428571428571","0.8571428571428571","0.8571428571428571","0.8571428571428571","0.8571428571428571","0.8571428571428571","0.8571428571428571","0.8571428571428571","0.8571428571428571","0.8571428571428571","0.8571428571428571","0.8571428571428571","0.8571428571428571","0.8571428571428571","0.8571428571428571","0.8571428571428571","0.8571428571428571","0.8571428571428571","0.8571428571428571","0.8571428571428571","0.8571428571428571","0.8571428571428571","0.8571428571428571","0.8571428571428571","0.8571428571428571","0.8571428571428571","0.8571428571428571","0.8571428571428571","0.8571428571428571","0.8571428571428571","0.8571428571428571","0.8571428571428571","0.8571428571428571","0.8571428571428571","0.8571428571428571","0.8571428571428571","0.8571428571428571","0.8571428571428571","0.8571428571428571","0.8571428571428571","0.8571428571428571","0.8571428571428571","0.8571428571428571","0.8571428571428571","0.8571428571428571","0.8571428571428571","0.8571428571428571","0.8571428571428571","0.8571428571428571","0.8571428571428571","0.8571428571428571","0.8571428571428571","0.8571428571428571","0.8571428571428571","0.8571428571428571","0.8571428571428571","0.8571428571428571","0.8571428571428571","0.8571428571428571","0.8571428571428571","0.8571428571428571","0.8571428571428571","0.8571428571428571","0.8571428571428571","0.8571428571428571","0.8571428571428571","0.8571428571428571","0.8571428571428571","0.8571428571428571","0.8571428571428571","0.8571428571428571","0.8571428571428571","0.8571428571428571","0.8571428571428571","0.8571428571428571","0.8571428571428571","0.8571428571428571","0.8571428571428571","0.8571428571428571","0.8571428571428571","0.8571428571428571","0.8571428571428571","0.8571428571428571","0.8571428571428571","0.8571428571428571","0.8571428571428571","0.8571428571428571","0.8571428571428571","0.8571428571428571","0.8571428571428571","0.8571428571428571","0.8571428571428571","0.8571428571428571","0.8571428571428571","0.8571428571428571","0.8571428571428571","0.8571428571428571","0.8571428571428571","0.8571428571428571","0.8571428571428571","0.8571428571428571","0.8571428571428571","0.8571428571428571","0.8571428571428571","0.8571428571428571","0.8571428571428571","0.8571428571428571","0.8571428571428571","0.8571428571428571","0.8571428571428571","0.8571428571428571","0.8571428571428571","0.8571428571428571","0.8571428571428571","0.8571428571428571","0.8571428571428571","0.8571428571428571","0.8571428571428571","0.8571428571428571","0.8571428571428571","0.8571428571428571","0.8571428571428571","0.8571428571428571","0.8571428571428571","0.8571428571428571","0.8571428571428571","0.8571428571428571","0.8571428571428571","0.8571428571428571","0.8571428571428571","0.8571428571428571","0.8571428571428571","0.8571428571428571","0.8571428571428571","0.8571428571428571","0.8571428571428571","0.8571428571428571","0.8571428571428571","0.8571428571428571","0.8571428571428571","0.8571428571428571","0.8571428571428571","0.8571428571428571","0.8571428571428571","0.8571428571428571","0.8571428571428571","0.8571428571428571","0.8571428571428571","0.8571428571428571","0.8571428571428571","0.8571428571428571","0.8571428571428571","0.8571428571428571","0.8571428571428571","0.8571428571428571","1","4"
"RandooPy-TypeHintsInference","mimesis.builtins.da","1590998422756962911","4","272162634","1.0","4","14","0","0","1.0","1.0","1.0","1.0","1.0","1.0","1.0","1.0","1.0","1.0","1.0","1.0","1.0","1.0","1.0","1.0","1.0","1.0","1.0","1.0","1.0","1.0","1.0","1.0","1.0","1.0","1.0","1.0","1.0","1.0","1.0","1.0","1.0","1.0","1.0","1.0","1.0","1.0","1.0","1.0","1.0","1.0","1.0","1.0","1.0","1.0","1.0","1.0","1.0","1.0","1.0","1.0","1.0","1.0","1.0","1.0","1.0","1.0","1.0","1.0","1.0","1.0","1.0","1.0","1.0","1.0","1.0","1.0","1.0","1.0","1.0","1.0","1.0","1.0","1.0","1.0","1.0","1.0","1.0","1.0","1.0","1.0","1.0","1.0","1.0","1.0","1.0","1.0","1.0","1.0","1.0","1.0","1.0","1.0","1.0","1.0","1.0","1.0","1.0","1.0","1.0","1.0","1.0","1.0","1.0","1.0","1.0","1.0","1.0","1.0","1.0","1.0","1.0","1.0","1.0","1.0","1.0","1.0","1.0","1.0","1.0","1.0","1.0","1.0","1.0","1.0","1.0","1.0","1.0","1.0","1.0","1.0","1.0","1.0","1.0","1.0","1.0","1.0","1.0","1.0","1.0","1.0","1.0","1.0","1.0","1.0","1.0","1.0","1.0","1.0","1.0","1.0","1.0","1.0","1.0","1.0","1.0","1.0","1.0","1.0","1.0","1.0","1.0","1.0","1.0","1.0","1.0","1.0","1.0","1.0","1.0","1.0","1.0","1.0","1.0","1.0","1.0","1.0","1.0","1.0","1.0","1.0","1.0","1.0","1.0","1.0","1.0","1.0","1.0","1.0","1.0","1.0","1.0","1.0","1.0","1.0","1.0","1.0","1.0","1.0","1.0","1.0","1.0","1.0","1.0","1.0","1.0","1.0","1.0","1.0","1.0","1.0","1.0","1.0","1.0","1.0","1.0","1.0","1.0","1.0","1.0","1.0","1.0","1.0","1.0","1.0","1.0","1.0","1.0","1.0","1.0","1.0","1.0","1.0","1.0","1.0","1.0","1.0","1.0","1.0","1.0","1.0","1.0","1.0","1.0","1.0","1.0","1.0","1.0","1.0","1.0","1.0","1.0","1.0","1.0","1.0","1.0","1.0","1.0","1.0","1.0","1.0","1.0","1.0","1.0","1.0","1.0","1.0","1.0","1.0","1.0","1.0","1.0","1.0","1.0","1.0","1.0","1.0","1.0","1.0","1.0","1.0","1.0","1.0","1.0","1.0","1.0","1.0","1.0","1.0","1.0","1.0","1.0","1.0","1.0","1.0","1.0","1.0","1.0","1.0","1.0","1.0","1.0","1.0","1.0","1.0","1.0","1.0","1.0","1.0","1.0","1.0","1.0","1.0","1.0","1.0","1.0","1.0","1.0","1.0","1.0","1.0","1.0","1.0","1.0","1.0","1.0","1.0","1.0","1.0","1.0","1.0","1.0","1.0","1.0","1.0","1.0","1.0","1.0","1.0","1.0","1.0","1.0","1.0","1.0","1.0","1.0","1.0","1.0","1.0","1.0","1.0","1.0","1.0","1.0","1.0","1.0","1.0","1.0","1.0","1.0","1.0","1.0","1.0","1.0","1.0","1.0","1.0","1.0","1.0","1.0","1.0","1.0","1.0","1.0","1.0","1.0","1.0","1.0","1.0","1.0","1.0","1.0","1.0","1.0","1.0","1.0","1.0","1.0","1.0","1.0","1.0","1.0","1.0","1.0","1.0","1.0","1.0","1.0","1.0","1.0","1.0","1.0","1.0","1.0","1.0","1.0","1.0","1.0","1.0","1.0","1.0","1.0","1.0","1.0","1.0","1.0","1.0","1.0","1.0","1.0","1.0","1.0","1.0","1.0","1.0","1.0","1.0","1.0","1.0","1.0","1.0","1.0","1.0","1.0","1.0","1.0","1.0","1.0","1.0","1.0","1.0","1.0","1.0","1.0","1.0","1.0","1.0","1.0","1.0","1.0","1.0","1.0","1.0","1.0","1.0","1.0","1.0","1.0","1.0","1.0","1.0","1.0","1.0","1.0","1.0","1.0","1.0","1.0","1.0","1.0","1.0","1.0","1.0","1.0","1.0","1.0","1.0","1.0","1.0","1.0","1.0","1.0","1.0","1.0","1.0","1.0","1.0","1.0","1.0","1.0","1.0","1.0","1.0","1.0","1.0","1.0","1.0","1.0","1.0","1.0","1.0","1.0","1.0","1.0","1.0","1.0","1.0","1.0","1.0","1.0","1.0","1.0","1.0","1.0","1.0","1.0","1.0","1.0","1.0","1.0","1.0","1.0","1.0","1.0","1.0","1.0","1.0","1.0","1.0","1.0","1.0","1.0","1.0","1.0","1.0","1.0","1.0","1.0","1.0","1.0","1.0","1.0","1.0","1.0","1.0","1.0","1.0","1.0","1.0","1.0","1.0","1.0","1.0","1.0","1.0","1.0","1.0","1.0","1.0","1.0","1.0","1.0","1.0","1.0","1.0","1.0","1.0","1.0","1.0","1.0","1.0","1.0","1.0","1.0","1.0","1.0","1.0","1.0","1.0","1.0","1.0","1.0","1.0","1.0","1.0","1.0","1.0","1.0","1.0","1.0","1.0","1.0","1.0","1.0","1.0","1.0","1.0","1.0","1.0","4","14"
"WSPy-NoTypes","mimesis.decorators","1590999379240148773","2002","600124601275","0.14285714285714285","5","98","0","0","0.14285714285714285","0.14285714285714285","0.14285714285714285","0.14285714285714285","0.14285714285714285","0.14285714285714285","0.14285714285714285","0.14285714285714285","0.14285714285714285","0.14285714285714285","0.14285714285714285","0.14285714285714285","0.14285714285714285","0.14285714285714285","0.14285714285714285","0.14285714285714285","0.14285714285714285","0.14285714285714285","0.14285714285714285","0.14285714285714285","0.14285714285714285","0.14285714285714285","0.14285714285714285","0.14285714285714285","0.14285714285714285","0.14285714285714285","0.14285714285714285","0.14285714285714285","0.14285714285714285","0.14285714285714285","0.14285714285714285","0.14285714285714285","0.14285714285714285","0.14285714285714285","0.14285714285714285","0.14285714285714285","0.14285714285714285","0.14285714285714285","0.14285714285714285","0.14285714285714285","0.14285714285714285","0.14285714285714285","0.14285714285714285","0.14285714285714285","0.14285714285714285","0.14285714285714285","0.14285714285714285","0.14285714285714285","0.14285714285714285","0.14285714285714285","0.14285714285714285","0.14285714285714285","0.14285714285714285","0.14285714285714285","0.14285714285714285","0.14285714285714285","0.14285714285714285","0.14285714285714285","0.14285714285714285","0.14285714285714285","0.14285714285714285","0.14285714285714285","0.14285714285714285","0.14285714285714285","0.14285714285714285","0.14285714285714285","0.14285714285714285","0.14285714285714285","0.14285714285714285","0.14285714285714285","0.14285714285714285","0.14285714285714285","0.14285714285714285","0.14285714285714285","0.14285714285714285","0.14285714285714285","0.14285714285714285","0.14285714285714285","0.14285714285714285","0.14285714285714285","0.14285714285714285","0.14285714285714285","0.14285714285714285","0.14285714285714285","0.14285714285714285","0.14285714285714285","0.14285714285714285","0.14285714285714285","0.14285714285714285","0.14285714285714285","0.14285714285714285","0.14285714285714285","0.14285714285714285","0.14285714285714285","0.14285714285714285","0.14285714285714285","0.14285714285714285","0.14285714285714285","0.14285714285714285","0.14285714285714285","0.14285714285714285","0.14285714285714285","0.14285714285714285","0.14285714285714285","0.14285714285714285","0.14285714285714285","0.14285714285714285","0.14285714285714285","0.14285714285714285","0.14285714285714285","0.14285714285714285","0.14285714285714285","0.14285714285714285","0.14285714285714285","0.14285714285714285","0.14285714285714285","0.14285714285714285","0.14285714285714285","0.14285714285714285","0.14285714285714285","0.14285714285714285","0.14285714285714285","0.14285714285714285","0.14285714285714285","0.14285714285714285","0.14285714285714285","0.14285714285714285","0.14285714285714285","0.14285714285714285","0.14285714285714285","0.14285714285714285","0.14285714285714285","0.14285714285714285","0.14285714285714285","0.14285714285714285","0.14285714285714285","0.14285714285714285","0.14285714285714285","0.14285714285714285","0.14285714285714285","0.14285714285714285","0.14285714285714285","0.14285714285714285","0.14285714285714285","0.14285714285714285","0.14285714285714285","0.14285714285714285","0.14285714285714285","0.14285714285714285","0.14285714285714285","0.14285714285714285","0.14285714285714285","0.14285714285714285","0.14285714285714285","0.14285714285714285","0.14285714285714285","0.14285714285714285","0.14285714285714285","0.14285714285714285","0.14285714285714285","0.14285714285714285","0.14285714285714285","0.14285714285714285","0.14285714285714285","0.14285714285714285","0.14285714285714285","0.14285714285714285","0.14285714285714285","0.14285714285714285","0.14285714285714285","0.14285714285714285","0.14285714285714285","0.14285714285714285","0.14285714285714285","0.14285714285714285","0.14285714285714285","0.14285714285714285","0.14285714285714285","0.14285714285714285","0.14285714285714285","0.14285714285714285","0.14285714285714285","0.14285714285714285","0.14285714285714285","0.14285714285714285","0.14285714285714285","0.14285714285714285","0.14285714285714285","0.14285714285714285","0.14285714285714285","0.14285714285714285","0.14285714285714285","0.14285714285714285","0.14285714285714285","0.14285714285714285","0.14285714285714285","0.14285714285714285","0.14285714285714285","0.14285714285714285","0.14285714285714285","0.14285714285714285","0.14285714285714285","0.14285714285714285","0.14285714285714285","0.14285714285714285","0.14285714285714285","0.14285714285714285","0.14285714285714285","0.14285714285714285","0.14285714285714285","0.14285714285714285","0.14285714285714285","0.14285714285714285","0.14285714285714285","0.14285714285714285","0.14285714285714285","0.14285714285714285","0.14285714285714285","0.14285714285714285","0.14285714285714285","0.14285714285714285","0.14285714285714285","0.14285714285714285","0.14285714285714285","0.14285714285714285","0.14285714285714285","0.14285714285714285","0.14285714285714285","0.14285714285714285","0.14285714285714285","0.14285714285714285","0.14285714285714285","0.14285714285714285","0.14285714285714285","0.14285714285714285","0.14285714285714285","0.14285714285714285","0.14285714285714285","0.14285714285714285","0.14285714285714285","0.14285714285714285","0.14285714285714285","0.14285714285714285","0.14285714285714285","0.14285714285714285","0.14285714285714285","0.14285714285714285","0.14285714285714285","0.14285714285714285","0.14285714285714285","0.14285714285714285","0.14285714285714285","0.14285714285714285","0.14285714285714285","0.14285714285714285","0.14285714285714285","0.14285714285714285","0.14285714285714285","0.14285714285714285","0.14285714285714285","0.14285714285714285","0.14285714285714285","0.14285714285714285","0.14285714285714285","0.14285714285714285","0.14285714285714285","0.14285714285714285","0.14285714285714285","0.14285714285714285","0.14285714285714285","0.14285714285714285","0.14285714285714285","0.14285714285714285","0.14285714285714285","0.14285714285714285","0.14285714285714285","0.14285714285714285","0.14285714285714285","0.14285714285714285","0.14285714285714285","0.14285714285714285","0.14285714285714285","0.14285714285714285","0.14285714285714285","0.14285714285714285","0.14285714285714285","0.14285714285714285","0.14285714285714285","0.14285714285714285","0.14285714285714285","0.14285714285714285","0.14285714285714285","0.14285714285714285","0.14285714285714285","0.14285714285714285","0.14285714285714285","0.14285714285714285","0.14285714285714285","0.14285714285714285","0.14285714285714285","0.14285714285714285","0.14285714285714285","0.14285714285714285","0.14285714285714285","0.14285714285714285","0.14285714285714285","0.14285714285714285","0.14285714285714285","0.14285714285714285","0.14285714285714285","0.14285714285714285","0.14285714285714285","0.14285714285714285","0.14285714285714285","0.14285714285714285","0.14285714285714285","0.14285714285714285","0.14285714285714285","0.14285714285714285","0.14285714285714285","0.14285714285714285","0.14285714285714285","0.14285714285714285","0.14285714285714285","0.14285714285714285","0.14285714285714285","0.14285714285714285","0.14285714285714285","0.14285714285714285","0.14285714285714285","0.14285714285714285","0.14285714285714285","0.14285714285714285","0.14285714285714285","0.14285714285714285","0.14285714285714285","0.14285714285714285","0.14285714285714285","0.14285714285714285","0.14285714285714285","0.14285714285714285","0.14285714285714285","0.14285714285714285","0.14285714285714285","0.14285714285714285","0.14285714285714285","0.14285714285714285","0.14285714285714285","0.14285714285714285","0.14285714285714285","0.14285714285714285","0.14285714285714285","0.14285714285714285","0.14285714285714285","0.14285714285714285","0.14285714285714285","0.14285714285714285","0.14285714285714285","0.14285714285714285","0.14285714285714285","0.14285714285714285","0.14285714285714285","0.14285714285714285","0.14285714285714285","0.14285714285714285","0.14285714285714285","0.14285714285714285","0.14285714285714285","0.14285714285714285","0.14285714285714285","0.14285714285714285","0.14285714285714285","0.14285714285714285","0.14285714285714285","0.14285714285714285","0.14285714285714285","0.14285714285714285","0.14285714285714285","0.14285714285714285","0.14285714285714285","0.14285714285714285","0.14285714285714285","0.14285714285714285","0.14285714285714285","0.14285714285714285","0.14285714285714285","0.14285714285714285","0.14285714285714285","0.14285714285714285","0.14285714285714285","0.14285714285714285","0.14285714285714285","0.14285714285714285","0.14285714285714285","0.14285714285714285","0.14285714285714285","0.14285714285714285","0.14285714285714285","0.14285714285714285","0.14285714285714285","0.14285714285714285","0.14285714285714285","0.14285714285714285","0.14285714285714285","0.14285714285714285","0.14285714285714285","0.14285714285714285","0.14285714285714285","0.14285714285714285","0.14285714285714285","0.14285714285714285","0.14285714285714285","0.14285714285714285","0.14285714285714285","0.14285714285714285","0.14285714285714285","0.14285714285714285","0.14285714285714285","0.14285714285714285","0.14285714285714285","0.14285714285714285","0.14285714285714285","0.14285714285714285","0.14285714285714285","0.14285714285714285","0.14285714285714285","0.14285714285714285","0.14285714285714285","0.14285714285714285","0.14285714285714285","0.14285714285714285","0.14285714285714285","0.14285714285714285","0.14285714285714285","0.14285714285714285","0.14285714285714285","0.14285714285714285","0.14285714285714285","0.14285714285714285","0.14285714285714285","0.14285714285714285","0.14285714285714285","0.14285714285714285","0.14285714285714285","0.14285714285714285","0.14285714285714285","0.14285714285714285","0.14285714285714285","0.14285714285714285","0.14285714285714285","0.14285714285714285","0.14285714285714285","0.14285714285714285","0.14285714285714285","0.14285714285714285","0.14285714285714285","0.14285714285714285","0.14285714285714285","0.14285714285714285","0.14285714285714285","0.14285714285714285","0.14285714285714285","0.14285714285714285","0.14285714285714285","0.14285714285714285","0.14285714285714285","0.14285714285714285","0.14285714285714285","0.14285714285714285","0.14285714285714285","0.14285714285714285","0.14285714285714285","0.14285714285714285","0.14285714285714285","0.14285714285714285","0.14285714285714285","0.14285714285714285","0.14285714285714285","0.14285714285714285","0.14285714285714285","0.14285714285714285","0.14285714285714285","0.14285714285714285","0.14285714285714285","0.14285714285714285","0.14285714285714285","0.14285714285714285","0.14285714285714285","0.14285714285714285","0.14285714285714285","0.14285714285714285","0.14285714285714285","0.14285714285714285","0.14285714285714285","0.14285714285714285","0.14285714285714285","0.14285714285714285","0.14285714285714285","0.14285714285714285","0.14285714285714285","0.14285714285714285","0.14285714285714285","0.14285714285714285","0.14285714285714285","0.14285714285714285","0.14285714285714285","0.14285714285714285","0.14285714285714285","0.14285714285714285","0.14285714285714285","0.14285714285714285","0.14285714285714285","0.14285714285714285","0.14285714285714285","0.14285714285714285","0.14285714285714285","0.14285714285714285","0.14285714285714285","0.14285714285714285","0.14285714285714285","0.14285714285714285","0.14285714285714285","0.14285714285714285","0.14285714285714285","0.14285714285714285","0.14285714285714285","0.14285714285714285","0.14285714285714285","0.14285714285714285","0.14285714285714285","0.14285714285714285","0.14285714285714285","0.14285714285714285","0.14285714285714285","0.14285714285714285","0.14285714285714285","0.14285714285714285","0.14285714285714285","0.14285714285714285","0.14285714285714285","0.14285714285714285","0.14285714285714285","0.14285714285714285","0.14285714285714285","0.14285714285714285","0.14285714285714285","0.14285714285714285","0.14285714285714285","0.14285714285714285","0.14285714285714285","0.14285714285714285","0.14285714285714285","0.14285714285714285","0.14285714285714285","0.14285714285714285","0.14285714285714285","0.14285714285714285","0.14285714285714285","0.14285714285714285","0.14285714285714285","0.14285714285714285","0.14285714285714285","0.14285714285714285","0.14285714285714285","0.14285714285714285","0.14285714285714285","0.14285714285714285","0.14285714285714285","0.14285714285714285","0.14285714285714285","0.14285714285714285","0.14285714285714285","0.14285714285714285","0.14285714285714285","0.14285714285714285","0.14285714285714285","0.14285714285714285","0.14285714285714285","0.14285714285714285","0.14285714285714285","0.14285714285714285","0.14285714285714285","0.14285714285714285","0.14285714285714285","0.14285714285714285","0.14285714285714285","0.14285714285714285","0.14285714285714285","0.14285714285714285","0.14285714285714285","0.14285714285714285","0.14285714285714285","0.14285714285714285","0.14285714285714285","0.14285714285714285","0.14285714285714285","0.14285714285714285","0.14285714285714285","0.14285714285714285","0.14285714285714285","5","98"
"RandooPy-TypeHintsInference","mimesis.builtins.pl","1590998423691793728","389","608186281260","0.6666666666666666","375","9137","88","2293","0.6388888888888888","0.6444672794865657","0.627647527354513","0.6527777777777778","0.6527777777777778","0.6666666666666666","0.6666666666666666","0.6639552545216323","0.6666666666666666","0.6666666666666666","0.6666666666666666","0.6666666666666666","0.6666666666666666","0.6666666666666666","0.6666666666666666","0.6666666666666666","0.6578782239893308","0.6666666666666666","0.6666666666666666","0.6666666666666666","0.6666666666666666","0.6666666666666666","0.6666666666666666","0.6666666666666666","0.6666666666666666","0.6666666666666666","0.6666666666666666","0.6666666666666666","0.6666666666666666","0.6666666666666666","0.6666666666666666","0.6666666666666666","0.6666666666666666","0.6666666666666666","0.6666666666666666","0.6666666666666666","0.6666666666666666","0.6666666666666666","0.6666666666666666","0.6666666666666666","0.6666666666666666","0.6666666666666666","0.6666666666666666","0.6666666666666666","0.6666666666666666","0.6666666666666666","0.6666666666666666","0.6666666666666666","0.6666666666666666","0.6666666666666666","0.6666666666666666","0.6666666666666666","0.6666666666666666","0.6666666666666666","0.6666666666666666","0.6666666666666666","0.6666666666666666","0.6666666666666666","0.6666666666666666","0.6666666666666666","0.6666666666666666","0.6666666666666666","0.6666666666666666","0.6666666666666666","0.6666666666666666","0.6666666666666666","0.6666666666666666","0.6666666666666666","0.6666666666666666","0.6666666666666666","0.6666666666666666","0.6666666666666666","0.6666666666666666","0.6666666666666666","0.6666666666666666","0.6666666666666666","0.6666666666666666","0.6666666666666666","0.6666666666666666","0.6666666666666666","0.6666666666666666","0.6666666666666666","0.6666666666666666","0.6666666666666666","0.6666666666666666","0.6666666666666666","0.6666666666666666","0.6666666666666666","0.6666666666666666","0.6666666666666666","0.6666666666666666","0.6666666666666666","0.6666666666666666","0.6666666666666666","0.6666666666666666","0.6666666666666666","0.6666666666666666","0.6666666666666666","0.6666666666666666","0.6666666666666666","0.6666666666666666","0.6666666666666666","0.6666666666666666","0.6666666666666666","0.6666666666666666","0.6666666666666666","0.6666666666666666","0.6666666666666666","0.6666666666666666","0.6666666666666666","0.6666666666666666","0.6666666666666666","0.6666666666666666","0.6666666666666666","0.6666666666666666","0.6666666666666666","0.6666666666666666","0.6666666666666666","0.6666666666666666","0.6666666666666666","0.6666666666666666","0.6666666666666666","0.6666666666666666","0.6666666666666666","0.6666666666666666","0.6666666666666666","0.6666666666666666","0.6666666666666666","0.6666666666666666","0.6666666666666666","0.6666666666666666","0.6666666666666666","0.6666666666666666","0.6666666666666666","0.6666666666666666","0.6666666666666666","0.6666666666666666","0.6666666666666666","0.6666666666666666","0.6666666666666666","0.6666666666666666","0.6666666666666666","0.6666666666666666","0.6666666666666666","0.6666666666666666","0.6666666666666666","0.6666666666666666","0.6666666666666666","0.6666666666666666","0.6666666666666666","0.6666666666666666","0.6666666666666666","0.6666666666666666","0.6666666666666666","0.6666666666666666","0.6666666666666666","0.6666666666666666","0.6666666666666666","0.6666666666666666","0.6666666666666666","0.6666666666666666","0.6666666666666666","0.6666666666666666","0.6666666666666666","0.6666666666666666","0.6666666666666666","0.6666666666666666","0.6666666666666666","0.6666666666666666","0.6666666666666666","0.6666666666666666","0.6666666666666666","0.6666666666666666","0.6666666666666666","0.6666666666666666","0.6666666666666666","0.6666666666666666","0.6666666666666666","0.6666666666666666","0.6666666666666666","0.6666666666666666","0.6666666666666666","0.6666666666666666","0.6666666666666666","0.6666666666666666","0.6666666666666666","0.6666666666666666","0.6666666666666666","0.6666666666666666","0.6666666666666666","0.6666666666666666","0.6666666666666666","0.6666666666666666","0.6666666666666666","0.6666666666666666","0.6666666666666666","0.6666666666666666","0.6666666666666666","0.6666666666666666","0.6666666666666666","0.6666666666666666","0.6666666666666666","0.6666666666666666","0.6666666666666666","0.6666666666666666","0.6666666666666666","0.6666666666666666","0.6666666666666666","0.6666666666666666","0.6666666666666666","0.6666666666666666","0.6666666666666666","0.6666666666666666","0.6666666666666666","0.6666666666666666","0.6666666666666666","0.6666666666666666","0.6666666666666666","0.6666666666666666","0.6666666666666666","0.6666666666666666","0.6666666666666666","0.6666666666666666","0.6666666666666666","0.6666666666666666","0.6666666666666666","0.6666666666666666","0.6666666666666666","0.6666666666666666","0.6666666666666666","0.6666666666666666","0.6666666666666666","0.6666666666666666","0.6666666666666666","0.6666666666666666","0.6666666666666666","0.6666666666666666","0.6666666666666666","0.6666666666666666","0.6666666666666666","0.6666666666666666","0.6666666666666666","0.6666666666666666","0.6666666666666666","0.6666666666666666","0.6666666666666666","0.6666666666666666","0.6666666666666666","0.6666666666666666","0.6666666666666666","0.6666666666666666","0.6666666666666666","0.6666666666666666","0.6666666666666666","0.6666666666666666","0.6666666666666666","0.6666666666666666","0.6666666666666666","0.6666666666666666","0.6666666666666666","0.6666666666666666","0.6666666666666666","0.6666666666666666","0.6666666666666666","0.6666666666666666","0.6666666666666666","0.6666666666666666","0.6666666666666666","0.6666666666666666","0.6666666666666666","0.6666666666666666","0.6666666666666666","0.6666666666666666","0.6666666666666666","0.6666666666666666","0.6666666666666666","0.6666666666666666","0.6666666666666666","0.6666666666666666","0.6666666666666666","0.6666666666666666","0.6666666666666666","0.6666666666666666","0.6666666666666666","0.6666666666666666","0.6666666666666666","0.6666666666666666","0.6666666666666666","0.6666666666666666","0.6666666666666666","0.6666666666666666","0.6666666666666666","0.6666666666666666","0.6666666666666666","0.6666666666666666","0.6666666666666666","0.6666666666666666","0.6666666666666666","0.6666666666666666","0.6666666666666666","0.6666666666666666","0.6666666666666666","0.6666666666666666","0.6666666666666666","0.6666666666666666","0.6666666666666666","0.6666666666666666","0.6666666666666666","0.6666666666666666","0.6666666666666666","0.6666666666666666","0.6666666666666666","0.6666666666666666","0.6666666666666666","0.6666666666666666","0.6666666666666666","0.6666666666666666","0.6666666666666666","0.6666666666666666","0.6666666666666666","0.6666666666666666","0.6666666666666666","0.6666666666666666","0.6666666666666666","0.6666666666666666","0.6666666666666666","0.6666666666666666","0.6666666666666666","0.6666666666666666","0.6666666666666666","0.6666666666666666","0.6666666666666666","0.6666666666666666","0.6666666666666666","0.6666666666666666","0.6666666666666666","0.6666666666666666","0.6666666666666666","0.6666666666666666","0.6666666666666666","0.6666666666666666","0.6666666666666666","0.6666666666666666","0.6666666666666666","0.6666666666666666","0.6666666666666666","0.6666666666666666","0.6666666666666666","0.6666666666666666","0.6666666666666666","0.6666666666666666","0.6666666666666666","0.6666666666666666","0.6666666666666666","0.6666666666666666","0.6666666666666666","0.6666666666666666","0.6666666666666666","0.6666666666666666","0.6666666666666666","0.6666666666666666","0.6666666666666666","0.6666666666666666","0.6666666666666666","0.6666666666666666","0.6666666666666666","0.6666666666666666","0.6666666666666666","0.6666666666666666","0.6666666666666666","0.6666666666666666","0.6666666666666666","0.6666666666666666","0.6666666666666666","0.6666666666666666","0.6666666666666666","0.6666666666666666","0.6666666666666666","0.6666666666666666","0.6666666666666666","0.6666666666666666","0.6666666666666666","0.6666666666666666","0.6666666666666666","0.6666666666666666","0.6666666666666666","0.6666666666666666","0.6666666666666666","0.6666666666666666","0.6666666666666666","0.6666666666666666","0.6666666666666666","0.6666666666666666","0.6666666666666666","0.6666666666666666","0.6666666666666666","0.6666666666666666","0.6666666666666666","0.6666666666666666","0.6666666666666666","0.6666666666666666","0.6666666666666666","0.6666666666666666","0.6666666666666666","0.6666666666666666","0.6666666666666666","0.6666666666666666","0.6666666666666666","0.6666666666666666","0.6666666666666666","0.6666666666666666","0.6666666666666666","0.6666666666666666","0.6666666666666666","0.6666666666666666","0.6666666666666666","0.6666666666666666","0.6666666666666666","0.6666666666666666","0.6666666666666666","0.6666666666666666","0.6666666666666666","0.6666666666666666","0.6666666666666666","0.6666666666666666","0.6666666666666666","0.6666666666666666","0.6666666666666666","0.6666666666666666","0.6666666666666666","0.6666666666666666","0.6666666666666666","0.6666666666666666","0.6666666666666666","0.6666666666666666","0.6666666666666666","0.6666666666666666","0.6666666666666666","0.6666666666666666","0.6666666666666666","0.6666666666666666","0.6666666666666666","0.6666666666666666","0.6666666666666666","0.6666666666666666","0.6666666666666666","0.6666666666666666","0.6666666666666666","0.6666666666666666","0.6666666666666666","0.6666666666666666","0.6666666666666666","0.6666666666666666","0.6666666666666666","0.6666666666666666","0.6666666666666666","0.6666666666666666","0.6666666666666666","0.6666666666666666","0.6666666666666666","0.6666666666666666","0.6666666666666666","0.6666666666666666","0.6666666666666666","0.6666666666666666","0.6666666666666666","0.6666666666666666","0.6666666666666666","0.6666666666666666","0.6666666666666666","0.6666666666666666","0.6666666666666666","0.6666666666666666","0.6666666666666666","0.6666666666666666","0.6666666666666666","0.6666666666666666","0.6666666666666666","0.6666666666666666","0.6666666666666666","0.6666666666666666","0.6666666666666666","0.6666666666666666","0.6666666666666666","0.6666666666666666","0.6666666666666666","0.6666666666666666","0.6666666666666666","0.6666666666666666","0.6666666666666666","0.6666666666666666","0.6666666666666666","0.6666666666666666","0.6666666666666666","0.6666666666666666","0.6666666666666666","0.6666666666666666","0.6666666666666666","0.6666666666666666","0.6666666666666666","0.6666666666666666","0.6666666666666666","0.6666666666666666","0.6666666666666666","0.6666666666666666","0.6666666666666666","0.6666666666666666","0.6666666666666666","0.6666666666666666","0.6666666666666666","0.6666666666666666","0.6666666666666666","0.6666666666666666","0.6666666666666666","0.6666666666666666","0.6666666666666666","0.6666666666666666","0.6666666666666666","0.6666666666666666","0.6666666666666666","0.6666666666666666","0.6666666666666666","0.6666666666666666","0.6666666666666666","0.6666666666666666","0.6666666666666666","0.6666666666666666","0.6666666666666666","0.6666666666666666","0.6666666666666666","0.6666666666666666","0.6666666666666666","0.6666666666666666","0.6666666666666666","0.6666666666666666","0.6666666666666666","0.6666666666666666","0.6666666666666666","0.6666666666666666","0.6666666666666666","0.6666666666666666","0.6666666666666666","0.6666666666666666","0.6666666666666666","0.6666666666666666","0.6666666666666666","0.6666666666666666","0.6666666666666666","0.6666666666666666","0.6666666666666666","0.6666666666666666","0.6666666666666666","0.6666666666666666","0.6666666666666666","0.6666666666666666","0.6666666666666666","0.6666666666666666","0.6666666666666666","0.6666666666666666","0.6666666666666666","0.6666666666666666","0.6666666666666666","0.6666666666666666","0.6666666666666666","0.6666666666666666","0.6666666666666666","0.6666666666666666","0.6666666666666666","0.6666666666666666","0.6666666666666666","0.6666666666666666","0.6666666666666666","0.6666666666666666","0.6666666666666666","0.6666666666666666","0.6666666666666666","0.6666666666666666","0.6666666666666666","0.6666666666666666","0.6666666666666666","0.6666666666666666","0.6666666666666666","0.6666666666666666","0.6666666666666666","0.6666666666666666","0.6666666666666666","0.6666666666666666","0.6666666666666666","0.6666666666666666","0.6666666666666666","0.6666666666666666","0.6666666666666666","0.6666666666666666","0.6666666666666666","0.6666666666666666","0.6666666666666666","0.6666666666666666","0.6666666666666666","0.6666666666666666","0.6666666666666666","287","6844"
"RandooPy-TypeHintsInference","mimesis.random","1590998511058720091","147","626716935217","0.6571428571428571","146","3827","73","2037","0.5428571428571428","0.5428571428571428","0.5714285714285714","0.6","0.6056916379153087","0.6285714285714286","0.6285714285714286","0.6285714285714286","0.6285714285714286","0.6285714285714286","0.6285714285714286","0.6285714285714286","0.6285714285714286","0.6285714285714286","0.6285714285714286","0.6285714285714286","0.6285714285714286","0.6285714285714286","0.6285714285714286","0.6285714285714286","0.6546151897564367","0.6571428571428571","0.6571428571428571","0.6571428571428571","0.6571428571428571","0.6571428571428571","0.6571428571428571","0.6571428571428571","0.6571428571428571","0.6571428571428571","0.6571428571428571","0.6571428571428571","0.6571428571428571","0.6571428571428571","0.6571428571428571","0.6571428571428571","0.6571428571428571","0.6571428571428571","0.6571428571428571","0.6571428571428571","0.6571428571428571","0.6571428571428571","0.6571428571428571","0.6571428571428571","0.6571428571428571","0.6571428571428571","0.6571428571428571","0.6571428571428571","0.6571428571428571","0.6571428571428571","0.6571428571428571","0.6571428571428571","0.6571428571428571","0.6571428571428571","0.6571428571428571","0.6571428571428571","0.6571428571428571","0.6571428571428571","0.6571428571428571","0.6571428571428571","0.6571428571428571","0.6571428571428571","0.6571428571428571","0.6571428571428571","0.6571428571428571","0.6571428571428571","0.6571428571428571","0.6571428571428571","0.6571428571428571","0.6571428571428571","0.6571428571428571","0.6571428571428571","0.6571428571428571","0.6571428571428571","0.6571428571428571","0.6571428571428571","0.6571428571428571","0.6571428571428571","0.6571428571428571","0.6571428571428571","0.6571428571428571","0.6571428571428571","0.6571428571428571","0.6571428571428571","0.6571428571428571","0.6571428571428571","0.6571428571428571","0.6571428571428571","0.6571428571428571","0.6571428571428571","0.6571428571428571","0.6571428571428571","0.6571428571428571","0.6571428571428571","0.6571428571428571","0.6571428571428571","0.6571428571428571","0.6571428571428571","0.6571428571428571","0.6571428571428571","0.6571428571428571","0.6571428571428571","0.6571428571428571","0.6571428571428571","0.6571428571428571","0.6571428571428571","0.6571428571428571","0.6571428571428571","0.6571428571428571","0.6571428571428571","0.6571428571428571","0.6571428571428571","0.6571428571428571","0.6571428571428571","0.6571428571428571","0.6571428571428571","0.6571428571428571","0.6571428571428571","0.6571428571428571","0.6571428571428571","0.6571428571428571","0.6571428571428571","0.6571428571428571","0.6571428571428571","0.6571428571428571","0.6571428571428571","0.6571428571428571","0.6571428571428571","0.6571428571428571","0.6571428571428571","0.6571428571428571","0.6571428571428571","0.6571428571428571","0.6571428571428571","0.6571428571428571","0.6571428571428571","0.6571428571428571","0.6571428571428571","0.6571428571428571","0.6571428571428571","0.6571428571428571","0.6571428571428571","0.6571428571428571","0.6571428571428571","0.6571428571428571","0.6571428571428571","0.6571428571428571","0.6571428571428571","0.6571428571428571","0.6571428571428571","0.6571428571428571","0.6571428571428571","0.6571428571428571","0.6571428571428571","0.6571428571428571","0.6571428571428571","0.6571428571428571","0.6571428571428571","0.6571428571428571","0.6571428571428571","0.6571428571428571","0.6571428571428571","0.6571428571428571","0.6571428571428571","0.6571428571428571","0.6571428571428571","0.6571428571428571","0.6571428571428571","0.6571428571428571","0.6571428571428571","0.6571428571428571","0.6571428571428571","0.6571428571428571","0.6571428571428571","0.6571428571428571","0.6571428571428571","0.6571428571428571","0.6571428571428571","0.6571428571428571","0.6571428571428571","0.6571428571428571","0.6571428571428571","0.6571428571428571","0.6571428571428571","0.6571428571428571","0.6571428571428571","0.6571428571428571","0.6571428571428571","0.6571428571428571","0.6571428571428571","0.6571428571428571","0.6571428571428571","0.6571428571428571","0.6571428571428571","0.6571428571428571","0.6571428571428571","0.6571428571428571","0.6571428571428571","0.6571428571428571","0.6571428571428571","0.6571428571428571","0.6571428571428571","0.6571428571428571","0.6571428571428571","0.6571428571428571","0.6571428571428571","0.6571428571428571","0.6571428571428571","0.6571428571428571","0.6571428571428571","0.6571428571428571","0.6571428571428571","0.6571428571428571","0.6571428571428571","0.6571428571428571","0.6571428571428571","0.6571428571428571","0.6571428571428571","0.6571428571428571","0.6571428571428571","0.6571428571428571","0.6571428571428571","0.6571428571428571","0.6571428571428571","0.6571428571428571","0.6571428571428571","0.6571428571428571","0.6571428571428571","0.6571428571428571","0.6571428571428571","0.6571428571428571","0.6571428571428571","0.6571428571428571","0.6571428571428571","0.6571428571428571","0.6571428571428571","0.6571428571428571","0.6571428571428571","0.6571428571428571","0.6571428571428571","0.6571428571428571","0.6571428571428571","0.6571428571428571","0.6571428571428571","0.6571428571428571","0.6571428571428571","0.6571428571428571","0.6571428571428571","0.6571428571428571","0.6571428571428571","0.6571428571428571","0.6571428571428571","0.6571428571428571","0.6571428571428571","0.6571428571428571","0.6571428571428571","0.6571428571428571","0.6571428571428571","0.6571428571428571","0.6571428571428571","0.6571428571428571","0.6571428571428571","0.6571428571428571","0.6571428571428571","0.6571428571428571","0.6571428571428571","0.6571428571428571","0.6571428571428571","0.6571428571428571","0.6571428571428571","0.6571428571428571","0.6571428571428571","0.6571428571428571","0.6571428571428571","0.6571428571428571","0.6571428571428571","0.6571428571428571","0.6571428571428571","0.6571428571428571","0.6571428571428571","0.6571428571428571","0.6571428571428571","0.6571428571428571","0.6571428571428571","0.6571428571428571","0.6571428571428571","0.6571428571428571","0.6571428571428571","0.6571428571428571","0.6571428571428571","0.6571428571428571","0.6571428571428571","0.6571428571428571","0.6571428571428571","0.6571428571428571","0.6571428571428571","0.6571428571428571","0.6571428571428571","0.6571428571428571","0.6571428571428571","0.6571428571428571","0.6571428571428571","0.6571428571428571","0.6571428571428571","0.6571428571428571","0.6571428571428571","0.6571428571428571","0.6571428571428571","0.6571428571428571","0.6571428571428571","0.6571428571428571","0.6571428571428571","0.6571428571428571","0.6571428571428571","0.6571428571428571","0.6571428571428571","0.6571428571428571","0.6571428571428571","0.6571428571428571","0.6571428571428571","0.6571428571428571","0.6571428571428571","0.6571428571428571","0.6571428571428571","0.6571428571428571","0.6571428571428571","0.6571428571428571","0.6571428571428571","0.6571428571428571","0.6571428571428571","0.6571428571428571","0.6571428571428571","0.6571428571428571","0.6571428571428571","0.6571428571428571","0.6571428571428571","0.6571428571428571","0.6571428571428571","0.6571428571428571","0.6571428571428571","0.6571428571428571","0.6571428571428571","0.6571428571428571","0.6571428571428571","0.6571428571428571","0.6571428571428571","0.6571428571428571","0.6571428571428571","0.6571428571428571","0.6571428571428571","0.6571428571428571","0.6571428571428571","0.6571428571428571","0.6571428571428571","0.6571428571428571","0.6571428571428571","0.6571428571428571","0.6571428571428571","0.6571428571428571","0.6571428571428571","0.6571428571428571","0.6571428571428571","0.6571428571428571","0.6571428571428571","0.6571428571428571","0.6571428571428571","0.6571428571428571","0.6571428571428571","0.6571428571428571","0.6571428571428571","0.6571428571428571","0.6571428571428571","0.6571428571428571","0.6571428571428571","0.6571428571428571","0.6571428571428571","0.6571428571428571","0.6571428571428571","0.6571428571428571","0.6571428571428571","0.6571428571428571","0.6571428571428571","0.6571428571428571","0.6571428571428571","0.6571428571428571","0.6571428571428571","0.6571428571428571","0.6571428571428571","0.6571428571428571","0.6571428571428571","0.6571428571428571","0.6571428571428571","0.6571428571428571","0.6571428571428571","0.6571428571428571","0.6571428571428571","0.6571428571428571","0.6571428571428571","0.6571428571428571","0.6571428571428571","0.6571428571428571","0.6571428571428571","0.6571428571428571","0.6571428571428571","0.6571428571428571","0.6571428571428571","0.6571428571428571","0.6571428571428571","0.6571428571428571","0.6571428571428571","0.6571428571428571","0.6571428571428571","0.6571428571428571","0.6571428571428571","0.6571428571428571","0.6571428571428571","0.6571428571428571","0.6571428571428571","0.6571428571428571","0.6571428571428571","0.6571428571428571","0.6571428571428571","0.6571428571428571","0.6571428571428571","0.6571428571428571","0.6571428571428571","0.6571428571428571","0.6571428571428571","0.6571428571428571","0.6571428571428571","0.6571428571428571","0.6571428571428571","0.6571428571428571","0.6571428571428571","0.6571428571428571","0.6571428571428571","0.6571428571428571","0.6571428571428571","0.6571428571428571","0.6571428571428571","0.6571428571428571","0.6571428571428571","0.6571428571428571","0.6571428571428571","0.6571428571428571","0.6571428571428571","0.6571428571428571","0.6571428571428571","0.6571428571428571","0.6571428571428571","0.6571428571428571","0.6571428571428571","0.6571428571428571","0.6571428571428571","0.6571428571428571","0.6571428571428571","0.6571428571428571","0.6571428571428571","0.6571428571428571","0.6571428571428571","0.6571428571428571","0.6571428571428571","0.6571428571428571","0.6571428571428571","0.6571428571428571","0.6571428571428571","0.6571428571428571","0.6571428571428571","0.6571428571428571","0.6571428571428571","0.6571428571428571","0.6571428571428571","0.6571428571428571","0.6571428571428571","0.6571428571428571","0.6571428571428571","0.6571428571428571","0.6571428571428571","0.6571428571428571","0.6571428571428571","0.6571428571428571","0.6571428571428571","0.6571428571428571","0.6571428571428571","0.6571428571428571","0.6571428571428571","0.6571428571428571","0.6571428571428571","0.6571428571428571","0.6571428571428571","0.6571428571428571","0.6571428571428571","0.6571428571428571","0.6571428571428571","0.6571428571428571","0.6571428571428571","0.6571428571428571","0.6571428571428571","0.6571428571428571","0.6571428571428571","0.6571428571428571","0.6571428571428571","0.6571428571428571","0.6571428571428571","0.6571428571428571","0.6571428571428571","0.6571428571428571","0.6571428571428571","0.6571428571428571","0.6571428571428571","0.6571428571428571","0.6571428571428571","0.6571428571428571","0.6571428571428571","0.6571428571428571","0.6571428571428571","0.6571428571428571","0.6571428571428571","0.6571428571428571","0.6571428571428571","0.6571428571428571","0.6571428571428571","0.6571428571428571","0.6571428571428571","0.6571428571428571","0.6571428571428571","0.6571428571428571","0.6571428571428571","0.6571428571428571","0.6571428571428571","0.6571428571428571","0.6571428571428571","0.6571428571428571","0.6571428571428571","0.6571428571428571","0.6571428571428571","0.6571428571428571","0.6571428571428571","0.6571428571428571","0.6571428571428571","0.6571428571428571","0.6571428571428571","0.6571428571428571","0.6571428571428571","0.6571428571428571","0.6571428571428571","0.6571428571428571","0.6571428571428571","0.6571428571428571","0.6571428571428571","0.6571428571428571","0.6571428571428571","0.6571428571428571","0.6571428571428571","0.6571428571428571","0.6571428571428571","0.6571428571428571","0.6571428571428571","0.6571428571428571","0.6571428571428571","0.6571428571428571","0.6571428571428571","0.6571428571428571","0.6571428571428571","0.6571428571428571","0.6571428571428571","0.6571428571428571","0.6571428571428571","0.6571428571428571","0.6571428571428571","0.6571428571428571","0.6571428571428571","0.6571428571428571","0.6571428571428571","0.6571428571428571","0.6571428571428571","0.6571428571428571","0.6571428571428571","0.6571428571428571","0.6571428571428571","0.6571428571428571","0.6571428571428571","0.6571428571428571","0.6571428571428571","0.6571428571428571","0.6571428571428571","0.6571428571428571","0.6571428571428571","0.6571428571428571","0.6571428571428571","0.6571428571428571","0.6571428571428571","0.6571428571428571","0.6571428571428571","0.6571428571428571","0.6571428571428571","0.6571428571428571","0.6571428571428571","0.6571428571428571","0.6571428571428571","73","1790"
"WSPy-NoTypes","mimesis.providers.date","1590999405044531777","724","600690043064","0.9555555555555556","16","306","14","292","0.6666666666666666","0.6666666666666666","0.6666666666666666","0.7322046677596398","0.7555555555555555","0.7555555555555555","0.7777777777777778","0.7777777777777778","0.8119483334773604","0.818538095648001","0.8222222222222222","0.8222222222222222","0.8444444444444444","0.8444444444444444","0.8444444444444444","0.8522852026585139","0.8666666666666667","0.8666666666666667","0.8666666666666667","0.8666666666666667","0.8666666666666667","0.8706313505248785","0.8888888888888888","0.8888888888888888","0.8888888888888888","0.8888888888888888","0.8888888888888888","0.8888888888888888","0.8888888888888888","0.8888888888888888","0.9111111111111111","0.9111111111111111","0.9111111111111111","0.9111111111111111","0.9111111111111111","0.9111111111111111","0.9111111111111111","0.9111111111111111","0.9111111111111111","0.9111111111111111","0.9111111111111111","0.9111111111111111","0.9111111111111111","0.9111111111111111","0.9111111111111111","0.9111111111111111","0.9111111111111111","0.9111111111111111","0.9111111111111111","0.9111111111111111","0.9111111111111111","0.9111111111111111","0.9111111111111111","0.9111111111111111","0.9111111111111111","0.9111111111111111","0.9111111111111111","0.9111111111111111","0.9292943498065779","0.9555555555555556","0.9555555555555556","0.9555555555555556","0.9555555555555556","0.9555555555555556","0.9555555555555556","0.9555555555555556","0.9555555555555556","0.9555555555555556","0.9555555555555556","0.9555555555555556","0.9555555555555556","0.9555555555555556","0.9555555555555556","0.9555555555555556","0.9555555555555556","0.9555555555555556","0.9555555555555556","0.9555555555555556","0.9555555555555556","0.9555555555555556","0.9555555555555556","0.9555555555555556","0.9555555555555556","0.9555555555555556","0.9555555555555556","0.9555555555555556","0.9555555555555556","0.9555555555555556","0.9555555555555556","0.9555555555555556","0.9555555555555556","0.9555555555555556","0.9555555555555556","0.9555555555555556","0.9555555555555556","0.9555555555555556","0.9555555555555556","0.9555555555555556","0.9555555555555556","0.9555555555555556","0.9555555555555556","0.9555555555555556","0.9555555555555556","0.9555555555555556","0.9555555555555556","0.9555555555555556","0.9555555555555556","0.9555555555555556","0.9555555555555556","0.9555555555555556","0.9555555555555556","0.9555555555555556","0.9555555555555556","0.9555555555555556","0.9555555555555556","0.9555555555555556","0.9555555555555556","0.9555555555555556","0.9555555555555556","0.9555555555555556","0.9555555555555556","0.9555555555555556","0.9555555555555556","0.9555555555555556","0.9555555555555556","0.9555555555555556","0.9555555555555556","0.9555555555555556","0.9555555555555556","0.9555555555555556","0.9555555555555556","0.9555555555555556","0.9555555555555556","0.9555555555555556","0.9555555555555556","0.9555555555555556","0.9555555555555556","0.9555555555555556","0.9555555555555556","0.9555555555555556","0.9555555555555556","0.9555555555555556","0.9555555555555556","0.9555555555555556","0.9555555555555556","0.9555555555555556","0.9555555555555556","0.9555555555555556","0.9555555555555556","0.9555555555555556","0.9555555555555556","0.9555555555555556","0.9555555555555556","0.9555555555555556","0.9555555555555556","0.9555555555555556","0.9555555555555556","0.9555555555555556","0.9555555555555556","0.9555555555555556","0.9555555555555556","0.9555555555555556","0.9555555555555556","0.9555555555555556","0.9555555555555556","0.9555555555555556","0.9555555555555556","0.9555555555555556","0.9555555555555556","0.9555555555555556","0.9555555555555556","0.9555555555555556","0.9555555555555556","0.9555555555555556","0.9555555555555556","0.9555555555555556","0.9555555555555556","0.9555555555555556","0.9555555555555556","0.9555555555555556","0.9555555555555556","0.9555555555555556","0.9555555555555556","0.9555555555555556","0.9555555555555556","0.9555555555555556","0.9555555555555556","0.9555555555555556","0.9555555555555556","0.9555555555555556","0.9555555555555556","0.9555555555555556","0.9555555555555556","0.9555555555555556","0.9555555555555556","0.9555555555555556","0.9555555555555556","0.9555555555555556","0.9555555555555556","0.9555555555555556","0.9555555555555556","0.9555555555555556","0.9555555555555556","0.9555555555555556","0.9555555555555556","0.9555555555555556","0.9555555555555556","0.9555555555555556","0.9555555555555556","0.9555555555555556","0.9555555555555556","0.9555555555555556","0.9555555555555556","0.9555555555555556","0.9555555555555556","0.9555555555555556","0.9555555555555556","0.9555555555555556","0.9555555555555556","0.9555555555555556","0.9555555555555556","0.9555555555555556","0.9555555555555556","0.9555555555555556","0.9555555555555556","0.9555555555555556","0.9555555555555556","0.9555555555555556","0.9555555555555556","0.9555555555555556","0.9555555555555556","0.9555555555555556","0.9555555555555556","0.9555555555555556","0.9555555555555556","0.9555555555555556","0.9555555555555556","0.9555555555555556","0.9555555555555556","0.9555555555555556","0.9555555555555556","0.9555555555555556","0.9555555555555556","0.9555555555555556","0.9555555555555556","0.9555555555555556","0.9555555555555556","0.9555555555555556","0.9555555555555556","0.9555555555555556","0.9555555555555556","0.9555555555555556","0.9555555555555556","0.9555555555555556","0.9555555555555556","0.9555555555555556","0.9555555555555556","0.9555555555555556","0.9555555555555556","0.9555555555555556","0.9555555555555556","0.9555555555555556","0.9555555555555556","0.9555555555555556","0.9555555555555556","0.9555555555555556","0.9555555555555556","0.9555555555555556","0.9555555555555556","0.9555555555555556","0.9555555555555556","0.9555555555555556","0.9555555555555556","0.9555555555555556","0.9555555555555556","0.9555555555555556","0.9555555555555556","0.9555555555555556","0.9555555555555556","0.9555555555555556","0.9555555555555556","0.9555555555555556","0.9555555555555556","0.9555555555555556","0.9555555555555556","0.9555555555555556","0.9555555555555556","0.9555555555555556","0.9555555555555556","0.9555555555555556","0.9555555555555556","0.9555555555555556","0.9555555555555556","0.9555555555555556","0.9555555555555556","0.9555555555555556","0.9555555555555556","0.9555555555555556","0.9555555555555556","0.9555555555555556","0.9555555555555556","0.9555555555555556","0.9555555555555556","0.9555555555555556","0.9555555555555556","0.9555555555555556","0.9555555555555556","0.9555555555555556","0.9555555555555556","0.9555555555555556","0.9555555555555556","0.9555555555555556","0.9555555555555556","0.9555555555555556","0.9555555555555556","0.9555555555555556","0.9555555555555556","0.9555555555555556","0.9555555555555556","0.9555555555555556","0.9555555555555556","0.9555555555555556","0.9555555555555556","0.9555555555555556","0.9555555555555556","0.9555555555555556","0.9555555555555556","0.9555555555555556","0.9555555555555556","0.9555555555555556","0.9555555555555556","0.9555555555555556","0.9555555555555556","0.9555555555555556","0.9555555555555556","0.9555555555555556","0.9555555555555556","0.9555555555555556","0.9555555555555556","0.9555555555555556","0.9555555555555556","0.9555555555555556","0.9555555555555556","0.9555555555555556","0.9555555555555556","0.9555555555555556","0.9555555555555556","0.9555555555555556","0.9555555555555556","0.9555555555555556","0.9555555555555556","0.9555555555555556","0.9555555555555556","0.9555555555555556","0.9555555555555556","0.9555555555555556","0.9555555555555556","0.9555555555555556","0.9555555555555556","0.9555555555555556","0.9555555555555556","0.9555555555555556","0.9555555555555556","0.9555555555555556","0.9555555555555556","0.9555555555555556","0.9555555555555556","0.9555555555555556","0.9555555555555556","0.9555555555555556","0.9555555555555556","0.9555555555555556","0.9555555555555556","0.9555555555555556","0.9555555555555556","0.9555555555555556","0.9555555555555556","0.9555555555555556","0.9555555555555556","0.9555555555555556","0.9555555555555556","0.9555555555555556","0.9555555555555556","0.9555555555555556","0.9555555555555556","0.9555555555555556","0.9555555555555556","0.9555555555555556","0.9555555555555556","0.9555555555555556","0.9555555555555556","0.9555555555555556","0.9555555555555556","0.9555555555555556","0.9555555555555556","0.9555555555555556","0.9555555555555556","0.9555555555555556","0.9555555555555556","0.9555555555555556","0.9555555555555556","0.9555555555555556","0.9555555555555556","0.9555555555555556","0.9555555555555556","0.9555555555555556","0.9555555555555556","0.9555555555555556","0.9555555555555556","0.9555555555555556","0.9555555555555556","0.9555555555555556","0.9555555555555556","0.9555555555555556","0.9555555555555556","0.9555555555555556","0.9555555555555556","0.9555555555555556","0.9555555555555556","0.9555555555555556","0.9555555555555556","0.9555555555555556","0.9555555555555556","0.9555555555555556","0.9555555555555556","0.9555555555555556","0.9555555555555556","0.9555555555555556","0.9555555555555556","0.9555555555555556","0.9555555555555556","0.9555555555555556","0.9555555555555556","0.9555555555555556","0.9555555555555556","0.9555555555555556","0.9555555555555556","0.9555555555555556","0.9555555555555556","0.9555555555555556","0.9555555555555556","0.9555555555555556","0.9555555555555556","0.9555555555555556","0.9555555555555556","0.9555555555555556","0.9555555555555556","0.9555555555555556","0.9555555555555556","0.9555555555555556","0.9555555555555556","0.9555555555555556","0.9555555555555556","0.9555555555555556","0.9555555555555556","0.9555555555555556","0.9555555555555556","0.9555555555555556","0.9555555555555556","0.9555555555555556","0.9555555555555556","0.9555555555555556","0.9555555555555556","0.9555555555555556","0.9555555555555556","0.9555555555555556","0.9555555555555556","0.9555555555555556","0.9555555555555556","0.9555555555555556","0.9555555555555556","0.9555555555555556","0.9555555555555556","0.9555555555555556","0.9555555555555556","0.9555555555555556","0.9555555555555556","0.9555555555555556","0.9555555555555556","0.9555555555555556","0.9555555555555556","0.9555555555555556","0.9555555555555556","0.9555555555555556","0.9555555555555556","0.9555555555555556","0.9555555555555556","0.9555555555555556","0.9555555555555556","0.9555555555555556","0.9555555555555556","0.9555555555555556","0.9555555555555556","0.9555555555555556","0.9555555555555556","0.9555555555555556","0.9555555555555556","0.9555555555555556","0.9555555555555556","0.9555555555555556","0.9555555555555556","0.9555555555555556","0.9555555555555556","0.9555555555555556","0.9555555555555556","0.9555555555555556","0.9555555555555556","0.9555555555555556","0.9555555555555556","0.9555555555555556","0.9555555555555556","0.9555555555555556","0.9555555555555556","0.9555555555555556","0.9555555555555556","0.9555555555555556","0.9555555555555556","0.9555555555555556","0.9555555555555556","0.9555555555555556","0.9555555555555556","0.9555555555555556","0.9555555555555556","0.9555555555555556","0.9555555555555556","0.9555555555555556","0.9555555555555556","0.9555555555555556","0.9555555555555556","0.9555555555555556","0.9555555555555556","0.9555555555555556","0.9555555555555556","0.9555555555555556","0.9555555555555556","0.9555555555555556","0.9555555555555556","0.9555555555555556","0.9555555555555556","0.9555555555555556","0.9555555555555556","0.9555555555555556","0.9555555555555556","0.9555555555555556","0.9555555555555556","0.9555555555555556","0.9555555555555556","0.9555555555555556","0.9555555555555556","0.9555555555555556","0.9555555555555556","0.9555555555555556","0.9555555555555556","0.9555555555555556","0.9555555555555556","0.9555555555555556","0.9555555555555556","0.9555555555555556","0.9555555555555556","0.9555555555555556","0.9555555555555556","0.9555555555555556","0.9555555555555556","0.9555555555555556","0.9555555555555556","0.9555555555555556","0.9555555555555556","0.9555555555555556","0.9555555555555556","0.9555555555555556","0.9555555555555556","0.9555555555555556","0.9555555555555556","0.9555555555555556","0.9555555555555556","0.9555555555555556","0.9555555555555556","0.9555555555555556","0.9555555555555556","0.9555555555555556","0.9555555555555556","0.9555555555555556","0.9555555555555556","0.9555555555555556","0.9555555555555556","0.9555555555555556","0.9555555555555556","0.9555555555555556","0.9555555555555556","0.9555555555555556","0.9555555555555556","0.9555555555555556","0.9555555555555556","0.9555555555555556","0.9555555555555556","0.9555555555555556","0.9555555555555556","0.9555555555555556","0.9555555555555556","0.9555555555555556","2","14"
"WSPy-NoTypes","mimesis.providers.units","1590999374386809852","0","1852880934","1.0","6","128","6","128","1.0","1.0","1.0","1.0","1.0","1.0","1.0","1.0","1.0","1.0","1.0","1.0","1.0","1.0","1.0","1.0","1.0","1.0","1.0","1.0","1.0","1.0","1.0","1.0","1.0","1.0","1.0","1.0","1.0","1.0","1.0","1.0","1.0","1.0","1.0","1.0","1.0","1.0","1.0","1.0","1.0","1.0","1.0","1.0","1.0","1.0","1.0","1.0","1.0","1.0","1.0","1.0","1.0","1.0","1.0","1.0","1.0","1.0","1.0","1.0","1.0","1.0","1.0","1.0","1.0","1.0","1.0","1.0","1.0","1.0","1.0","1.0","1.0","1.0","1.0","1.0","1.0","1.0","1.0","1.0","1.0","1.0","1.0","1.0","1.0","1.0","1.0","1.0","1.0","1.0","1.0","1.0","1.0","1.0","1.0","1.0","1.0","1.0","1.0","1.0","1.0","1.0","1.0","1.0","1.0","1.0","1.0","1.0","1.0","1.0","1.0","1.0","1.0","1.0","1.0","1.0","1.0","1.0","1.0","1.0","1.0","1.0","1.0","1.0","1.0","1.0","1.0","1.0","1.0","1.0","1.0","1.0","1.0","1.0","1.0","1.0","1.0","1.0","1.0","1.0","1.0","1.0","1.0","1.0","1.0","1.0","1.0","1.0","1.0","1.0","1.0","1.0","1.0","1.0","1.0","1.0","1.0","1.0","1.0","1.0","1.0","1.0","1.0","1.0","1.0","1.0","1.0","1.0","1.0","1.0","1.0","1.0","1.0","1.0","1.0","1.0","1.0","1.0","1.0","1.0","1.0","1.0","1.0","1.0","1.0","1.0","1.0","1.0","1.0","1.0","1.0","1.0","1.0","1.0","1.0","1.0","1.0","1.0","1.0","1.0","1.0","1.0","1.0","1.0","1.0","1.0","1.0","1.0","1.0","1.0","1.0","1.0","1.0","1.0","1.0","1.0","1.0","1.0","1.0","1.0","1.0","1.0","1.0","1.0","1.0","1.0","1.0","1.0","1.0","1.0","1.0","1.0","1.0","1.0","1.0","1.0","1.0","1.0","1.0","1.0","1.0","1.0","1.0","1.0","1.0","1.0","1.0","1.0","1.0","1.0","1.0","1.0","1.0","1.0","1.0","1.0","1.0","1.0","1.0","1.0","1.0","1.0","1.0","1.0","1.0","1.0","1.0","1.0","1.0","1.0","1.0","1.0","1.0","1.0","1.0","1.0","1.0","1.0","1.0","1.0","1.0","1.0","1.0","1.0","1.0","1.0","1.0","1.0","1.0","1.0","1.0","1.0","1.0","1.0","1.0","1.0","1.0","1.0","1.0","1.0","1.0","1.0","1.0","1.0","1.0","1.0","1.0","1.0","1.0","1.0","1.0","1.0","1.0","1.0","1.0","1.0","1.0","1.0","1.0","1.0","1.0","1.0","1.0","1.0","1.0","1.0","1.0","1.0","1.0","1.0","1.0","1.0","1.0","1.0","1.0","1.0","1.0","1.0","1.0","1.0","1.0","1.0","1.0","1.0","1.0","1.0","1.0","1.0","1.0","1.0","1.0","1.0","1.0","1.0","1.0","1.0","1.0","1.0","1.0","1.0","1.0","1.0","1.0","1.0","1.0","1.0","1.0","1.0","1.0","1.0","1.0","1.0","1.0","1.0","1.0","1.0","1.0","1.0","1.0","1.0","1.0","1.0","1.0","1.0","1.0","1.0","1.0","1.0","1.0","1.0","1.0","1.0","1.0","1.0","1.0","1.0","1.0","1.0","1.0","1.0","1.0","1.0","1.0","1.0","1.0","1.0","1.0","1.0","1.0","1.0","1.0","1.0","1.0","1.0","1.0","1.0","1.0","1.0","1.0","1.0","1.0","1.0","1.0","1.0","1.0","1.0","1.0","1.0","1.0","1.0","1.0","1.0","1.0","1.0","1.0","1.0","1.0","1.0","1.0","1.0","1.0","1.0","1.0","1.0","1.0","1.0","1.0","1.0","1.0","1.0","1.0","1.0","1.0","1.0","1.0","1.0","1.0","1.0","1.0","1.0","1.0","1.0","1.0","1.0","1.0","1.0","1.0","1.0","1.0","1.0","1.0","1.0","1.0","1.0","1.0","1.0","1.0","1.0","1.0","1.0","1.0","1.0","1.0","1.0","1.0","1.0","1.0","1.0","1.0","1.0","1.0","1.0","1.0","1.0","1.0","1.0","1.0","1.0","1.0","1.0","1.0","1.0","1.0","1.0","1.0","1.0","1.0","1.0","1.0","1.0","1.0","1.0","1.0","1.0","1.0","1.0","1.0","1.0","1.0","1.0","1.0","1.0","1.0","1.0","1.0","1.0","1.0","1.0","1.0","1.0","1.0","1.0","1.0","1.0","1.0","1.0","1.0","1.0","1.0","1.0","1.0","1.0","1.0","1.0","1.0","1.0","1.0","1.0","1.0","1.0","1.0","1.0","1.0","1.0","1.0","1.0","1.0","1.0","1.0","1.0","1.0","1.0","1.0","1.0","1.0","1.0","1.0","1.0","1.0","1.0","1.0","1.0","1.0","1.0","1.0","1.0","1.0","1.0","1.0","1.0","1.0","1.0","1.0","1.0","1.0","1.0","1.0","1.0","1.0","1.0","1.0","1.0","1.0","1.0","1.0","1.0","1.0","1.0","1.0","1.0","0","0"
"WSPy-TypeHintsInference","mimesis.decorators","1590998531193029713","1941","600604405961","0.14285714285714285","4","70","0","0","0.14285714285714285","0.14285714285714285","0.14285714285714285","0.14285714285714285","0.14285714285714285","0.14285714285714285","0.14285714285714285","0.14285714285714285","0.14285714285714285","0.14285714285714285","0.14285714285714285","0.14285714285714285","0.14285714285714285","0.14285714285714285","0.14285714285714285","0.14285714285714285","0.14285714285714285","0.14285714285714285","0.14285714285714285","0.14285714285714285","0.14285714285714285","0.14285714285714285","0.14285714285714285","0.14285714285714285","0.14285714285714285","0.14285714285714285","0.14285714285714285","0.14285714285714285","0.14285714285714285","0.14285714285714285","0.14285714285714285","0.14285714285714285","0.14285714285714285","0.14285714285714285","0.14285714285714285","0.14285714285714285","0.14285714285714285","0.14285714285714285","0.14285714285714285","0.14285714285714285","0.14285714285714285","0.14285714285714285","0.14285714285714285","0.14285714285714285","0.14285714285714285","0.14285714285714285","0.14285714285714285","0.14285714285714285","0.14285714285714285","0.14285714285714285","0.14285714285714285","0.14285714285714285","0.14285714285714285","0.14285714285714285","0.14285714285714285","0.14285714285714285","0.14285714285714285","0.14285714285714285","0.14285714285714285","0.14285714285714285","0.14285714285714285","0.14285714285714285","0.14285714285714285","0.14285714285714285","0.14285714285714285","0.14285714285714285","0.14285714285714285","0.14285714285714285","0.14285714285714285","0.14285714285714285","0.14285714285714285","0.14285714285714285","0.14285714285714285","0.14285714285714285","0.14285714285714285","0.14285714285714285","0.14285714285714285","0.14285714285714285","0.14285714285714285","0.14285714285714285","0.14285714285714285","0.14285714285714285","0.14285714285714285","0.14285714285714285","0.14285714285714285","0.14285714285714285","0.14285714285714285","0.14285714285714285","0.14285714285714285","0.14285714285714285","0.14285714285714285","0.14285714285714285","0.14285714285714285","0.14285714285714285","0.14285714285714285","0.14285714285714285","0.14285714285714285","0.14285714285714285","0.14285714285714285","0.14285714285714285","0.14285714285714285","0.14285714285714285","0.14285714285714285","0.14285714285714285","0.14285714285714285","0.14285714285714285","0.14285714285714285","0.14285714285714285","0.14285714285714285","0.14285714285714285","0.14285714285714285","0.14285714285714285","0.14285714285714285","0.14285714285714285","0.14285714285714285","0.14285714285714285","0.14285714285714285","0.14285714285714285","0.14285714285714285","0.14285714285714285","0.14285714285714285","0.14285714285714285","0.14285714285714285","0.14285714285714285","0.14285714285714285","0.14285714285714285","0.14285714285714285","0.14285714285714285","0.14285714285714285","0.14285714285714285","0.14285714285714285","0.14285714285714285","0.14285714285714285","0.14285714285714285","0.14285714285714285","0.14285714285714285","0.14285714285714285","0.14285714285714285","0.14285714285714285","0.14285714285714285","0.14285714285714285","0.14285714285714285","0.14285714285714285","0.14285714285714285","0.14285714285714285","0.14285714285714285","0.14285714285714285","0.14285714285714285","0.14285714285714285","0.14285714285714285","0.14285714285714285","0.14285714285714285","0.14285714285714285","0.14285714285714285","0.14285714285714285","0.14285714285714285","0.14285714285714285","0.14285714285714285","0.14285714285714285","0.14285714285714285","0.14285714285714285","0.14285714285714285","0.14285714285714285","0.14285714285714285","0.14285714285714285","0.14285714285714285","0.14285714285714285","0.14285714285714285","0.14285714285714285","0.14285714285714285","0.14285714285714285","0.14285714285714285","0.14285714285714285","0.14285714285714285","0.14285714285714285","0.14285714285714285","0.14285714285714285","0.14285714285714285","0.14285714285714285","0.14285714285714285","0.14285714285714285","0.14285714285714285","0.14285714285714285","0.14285714285714285","0.14285714285714285","0.14285714285714285","0.14285714285714285","0.14285714285714285","0.14285714285714285","0.14285714285714285","0.14285714285714285","0.14285714285714285","0.14285714285714285","0.14285714285714285","0.14285714285714285","0.14285714285714285","0.14285714285714285","0.14285714285714285","0.14285714285714285","0.14285714285714285","0.14285714285714285","0.14285714285714285","0.14285714285714285","0.14285714285714285","0.14285714285714285","0.14285714285714285","0.14285714285714285","0.14285714285714285","0.14285714285714285","0.14285714285714285","0.14285714285714285","0.14285714285714285","0.14285714285714285","0.14285714285714285","0.14285714285714285","0.14285714285714285","0.14285714285714285","0.14285714285714285","0.14285714285714285","0.14285714285714285","0.14285714285714285","0.14285714285714285","0.14285714285714285","0.14285714285714285","0.14285714285714285","0.14285714285714285","0.14285714285714285","0.14285714285714285","0.14285714285714285","0.14285714285714285","0.14285714285714285","0.14285714285714285","0.14285714285714285","0.14285714285714285","0.14285714285714285","0.14285714285714285","0.14285714285714285","0.14285714285714285","0.14285714285714285","0.14285714285714285","0.14285714285714285","0.14285714285714285","0.14285714285714285","0.14285714285714285","0.14285714285714285","0.14285714285714285","0.14285714285714285","0.14285714285714285","0.14285714285714285","0.14285714285714285","0.14285714285714285","0.14285714285714285","0.14285714285714285","0.14285714285714285","0.14285714285714285","0.14285714285714285","0.14285714285714285","0.14285714285714285","0.14285714285714285","0.14285714285714285","0.14285714285714285","0.14285714285714285","0.14285714285714285","0.14285714285714285","0.14285714285714285","0.14285714285714285","0.14285714285714285","0.14285714285714285","0.14285714285714285","0.14285714285714285","0.14285714285714285","0.14285714285714285","0.14285714285714285","0.14285714285714285","0.14285714285714285","0.14285714285714285","0.14285714285714285","0.14285714285714285","0.14285714285714285","0.14285714285714285","0.14285714285714285","0.14285714285714285","0.14285714285714285","0.14285714285714285","0.14285714285714285","0.14285714285714285","0.14285714285714285","0.14285714285714285","0.14285714285714285","0.14285714285714285","0.14285714285714285","0.14285714285714285","0.14285714285714285","0.14285714285714285","0.14285714285714285","0.14285714285714285","0.14285714285714285","0.14285714285714285","0.14285714285714285","0.14285714285714285","0.14285714285714285","0.14285714285714285","0.14285714285714285","0.14285714285714285","0.14285714285714285","0.14285714285714285","0.14285714285714285","0.14285714285714285","0.14285714285714285","0.14285714285714285","0.14285714285714285","0.14285714285714285","0.14285714285714285","0.14285714285714285","0.14285714285714285","0.14285714285714285","0.14285714285714285","0.14285714285714285","0.14285714285714285","0.14285714285714285","0.14285714285714285","0.14285714285714285","0.14285714285714285","0.14285714285714285","0.14285714285714285","0.14285714285714285","0.14285714285714285","0.14285714285714285","0.14285714285714285","0.14285714285714285","0.14285714285714285","0.14285714285714285","0.14285714285714285","0.14285714285714285","0.14285714285714285","0.14285714285714285","0.14285714285714285","0.14285714285714285","0.14285714285714285","0.14285714285714285","0.14285714285714285","0.14285714285714285","0.14285714285714285","0.14285714285714285","0.14285714285714285","0.14285714285714285","0.14285714285714285","0.14285714285714285","0.14285714285714285","0.14285714285714285","0.14285714285714285","0.14285714285714285","0.14285714285714285","0.14285714285714285","0.14285714285714285","0.14285714285714285","0.14285714285714285","0.14285714285714285","0.14285714285714285","0.14285714285714285","0.14285714285714285","0.14285714285714285","0.14285714285714285","0.14285714285714285","0.14285714285714285","0.14285714285714285","0.14285714285714285","0.14285714285714285","0.14285714285714285","0.14285714285714285","0.14285714285714285","0.14285714285714285","0.14285714285714285","0.14285714285714285","0.14285714285714285","0.14285714285714285","0.14285714285714285","0.14285714285714285","0.14285714285714285","0.14285714285714285","0.14285714285714285","0.14285714285714285","0.14285714285714285","0.14285714285714285","0.14285714285714285","0.14285714285714285","0.14285714285714285","0.14285714285714285","0.14285714285714285","0.14285714285714285","0.14285714285714285","0.14285714285714285","0.14285714285714285","0.14285714285714285","0.14285714285714285","0.14285714285714285","0.14285714285714285","0.14285714285714285","0.14285714285714285","0.14285714285714285","0.14285714285714285","0.14285714285714285","0.14285714285714285","0.14285714285714285","0.14285714285714285","0.14285714285714285","0.14285714285714285","0.14285714285714285","0.14285714285714285","0.14285714285714285","0.14285714285714285","0.14285714285714285","0.14285714285714285","0.14285714285714285","0.14285714285714285","0.14285714285714285","0.14285714285714285","0.14285714285714285","0.14285714285714285","0.14285714285714285","0.14285714285714285","0.14285714285714285","0.14285714285714285","0.14285714285714285","0.14285714285714285","0.14285714285714285","0.14285714285714285","0.14285714285714285","0.14285714285714285","0.14285714285714285","0.14285714285714285","0.14285714285714285","0.14285714285714285","0.14285714285714285","0.14285714285714285","0.14285714285714285","0.14285714285714285","0.14285714285714285","0.14285714285714285","0.14285714285714285","0.14285714285714285","0.14285714285714285","0.14285714285714285","0.14285714285714285","0.14285714285714285","0.14285714285714285","0.14285714285714285","0.14285714285714285","0.14285714285714285","0.14285714285714285","0.14285714285714285","0.14285714285714285","0.14285714285714285","0.14285714285714285","0.14285714285714285","0.14285714285714285","0.14285714285714285","0.14285714285714285","0.14285714285714285","0.14285714285714285","0.14285714285714285","0.14285714285714285","0.14285714285714285","0.14285714285714285","0.14285714285714285","0.14285714285714285","0.14285714285714285","0.14285714285714285","0.14285714285714285","0.14285714285714285","0.14285714285714285","0.14285714285714285","0.14285714285714285","0.14285714285714285","0.14285714285714285","0.14285714285714285","0.14285714285714285","0.14285714285714285","0.14285714285714285","0.14285714285714285","0.14285714285714285","0.14285714285714285","0.14285714285714285","0.14285714285714285","0.14285714285714285","0.14285714285714285","0.14285714285714285","0.14285714285714285","0.14285714285714285","0.14285714285714285","0.14285714285714285","0.14285714285714285","0.14285714285714285","0.14285714285714285","0.14285714285714285","0.14285714285714285","0.14285714285714285","0.14285714285714285","0.14285714285714285","0.14285714285714285","0.14285714285714285","0.14285714285714285","0.14285714285714285","0.14285714285714285","0.14285714285714285","0.14285714285714285","0.14285714285714285","0.14285714285714285","0.14285714285714285","0.14285714285714285","0.14285714285714285","0.14285714285714285","0.14285714285714285","0.14285714285714285","0.14285714285714285","0.14285714285714285","0.14285714285714285","0.14285714285714285","0.14285714285714285","0.14285714285714285","0.14285714285714285","0.14285714285714285","0.14285714285714285","0.14285714285714285","0.14285714285714285","0.14285714285714285","0.14285714285714285","0.14285714285714285","0.14285714285714285","0.14285714285714285","0.14285714285714285","0.14285714285714285","0.14285714285714285","0.14285714285714285","0.14285714285714285","0.14285714285714285","0.14285714285714285","0.14285714285714285","0.14285714285714285","0.14285714285714285","0.14285714285714285","0.14285714285714285","0.14285714285714285","0.14285714285714285","0.14285714285714285","0.14285714285714285","0.14285714285714285","0.14285714285714285","0.14285714285714285","0.14285714285714285","0.14285714285714285","0.14285714285714285","0.14285714285714285","0.14285714285714285","0.14285714285714285","0.14285714285714285","0.14285714285714285","0.14285714285714285","0.14285714285714285","0.14285714285714285","0.14285714285714285","0.14285714285714285","0.14285714285714285","0.14285714285714285","0.14285714285714285","0.14285714285714285","0.14285714285714285","0.14285714285714285","0.14285714285714285","0.14285714285714285","0.14285714285714285","0.14285714285714285","0.14285714285714285","0.14285714285714285","0.14285714285714285","0.14285714285714285","0.14285714285714285","0.14285714285714285","0.14285714285714285","0.14285714285714285","0.14285714285714285","0.14285714285714285","0.14285714285714285","0.14285714285714285","0.14285714285714285","0.14285714285714285","0.14285714285714285","0.14285714285714285","0.14285714285714285","0.14285714285714285","0.14285714285714285","0.14285714285714285","0.14285714285714285","0.14285714285714285","0.14285714285714285","0.14285714285714285","0.14285714285714285","0.14285714285714285","0.14285714285714285","0.14285714285714285","4","70"
"RandooPy-NoTypes","mimesis.builtins.nl","1590999105225784311","290","606840030792","0.9230769230769231","282","6969","6","148","0.9230769230769231","0.9230769230769231","0.9230769230769231","0.9230769230769231","0.9230769230769231","0.9230769230769231","0.9230769230769231","0.9230769230769231","0.9230769230769231","0.9230769230769231","0.9230769230769231","0.9230769230769231","0.9230769230769231","0.9230769230769231","0.9230769230769231","0.9230769230769231","0.9230769230769231","0.9230769230769231","0.9230769230769231","0.9230769230769231","0.9230769230769231","0.9230769230769231","0.9230769230769231","0.9230769230769231","0.9230769230769231","0.9230769230769231","0.9230769230769231","0.9230769230769231","0.9230769230769231","0.9230769230769231","0.9230769230769231","0.9230769230769231","0.9230769230769231","0.9230769230769231","0.9230769230769231","0.9230769230769231","0.9230769230769231","0.9230769230769231","0.9230769230769231","0.9230769230769231","0.9230769230769231","0.9230769230769231","0.9230769230769231","0.9230769230769231","0.9230769230769231","0.9230769230769231","0.9230769230769231","0.9230769230769231","0.9230769230769231","0.9230769230769231","0.9230769230769231","0.9230769230769231","0.9230769230769231","0.9230769230769231","0.9230769230769231","0.9230769230769231","0.9230769230769231","0.9230769230769231","0.9230769230769231","0.9230769230769231","0.9230769230769231","0.9230769230769231","0.9230769230769231","0.9230769230769231","0.9230769230769231","0.9230769230769231","0.9230769230769231","0.9230769230769231","0.9230769230769231","0.9230769230769231","0.9230769230769231","0.9230769230769231","0.9230769230769231","0.9230769230769231","0.9230769230769231","0.9230769230769231","0.9230769230769231","0.9230769230769231","0.9230769230769231","0.9230769230769231","0.9230769230769231","0.9230769230769231","0.9230769230769231","0.9230769230769231","0.9230769230769231","0.9230769230769231","0.9230769230769231","0.9230769230769231","0.9230769230769231","0.9230769230769231","0.9230769230769231","0.9230769230769231","0.9230769230769231","0.9230769230769231","0.9230769230769231","0.9230769230769231","0.9230769230769231","0.9230769230769231","0.9230769230769231","0.9230769230769231","0.9230769230769231","0.9230769230769231","0.9230769230769231","0.9230769230769231","0.9230769230769231","0.9230769230769231","0.9230769230769231","0.9230769230769231","0.9230769230769231","0.9230769230769231","0.9230769230769231","0.9230769230769231","0.9230769230769231","0.9230769230769231","0.9230769230769231","0.9230769230769231","0.9230769230769231","0.9230769230769231","0.9230769230769231","0.9230769230769231","0.9230769230769231","0.9230769230769231","0.9230769230769231","0.9230769230769231","0.9230769230769231","0.9230769230769231","0.9230769230769231","0.9230769230769231","0.9230769230769231","0.9230769230769231","0.9230769230769231","0.9230769230769231","0.9230769230769231","0.9230769230769231","0.9230769230769231","0.9230769230769231","0.9230769230769231","0.9230769230769231","0.9230769230769231","0.9230769230769231","0.9230769230769231","0.9230769230769231","0.9230769230769231","0.9230769230769231","0.9230769230769231","0.9230769230769231","0.9230769230769231","0.9230769230769231","0.9230769230769231","0.9230769230769231","0.9230769230769231","0.9230769230769231","0.9230769230769231","0.9230769230769231","0.9230769230769231","0.9230769230769231","0.9230769230769231","0.9230769230769231","0.9230769230769231","0.9230769230769231","0.9230769230769231","0.9230769230769231","0.9230769230769231","0.9230769230769231","0.9230769230769231","0.9230769230769231","0.9230769230769231","0.9230769230769231","0.9230769230769231","0.9230769230769231","0.9230769230769231","0.9230769230769231","0.9230769230769231","0.9230769230769231","0.9230769230769231","0.9230769230769231","0.9230769230769231","0.9230769230769231","0.9230769230769231","0.9230769230769231","0.9230769230769231","0.9230769230769231","0.9230769230769231","0.9230769230769231","0.9230769230769231","0.9230769230769231","0.9230769230769231","0.9230769230769231","0.9230769230769231","0.9230769230769231","0.9230769230769231","0.9230769230769231","0.9230769230769231","0.9230769230769231","0.9230769230769231","0.9230769230769231","0.9230769230769231","0.9230769230769231","0.9230769230769231","0.9230769230769231","0.9230769230769231","0.9230769230769231","0.9230769230769231","0.9230769230769231","0.9230769230769231","0.9230769230769231","0.9230769230769231","0.9230769230769231","0.9230769230769231","0.9230769230769231","0.9230769230769231","0.9230769230769231","0.9230769230769231","0.9230769230769231","0.9230769230769231","0.9230769230769231","0.9230769230769231","0.9230769230769231","0.9230769230769231","0.9230769230769231","0.9230769230769231","0.9230769230769231","0.9230769230769231","0.9230769230769231","0.9230769230769231","0.9230769230769231","0.9230769230769231","0.9230769230769231","0.9230769230769231","0.9230769230769231","0.9230769230769231","0.9230769230769231","0.9230769230769231","0.9230769230769231","0.9230769230769231","0.9230769230769231","0.9230769230769231","0.9230769230769231","0.9230769230769231","0.9230769230769231","0.9230769230769231","0.9230769230769231","0.9230769230769231","0.9230769230769231","0.9230769230769231","0.9230769230769231","0.9230769230769231","0.9230769230769231","0.9230769230769231","0.9230769230769231","0.9230769230769231","0.9230769230769231","0.9230769230769231","0.9230769230769231","0.9230769230769231","0.9230769230769231","0.9230769230769231","0.9230769230769231","0.9230769230769231","0.9230769230769231","0.9230769230769231","0.9230769230769231","0.9230769230769231","0.9230769230769231","0.9230769230769231","0.9230769230769231","0.9230769230769231","0.9230769230769231","0.9230769230769231","0.9230769230769231","0.9230769230769231","0.9230769230769231","0.9230769230769231","0.9230769230769231","0.9230769230769231","0.9230769230769231","0.9230769230769231","0.9230769230769231","0.9230769230769231","0.9230769230769231","0.9230769230769231","0.9230769230769231","0.9230769230769231","0.9230769230769231","0.9230769230769231","0.9230769230769231","0.9230769230769231","0.9230769230769231","0.9230769230769231","0.9230769230769231","0.9230769230769231","0.9230769230769231","0.9230769230769231","0.9230769230769231","0.9230769230769231","0.9230769230769231","0.9230769230769231","0.9230769230769231","0.9230769230769231","0.9230769230769231","0.9230769230769231","0.9230769230769231","0.9230769230769231","0.9230769230769231","0.9230769230769231","0.9230769230769231","0.9230769230769231","0.9230769230769231","0.9230769230769231","0.9230769230769231","0.9230769230769231","0.9230769230769231","0.9230769230769231","0.9230769230769231","0.9230769230769231","0.9230769230769231","0.9230769230769231","0.9230769230769231","0.9230769230769231","0.9230769230769231","0.9230769230769231","0.9230769230769231","0.9230769230769231","0.9230769230769231","0.9230769230769231","0.9230769230769231","0.9230769230769231","0.9230769230769231","0.9230769230769231","0.9230769230769231","0.9230769230769231","0.9230769230769231","0.9230769230769231","0.9230769230769231","0.9230769230769231","0.9230769230769231","0.9230769230769231","0.9230769230769231","0.9230769230769231","0.9230769230769231","0.9230769230769231","0.9230769230769231","0.9230769230769231","0.9230769230769231","0.9230769230769231","0.9230769230769231","0.9230769230769231","0.9230769230769231","0.9230769230769231","0.9230769230769231","0.9230769230769231","0.9230769230769231","0.9230769230769231","0.9230769230769231","0.9230769230769231","0.9230769230769231","0.9230769230769231","0.9230769230769231","0.9230769230769231","0.9230769230769231","0.9230769230769231","0.9230769230769231","0.9230769230769231","0.9230769230769231","0.9230769230769231","0.9230769230769231","0.9230769230769231","0.9230769230769231","0.9230769230769231","0.9230769230769231","0.9230769230769231","0.9230769230769231","0.9230769230769231","0.9230769230769231","0.9230769230769231","0.9230769230769231","0.9230769230769231","0.9230769230769231","0.9230769230769231","0.9230769230769231","0.9230769230769231","0.9230769230769231","0.9230769230769231","0.9230769230769231","0.9230769230769231","0.9230769230769231","0.9230769230769231","0.9230769230769231","0.9230769230769231","0.9230769230769231","0.9230769230769231","0.9230769230769231","0.9230769230769231","0.9230769230769231","0.9230769230769231","0.9230769230769231","0.9230769230769231","0.9230769230769231","0.9230769230769231","0.9230769230769231","0.9230769230769231","0.9230769230769231","0.9230769230769231","0.9230769230769231","0.9230769230769231","0.9230769230769231","0.9230769230769231","0.9230769230769231","0.9230769230769231","0.9230769230769231","0.9230769230769231","0.9230769230769231","0.9230769230769231","0.9230769230769231","0.9230769230769231","0.9230769230769231","0.9230769230769231","0.9230769230769231","0.9230769230769231","0.9230769230769231","0.9230769230769231","0.9230769230769231","0.9230769230769231","0.9230769230769231","0.9230769230769231","0.9230769230769231","0.9230769230769231","0.9230769230769231","0.9230769230769231","0.9230769230769231","0.9230769230769231","0.9230769230769231","0.9230769230769231","0.9230769230769231","0.9230769230769231","0.9230769230769231","0.9230769230769231","0.9230769230769231","0.9230769230769231","0.9230769230769231","0.9230769230769231","0.9230769230769231","0.9230769230769231","0.9230769230769231","0.9230769230769231","0.9230769230769231","0.9230769230769231","0.9230769230769231","0.9230769230769231","0.9230769230769231","0.9230769230769231","0.9230769230769231","0.9230769230769231","0.9230769230769231","0.9230769230769231","0.9230769230769231","0.9230769230769231","0.9230769230769231","0.9230769230769231","0.9230769230769231","0.9230769230769231","0.9230769230769231","0.9230769230769231","0.9230769230769231","0.9230769230769231","0.9230769230769231","0.9230769230769231","0.9230769230769231","0.9230769230769231","0.9230769230769231","0.9230769230769231","0.9230769230769231","0.9230769230769231","0.9230769230769231","0.9230769230769231","0.9230769230769231","0.9230769230769231","0.9230769230769231","0.9230769230769231","0.9230769230769231","0.9230769230769231","0.9230769230769231","0.9230769230769231","0.9230769230769231","0.9230769230769231","0.9230769230769231","0.9230769230769231","0.9230769230769231","0.9230769230769231","0.9230769230769231","0.9230769230769231","0.9230769230769231","0.9230769230769231","0.9230769230769231","0.9230769230769231","0.9230769230769231","0.9230769230769231","0.9230769230769231","0.9230769230769231","0.9230769230769231","0.9230769230769231","0.9230769230769231","0.9230769230769231","0.9230769230769231","0.9230769230769231","0.9230769230769231","0.9230769230769231","0.9230769230769231","0.9230769230769231","0.9230769230769231","0.9230769230769231","0.9230769230769231","0.9230769230769231","0.9230769230769231","0.9230769230769231","0.9230769230769231","0.9230769230769231","0.9230769230769231","0.9230769230769231","0.9230769230769231","0.9230769230769231","0.9230769230769231","0.9230769230769231","0.9230769230769231","0.9230769230769231","0.9230769230769231","0.9230769230769231","0.9230769230769231","0.9230769230769231","0.9230769230769231","0.9230769230769231","0.9230769230769231","0.9230769230769231","0.9230769230769231","0.9230769230769231","0.9230769230769231","0.9230769230769231","0.9230769230769231","0.9230769230769231","0.9230769230769231","0.9230769230769231","0.9230769230769231","0.9230769230769231","0.9230769230769231","0.9230769230769231","0.9230769230769231","0.9230769230769231","0.9230769230769231","0.9230769230769231","0.9230769230769231","0.9230769230769231","0.9230769230769231","0.9230769230769231","0.9230769230769231","0.9230769230769231","0.9230769230769231","0.9230769230769231","0.9230769230769231","0.9230769230769231","0.9230769230769231","0.9230769230769231","0.9230769230769231","0.9230769230769231","0.9230769230769231","0.9230769230769231","0.9230769230769231","0.9230769230769231","0.9230769230769231","0.9230769230769231","0.9230769230769231","0.9230769230769231","0.9230769230769231","0.9230769230769231","0.9230769230769231","0.9230769230769231","0.9230769230769231","0.9230769230769231","0.9230769230769231","0.9230769230769231","0.9230769230769231","0.9230769230769231","0.9230769230769231","0.9230769230769231","0.9230769230769231","0.9230769230769231","0.9230769230769231","0.9230769230769231","0.9230769230769231","0.9230769230769231","0.9230769230769231","0.9230769230769231","0.9230769230769231","0.9230769230769231","0.9230769230769231","0.9230769230769231","0.9230769230769231","0.9230769230769231","0.9230769230769231","0.9230769230769231","0.9230769230769231","276","6821"
"RandooPy-NoTypes","mimesis.providers.transport","1590999115367955073","15","95593064","1.0","12","65","7","41","1.0","1.0","1.0","1.0","1.0","1.0","1.0","1.0","1.0","1.0","1.0","1.0","1.0","1.0","1.0","1.0","1.0","1.0","1.0","1.0","1.0","1.0","1.0","1.0","1.0","1.0","1.0","1.0","1.0","1.0","1.0","1.0","1.0","1.0","1.0","1.0","1.0","1.0","1.0","1.0","1.0","1.0","1.0","1.0","1.0","1.0","1.0","1.0","1.0","1.0","1.0","1.0","1.0","1.0","1.0","1.0","1.0","1.0","1.0","1.0","1.0","1.0","1.0","1.0","1.0","1.0","1.0","1.0","1.0","1.0","1.0","1.0","1.0","1.0","1.0","1.0","1.0","1.0","1.0","1.0","1.0","1.0","1.0","1.0","1.0","1.0","1.0","1.0","1.0","1.0","1.0","1.0","1.0","1.0","1.0","1.0","1.0","1.0","1.0","1.0","1.0","1.0","1.0","1.0","1.0","1.0","1.0","1.0","1.0","1.0","1.0","1.0","1.0","1.0","1.0","1.0","1.0","1.0","1.0","1.0","1.0","1.0","1.0","1.0","1.0","1.0","1.0","1.0","1.0","1.0","1.0","1.0","1.0","1.0","1.0","1.0","1.0","1.0","1.0","1.0","1.0","1.0","1.0","1.0","1.0","1.0","1.0","1.0","1.0","1.0","1.0","1.0","1.0","1.0","1.0","1.0","1.0","1.0","1.0","1.0","1.0","1.0","1.0","1.0","1.0","1.0","1.0","1.0","1.0","1.0","1.0","1.0","1.0","1.0","1.0","1.0","1.0","1.0","1.0","1.0","1.0","1.0","1.0","1.0","1.0","1.0","1.0","1.0","1.0","1.0","1.0","1.0","1.0","1.0","1.0","1.0","1.0","1.0","1.0","1.0","1.0","1.0","1.0","1.0","1.0","1.0","1.0","1.0","1.0","1.0","1.0","1.0","1.0","1.0","1.0","1.0","1.0","1.0","1.0","1.0","1.0","1.0","1.0","1.0","1.0","1.0","1.0","1.0","1.0","1.0","1.0","1.0","1.0","1.0","1.0","1.0","1.0","1.0","1.0","1.0","1.0","1.0","1.0","1.0","1.0","1.0","1.0","1.0","1.0","1.0","1.0","1.0","1.0","1.0","1.0","1.0","1.0","1.0","1.0","1.0","1.0","1.0","1.0","1.0","1.0","1.0","1.0","1.0","1.0","1.0","1.0","1.0","1.0","1.0","1.0","1.0","1.0","1.0","1.0","1.0","1.0","1.0","1.0","1.0","1.0","1.0","1.0","1.0","1.0","1.0","1.0","1.0","1.0","1.0","1.0","1.0","1.0","1.0","1.0","1.0","1.0","1.0","1.0","1.0","1.0","1.0","1.0","1.0","1.0","1.0","1.0","1.0","1.0","1.0","1.0","1.0","1.0","1.0","1.0","1.0","1.0","1.0","1.0","1.0","1.0","1.0","1.0","1.0","1.0","1.0","1.0","1.0","1.0","1.0","1.0","1.0","1.0","1.0","1.0","1.0","1.0","1.0","1.0","1.0","1.0","1.0","1.0","1.0","1.0","1.0","1.0","1.0","1.0","1.0","1.0","1.0","1.0","1.0","1.0","1.0","1.0","1.0","1.0","1.0","1.0","1.0","1.0","1.0","1.0","1.0","1.0","1.0","1.0","1.0","1.0","1.0","1.0","1.0","1.0","1.0","1.0","1.0","1.0","1.0","1.0","1.0","1.0","1.0","1.0","1.0","1.0","1.0","1.0","1.0","1.0","1.0","1.0","1.0","1.0","1.0","1.0","1.0","1.0","1.0","1.0","1.0","1.0","1.0","1.0","1.0","1.0","1.0","1.0","1.0","1.0","1.0","1.0","1.0","1.0","1.0","1.0","1.0","1.0","1.0","1.0","1.0","1.0","1.0","1.0","1.0","1.0","1.0","1.0","1.0","1.0","1.0","1.0","1.0","1.0","1.0","1.0","1.0","1.0","1.0","1.0","1.0","1.0","1.0","1.0","1.0","1.0","1.0","1.0","1.0","1.0","1.0","1.0","1.0","1.0","1.0","1.0","1.0","1.0","1.0","1.0","1.0","1.0","1.0","1.0","1.0","1.0","1.0","1.0","1.0","1.0","1.0","1.0","1.0","1.0","1.0","1.0","1.0","1.0","1.0","1.0","1.0","1.0","1.0","1.0","1.0","1.0","1.0","1.0","1.0","1.0","1.0","1.0","1.0","1.0","1.0","1.0","1.0","1.0","1.0","1.0","1.0","1.0","1.0","1.0","1.0","1.0","1.0","1.0","1.0","1.0","1.0","1.0","1.0","1.0","1.0","1.0","1.0","1.0","1.0","1.0","1.0","1.0","1.0","1.0","1.0","1.0","1.0","1.0","1.0","1.0","1.0","1.0","1.0","1.0","1.0","1.0","1.0","1.0","1.0","1.0","1.0","1.0","1.0","1.0","1.0","1.0","1.0","1.0","1.0","1.0","1.0","1.0","1.0","1.0","1.0","1.0","1.0","1.0","1.0","1.0","1.0","1.0","1.0","1.0","1.0","1.0","1.0","1.0","1.0","1.0","1.0","1.0","1.0","1.0","1.0","1.0","1.0","1.0","1.0","1.0","1.0","1.0","1.0","1.0","1.0","1.0","1.0","1.0","1.0","1.0","1.0","1.0","1.0","1.0","1.0","5","24"
"WSPy-TypeHintsInference","mimesis.builtins.uk","1590998576295079580","0","2892057277","1.0","9","183","8","177","1.0","1.0","1.0","1.0","1.0","1.0","1.0","1.0","1.0","1.0","1.0","1.0","1.0","1.0","1.0","1.0","1.0","1.0","1.0","1.0","1.0","1.0","1.0","1.0","1.0","1.0","1.0","1.0","1.0","1.0","1.0","1.0","1.0","1.0","1.0","1.0","1.0","1.0","1.0","1.0","1.0","1.0","1.0","1.0","1.0","1.0","1.0","1.0","1.0","1.0","1.0","1.0","1.0","1.0","1.0","1.0","1.0","1.0","1.0","1.0","1.0","1.0","1.0","1.0","1.0","1.0","1.0","1.0","1.0","1.0","1.0","1.0","1.0","1.0","1.0","1.0","1.0","1.0","1.0","1.0","1.0","1.0","1.0","1.0","1.0","1.0","1.0","1.0","1.0","1.0","1.0","1.0","1.0","1.0","1.0","1.0","1.0","1.0","1.0","1.0","1.0","1.0","1.0","1.0","1.0","1.0","1.0","1.0","1.0","1.0","1.0","1.0","1.0","1.0","1.0","1.0","1.0","1.0","1.0","1.0","1.0","1.0","1.0","1.0","1.0","1.0","1.0","1.0","1.0","1.0","1.0","1.0","1.0","1.0","1.0","1.0","1.0","1.0","1.0","1.0","1.0","1.0","1.0","1.0","1.0","1.0","1.0","1.0","1.0","1.0","1.0","1.0","1.0","1.0","1.0","1.0","1.0","1.0","1.0","1.0","1.0","1.0","1.0","1.0","1.0","1.0","1.0","1.0","1.0","1.0","1.0","1.0","1.0","1.0","1.0","1.0","1.0","1.0","1.0","1.0","1.0","1.0","1.0","1.0","1.0","1.0","1.0","1.0","1.0","1.0","1.0","1.0","1.0","1.0","1.0","1.0","1.0","1.0","1.0","1.0","1.0","1.0","1.0","1.0","1.0","1.0","1.0","1.0","1.0","1.0","1.0","1.0","1.0","1.0","1.0","1.0","1.0","1.0","1.0","1.0","1.0","1.0","1.0","1.0","1.0","1.0","1.0","1.0","1.0","1.0","1.0","1.0","1.0","1.0","1.0","1.0","1.0","1.0","1.0","1.0","1.0","1.0","1.0","1.0","1.0","1.0","1.0","1.0","1.0","1.0","1.0","1.0","1.0","1.0","1.0","1.0","1.0","1.0","1.0","1.0","1.0","1.0","1.0","1.0","1.0","1.0","1.0","1.0","1.0","1.0","1.0","1.0","1.0","1.0","1.0","1.0","1.0","1.0","1.0","1.0","1.0","1.0","1.0","1.0","1.0","1.0","1.0","1.0","1.0","1.0","1.0","1.0","1.0","1.0","1.0","1.0","1.0","1.0","1.0","1.0","1.0","1.0","1.0","1.0","1.0","1.0","1.0","1.0","1.0","1.0","1.0","1.0","1.0","1.0","1.0","1.0","1.0","1.0","1.0","1.0","1.0","1.0","1.0","1.0","1.0","1.0","1.0","1.0","1.0","1.0","1.0","1.0","1.0","1.0","1.0","1.0","1.0","1.0","1.0","1.0","1.0","1.0","1.0","1.0","1.0","1.0","1.0","1.0","1.0","1.0","1.0","1.0","1.0","1.0","1.0","1.0","1.0","1.0","1.0","1.0","1.0","1.0","1.0","1.0","1.0","1.0","1.0","1.0","1.0","1.0","1.0","1.0","1.0","1.0","1.0","1.0","1.0","1.0","1.0","1.0","1.0","1.0","1.0","1.0","1.0","1.0","1.0","1.0","1.0","1.0","1.0","1.0","1.0","1.0","1.0","1.0","1.0","1.0","1.0","1.0","1.0","1.0","1.0","1.0","1.0","1.0","1.0","1.0","1.0","1.0","1.0","1.0","1.0","1.0","1.0","1.0","1.0","1.0","1.0","1.0","1.0","1.0","1.0","1.0","1.0","1.0","1.0","1.0","1.0","1.0","1.0","1.0","1.0","1.0","1.0","1.0","1.0","1.0","1.0","1.0","1.0","1.0","1.0","1.0","1.0","1.0","1.0","1.0","1.0","1.0","1.0","1.0","1.0","1.0","1.0","1.0","1.0","1.0","1.0","1.0","1.0","1.0","1.0","1.0","1.0","1.0","1.0","1.0","1.0","1.0","1.0","1.0","1.0","1.0","1.0","1.0","1.0","1.0","1.0","1.0","1.0","1.0","1.0","1.0","1.0","1.0","1.0","1.0","1.0","1.0","1.0","1.0","1.0","1.0","1.0","1.0","1.0","1.0","1.0","1.0","1.0","1.0","1.0","1.0","1.0","1.0","1.0","1.0","1.0","1.0","1.0","1.0","1.0","1.0","1.0","1.0","1.0","1.0","1.0","1.0","1.0","1.0","1.0","1.0","1.0","1.0","1.0","1.0","1.0","1.0","1.0","1.0","1.0","1.0","1.0","1.0","1.0","1.0","1.0","1.0","1.0","1.0","1.0","1.0","1.0","1.0","1.0","1.0","1.0","1.0","1.0","1.0","1.0","1.0","1.0","1.0","1.0","1.0","1.0","1.0","1.0","1.0","1.0","1.0","1.0","1.0","1.0","1.0","1.0","1.0","1.0","1.0","1.0","1.0","1.0","1.0","1.0","1.0","1.0","1.0","1.0","1.0","1.0","1.0","1.0","1.0","1.0","1.0","1.0","1.0","1.0","1.0","1.0","1.0","1.0","1.0","1.0","1.0","1.0","1.0","1","6"
"WSPy-NoTypes","mimesis.builtins.ru","1590999305852376853","596","677645083090","0.803921568627451","11","193","5","100","0.7647058823529411","0.7647058823529411","0.7647058823529411","0.7647058823529411","0.7647058823529411","0.7647058823529411","0.7647058823529411","0.7647058823529411","0.7647058823529411","0.7647058823529411","0.7647058823529411","0.7647058823529411","0.7647058823529411","0.7647058823529411","0.7647058823529411","0.7647058823529411","0.7647058823529411","0.7647058823529411","0.7647058823529411","0.7647058823529411","0.7647058823529411","0.7647058823529411","0.7647058823529411","0.7647058823529411","0.7647058823529411","0.7647058823529411","0.7647058823529411","0.7647058823529411","0.7647058823529411","0.7647058823529411","0.7647058823529411","0.7647058823529411","0.7647058823529411","0.7647058823529411","0.7647058823529411","0.7647058823529411","0.7647058823529411","0.7647058823529411","0.7647058823529411","0.7647058823529411","0.7647058823529411","0.7647058823529411","0.7647058823529411","0.7647058823529411","0.7647058823529411","0.7647058823529411","0.7647058823529411","0.7647058823529411","0.7647058823529411","0.7647058823529411","0.7790056764402207","0.7843137254901961","0.7843137254901961","0.7843137254901961","0.7843137254901961","0.7843137254901961","0.7843137254901961","0.7843137254901961","0.7843137254901961","0.7843137254901961","0.7843137254901961","0.7843137254901961","0.7843137254901961","0.7843137254901961","0.7843137254901961","0.7843137254901961","0.7843137254901961","0.7843137254901961","0.7843137254901961","0.7843137254901961","0.7843137254901961","0.7843137254901961","0.7843137254901961","0.7843137254901961","0.7843137254901961","0.7843137254901961","0.7843137254901961","0.7843137254901961","0.7843137254901961","0.7843137254901961","0.7956919117319113","0.803921568627451","0.803921568627451","0.803921568627451","0.803921568627451","0.803921568627451","0.803921568627451","0.803921568627451","0.803921568627451","0.803921568627451","0.803921568627451","0.803921568627451","0.803921568627451","0.803921568627451","0.803921568627451","0.803921568627451","0.803921568627451","0.803921568627451","0.803921568627451","0.803921568627451","0.803921568627451","0.803921568627451","0.803921568627451","0.803921568627451","0.803921568627451","0.803921568627451","0.803921568627451","0.803921568627451","0.803921568627451","0.803921568627451","0.803921568627451","0.803921568627451","0.803921568627451","0.803921568627451","0.803921568627451","0.803921568627451","0.803921568627451","0.803921568627451","0.803921568627451","0.803921568627451","0.803921568627451","0.803921568627451","0.803921568627451","0.803921568627451","0.803921568627451","0.803921568627451","0.803921568627451","0.803921568627451","0.803921568627451","0.803921568627451","0.803921568627451","0.803921568627451","0.803921568627451","0.803921568627451","0.803921568627451","0.803921568627451","0.803921568627451","0.803921568627451","0.803921568627451","0.803921568627451","0.803921568627451","0.803921568627451","0.803921568627451","0.803921568627451","0.803921568627451","0.803921568627451","0.803921568627451","0.803921568627451","0.803921568627451","0.803921568627451","0.803921568627451","0.803921568627451","0.803921568627451","0.803921568627451","0.803921568627451","0.803921568627451","0.803921568627451","0.803921568627451","0.803921568627451","0.803921568627451","0.803921568627451","0.803921568627451","0.803921568627451","0.803921568627451","0.803921568627451","0.803921568627451","0.803921568627451","0.803921568627451","0.803921568627451","0.803921568627451","0.803921568627451","0.803921568627451","0.803921568627451","0.803921568627451","0.803921568627451","0.803921568627451","0.803921568627451","0.803921568627451","0.803921568627451","0.803921568627451","0.803921568627451","0.803921568627451","0.803921568627451","0.803921568627451","0.803921568627451","0.803921568627451","0.803921568627451","0.803921568627451","0.803921568627451","0.803921568627451","0.803921568627451","0.803921568627451","0.803921568627451","0.803921568627451","0.803921568627451","0.803921568627451","0.803921568627451","0.803921568627451","0.803921568627451","0.803921568627451","0.803921568627451","0.803921568627451","0.803921568627451","0.803921568627451","0.803921568627451","0.803921568627451","0.803921568627451","0.803921568627451","0.803921568627451","0.803921568627451","0.803921568627451","0.803921568627451","0.803921568627451","0.803921568627451","0.803921568627451","0.803921568627451","0.803921568627451","0.803921568627451","0.803921568627451","0.803921568627451","0.803921568627451","0.803921568627451","0.803921568627451","0.803921568627451","0.803921568627451","0.803921568627451","0.803921568627451","0.803921568627451","0.803921568627451","0.803921568627451","0.803921568627451","0.803921568627451","0.803921568627451","0.803921568627451","0.803921568627451","0.803921568627451","0.803921568627451","0.803921568627451","0.803921568627451","0.803921568627451","0.803921568627451","0.803921568627451","0.803921568627451","0.803921568627451","0.803921568627451","0.803921568627451","0.803921568627451","0.803921568627451","0.803921568627451","0.803921568627451","0.803921568627451","0.803921568627451","0.803921568627451","0.803921568627451","0.803921568627451","0.803921568627451","0.803921568627451","0.803921568627451","0.803921568627451","0.803921568627451","0.803921568627451","0.803921568627451","0.803921568627451","0.803921568627451","0.803921568627451","0.803921568627451","0.803921568627451","0.803921568627451","0.803921568627451","0.803921568627451","0.803921568627451","0.803921568627451","0.803921568627451","0.803921568627451","0.803921568627451","0.803921568627451","0.803921568627451","0.803921568627451","0.803921568627451","0.803921568627451","0.803921568627451","0.803921568627451","0.803921568627451","0.803921568627451","0.803921568627451","0.803921568627451","0.803921568627451","0.803921568627451","0.803921568627451","0.803921568627451","0.803921568627451","0.803921568627451","0.803921568627451","0.803921568627451","0.803921568627451","0.803921568627451","0.803921568627451","0.803921568627451","0.803921568627451","0.803921568627451","0.803921568627451","0.803921568627451","0.803921568627451","0.803921568627451","0.803921568627451","0.803921568627451","0.803921568627451","0.803921568627451","0.803921568627451","0.803921568627451","0.803921568627451","0.803921568627451","0.803921568627451","0.803921568627451","0.803921568627451","0.803921568627451","0.803921568627451","0.803921568627451","0.803921568627451","0.803921568627451","0.803921568627451","0.803921568627451","0.803921568627451","0.803921568627451","0.803921568627451","0.803921568627451","0.803921568627451","0.803921568627451","0.803921568627451","0.803921568627451","0.803921568627451","0.803921568627451","0.803921568627451","0.803921568627451","0.803921568627451","0.803921568627451","0.803921568627451","0.803921568627451","0.803921568627451","0.803921568627451","0.803921568627451","0.803921568627451","0.803921568627451","0.803921568627451","0.803921568627451","0.803921568627451","0.803921568627451","0.803921568627451","0.803921568627451","0.803921568627451","0.803921568627451","0.803921568627451","0.803921568627451","0.803921568627451","0.803921568627451","0.803921568627451","0.803921568627451","0.803921568627451","0.803921568627451","0.803921568627451","0.803921568627451","0.803921568627451","0.803921568627451","0.803921568627451","0.803921568627451","0.803921568627451","0.803921568627451","0.803921568627451","0.803921568627451","0.803921568627451","0.803921568627451","0.803921568627451","0.803921568627451","0.803921568627451","0.803921568627451","0.803921568627451","0.803921568627451","0.803921568627451","0.803921568627451","0.803921568627451","0.803921568627451","0.803921568627451","0.803921568627451","0.803921568627451","0.803921568627451","0.803921568627451","0.803921568627451","0.803921568627451","0.803921568627451","0.803921568627451","0.803921568627451","0.803921568627451","0.803921568627451","0.803921568627451","0.803921568627451","0.803921568627451","0.803921568627451","0.803921568627451","0.803921568627451","0.803921568627451","0.803921568627451","0.803921568627451","0.803921568627451","0.803921568627451","0.803921568627451","0.803921568627451","0.803921568627451","0.803921568627451","0.803921568627451","0.803921568627451","0.803921568627451","0.803921568627451","0.803921568627451","0.803921568627451","0.803921568627451","0.803921568627451","0.803921568627451","0.803921568627451","0.803921568627451","0.803921568627451","0.803921568627451","0.803921568627451","0.803921568627451","0.803921568627451","0.803921568627451","0.803921568627451","0.803921568627451","0.803921568627451","0.803921568627451","0.803921568627451","0.803921568627451","0.803921568627451","0.803921568627451","0.803921568627451","0.803921568627451","0.803921568627451","0.803921568627451","0.803921568627451","0.803921568627451","0.803921568627451","0.803921568627451","0.803921568627451","0.803921568627451","0.803921568627451","0.803921568627451","0.803921568627451","0.803921568627451","0.803921568627451","0.803921568627451","0.803921568627451","0.803921568627451","0.803921568627451","0.803921568627451","0.803921568627451","0.803921568627451","0.803921568627451","0.803921568627451","0.803921568627451","0.803921568627451","0.803921568627451","0.803921568627451","0.803921568627451","0.803921568627451","0.803921568627451","0.803921568627451","0.803921568627451","0.803921568627451","0.803921568627451","0.803921568627451","0.803921568627451","0.803921568627451","0.803921568627451","0.803921568627451","0.803921568627451","0.803921568627451","0.803921568627451","0.803921568627451","0.803921568627451","0.803921568627451","0.803921568627451","0.803921568627451","0.803921568627451","0.803921568627451","0.803921568627451","0.803921568627451","0.803921568627451","0.803921568627451","0.803921568627451","0.803921568627451","0.803921568627451","0.803921568627451","0.803921568627451","0.803921568627451","0.803921568627451","0.803921568627451","0.803921568627451","0.803921568627451","0.803921568627451","0.803921568627451","0.803921568627451","0.803921568627451","0.803921568627451","0.803921568627451","0.803921568627451","0.803921568627451","0.803921568627451","0.803921568627451","0.803921568627451","0.803921568627451","0.803921568627451","0.803921568627451","0.803921568627451","0.803921568627451","0.803921568627451","0.803921568627451","0.803921568627451","0.803921568627451","0.803921568627451","0.803921568627451","0.803921568627451","0.803921568627451","0.803921568627451","0.803921568627451","0.803921568627451","0.803921568627451","0.803921568627451","0.803921568627451","0.803921568627451","0.803921568627451","0.803921568627451","0.803921568627451","0.803921568627451","0.803921568627451","0.803921568627451","0.803921568627451","0.803921568627451","0.803921568627451","0.803921568627451","0.803921568627451","0.803921568627451","0.803921568627451","0.803921568627451","0.803921568627451","0.803921568627451","0.803921568627451","0.803921568627451","0.803921568627451","0.803921568627451","0.803921568627451","0.803921568627451","0.803921568627451","0.803921568627451","0.803921568627451","0.803921568627451","0.803921568627451","0.803921568627451","0.803921568627451","0.803921568627451","0.803921568627451","0.803921568627451","0.803921568627451","0.803921568627451","0.803921568627451","0.803921568627451","0.803921568627451","0.803921568627451","0.803921568627451","0.803921568627451","0.803921568627451","0.803921568627451","0.803921568627451","0.803921568627451","0.803921568627451","0.803921568627451","0.803921568627451","0.803921568627451","0.803921568627451","0.803921568627451","0.803921568627451","0.803921568627451","0.803921568627451","0.803921568627451","0.803921568627451","0.803921568627451","0.803921568627451","0.803921568627451","0.803921568627451","0.803921568627451","0.803921568627451","0.803921568627451","0.803921568627451","0.803921568627451","0.803921568627451","0.803921568627451","0.803921568627451","0.803921568627451","0.803921568627451","0.803921568627451","0.803921568627451","0.803921568627451","6","93"
"RandooPy-NoTypes","mimesis.providers.file","1590999101054193786","40","4449860636","1.0","37","290","27","199","0.8888888888888888","0.8888888888888888","0.8888888888888888","0.9499829703046782","1.0","1.0","1.0","1.0","1.0","1.0","1.0","1.0","1.0","1.0","1.0","1.0","1.0","1.0","1.0","1.0","1.0","1.0","1.0","1.0","1.0","1.0","1.0","1.0","1.0","1.0","1.0","1.0","1.0","1.0","1.0","1.0","1.0","1.0","1.0","1.0","1.0","1.0","1.0","1.0","1.0","1.0","1.0","1.0","1.0","1.0","1.0","1.0","1.0","1.0","1.0","1.0","1.0","1.0","1.0","1.0","1.0","1.0","1.0","1.0","1.0","1.0","1.0","1.0","1.0","1.0","1.0","1.0","1.0","1.0","1.0","1.0","1.0","1.0","1.0","1.0","1.0","1.0","1.0","1.0","1.0","1.0","1.0","1.0","1.0","1.0","1.0","1.0","1.0","1.0","1.0","1.0","1.0","1.0","1.0","1.0","1.0","1.0","1.0","1.0","1.0","1.0","1.0","1.0","1.0","1.0","1.0","1.0","1.0","1.0","1.0","1.0","1.0","1.0","1.0","1.0","1.0","1.0","1.0","1.0","1.0","1.0","1.0","1.0","1.0","1.0","1.0","1.0","1.0","1.0","1.0","1.0","1.0","1.0","1.0","1.0","1.0","1.0","1.0","1.0","1.0","1.0","1.0","1.0","1.0","1.0","1.0","1.0","1.0","1.0","1.0","1.0","1.0","1.0","1.0","1.0","1.0","1.0","1.0","1.0","1.0","1.0","1.0","1.0","1.0","1.0","1.0","1.0","1.0","1.0","1.0","1.0","1.0","1.0","1.0","1.0","1.0","1.0","1.0","1.0","1.0","1.0","1.0","1.0","1.0","1.0","1.0","1.0","1.0","1.0","1.0","1.0","1.0","1.0","1.0","1.0","1.0","1.0","1.0","1.0","1.0","1.0","1.0","1.0","1.0","1.0","1.0","1.0","1.0","1.0","1.0","1.0","1.0","1.0","1.0","1.0","1.0","1.0","1.0","1.0","1.0","1.0","1.0","1.0","1.0","1.0","1.0","1.0","1.0","1.0","1.0","1.0","1.0","1.0","1.0","1.0","1.0","1.0","1.0","1.0","1.0","1.0","1.0","1.0","1.0","1.0","1.0","1.0","1.0","1.0","1.0","1.0","1.0","1.0","1.0","1.0","1.0","1.0","1.0","1.0","1.0","1.0","1.0","1.0","1.0","1.0","1.0","1.0","1.0","1.0","1.0","1.0","1.0","1.0","1.0","1.0","1.0","1.0","1.0","1.0","1.0","1.0","1.0","1.0","1.0","1.0","1.0","1.0","1.0","1.0","1.0","1.0","1.0","1.0","1.0","1.0","1.0","1.0","1.0","1.0","1.0","1.0","1.0","1.0","1.0","1.0","1.0","1.0","1.0","1.0","1.0","1.0","1.0","1.0","1.0","1.0","1.0","1.0","1.0","1.0","1.0","1.0","1.0","1.0","1.0","1.0","1.0","1.0","1.0","1.0","1.0","1.0","1.0","1.0","1.0","1.0","1.0","1.0","1.0","1.0","1.0","1.0","1.0","1.0","1.0","1.0","1.0","1.0","1.0","1.0","1.0","1.0","1.0","1.0","1.0","1.0","1.0","1.0","1.0","1.0","1.0","1.0","1.0","1.0","1.0","1.0","1.0","1.0","1.0","1.0","1.0","1.0","1.0","1.0","1.0","1.0","1.0","1.0","1.0","1.0","1.0","1.0","1.0","1.0","1.0","1.0","1.0","1.0","1.0","1.0","1.0","1.0","1.0","1.0","1.0","1.0","1.0","1.0","1.0","1.0","1.0","1.0","1.0","1.0","1.0","1.0","1.0","1.0","1.0","1.0","1.0","1.0","1.0","1.0","1.0","1.0","1.0","1.0","1.0","1.0","1.0","1.0","1.0","1.0","1.0","1.0","1.0","1.0","1.0","1.0","1.0","1.0","1.0","1.0","1.0","1.0","1.0","1.0","1.0","1.0","1.0","1.0","1.0","1.0","1.0","1.0","1.0","1.0","1.0","1.0","1.0","1.0","1.0","1.0","1.0","1.0","1.0","1.0","1.0","1.0","1.0","1.0","1.0","1.0","1.0","1.0","1.0","1.0","1.0","1.0","1.0","1.0","1.0","1.0","1.0","1.0","1.0","1.0","1.0","1.0","1.0","1.0","1.0","1.0","1.0","1.0","1.0","1.0","1.0","1.0","1.0","1.0","1.0","1.0","1.0","1.0","1.0","1.0","1.0","1.0","1.0","1.0","1.0","1.0","1.0","1.0","1.0","1.0","1.0","1.0","1.0","1.0","1.0","1.0","1.0","1.0","1.0","1.0","1.0","1.0","1.0","1.0","1.0","1.0","1.0","1.0","1.0","1.0","1.0","1.0","1.0","1.0","1.0","1.0","1.0","1.0","1.0","1.0","1.0","1.0","1.0","1.0","1.0","1.0","1.0","1.0","1.0","1.0","1.0","1.0","1.0","1.0","1.0","1.0","1.0","1.0","1.0","1.0","1.0","1.0","1.0","1.0","1.0","1.0","1.0","1.0","1.0","1.0","1.0","1.0","1.0","1.0","1.0","1.0","1.0","1.0","1.0","1.0","1.0","1.0","1.0","1.0","1.0","1.0","1.0","1.0","1.0","1.0","1.0","1.0","1.0","1.0","1.0","1.0","1.0","1.0","10","91"
"RandooPy-TypeHintsInference","mimesis.providers.transport","1590998434178904934","9","290158734","1.0","9","57","2","19","1.0","1.0","1.0","1.0","1.0","1.0","1.0","1.0","1.0","1.0","1.0","1.0","1.0","1.0","1.0","1.0","1.0","1.0","1.0","1.0","1.0","1.0","1.0","1.0","1.0","1.0","1.0","1.0","1.0","1.0","1.0","1.0","1.0","1.0","1.0","1.0","1.0","1.0","1.0","1.0","1.0","1.0","1.0","1.0","1.0","1.0","1.0","1.0","1.0","1.0","1.0","1.0","1.0","1.0","1.0","1.0","1.0","1.0","1.0","1.0","1.0","1.0","1.0","1.0","1.0","1.0","1.0","1.0","1.0","1.0","1.0","1.0","1.0","1.0","1.0","1.0","1.0","1.0","1.0","1.0","1.0","1.0","1.0","1.0","1.0","1.0","1.0","1.0","1.0","1.0","1.0","1.0","1.0","1.0","1.0","1.0","1.0","1.0","1.0","1.0","1.0","1.0","1.0","1.0","1.0","1.0","1.0","1.0","1.0","1.0","1.0","1.0","1.0","1.0","1.0","1.0","1.0","1.0","1.0","1.0","1.0","1.0","1.0","1.0","1.0","1.0","1.0","1.0","1.0","1.0","1.0","1.0","1.0","1.0","1.0","1.0","1.0","1.0","1.0","1.0","1.0","1.0","1.0","1.0","1.0","1.0","1.0","1.0","1.0","1.0","1.0","1.0","1.0","1.0","1.0","1.0","1.0","1.0","1.0","1.0","1.0","1.0","1.0","1.0","1.0","1.0","1.0","1.0","1.0","1.0","1.0","1.0","1.0","1.0","1.0","1.0","1.0","1.0","1.0","1.0","1.0","1.0","1.0","1.0","1.0","1.0","1.0","1.0","1.0","1.0","1.0","1.0","1.0","1.0","1.0","1.0","1.0","1.0","1.0","1.0","1.0","1.0","1.0","1.0","1.0","1.0","1.0","1.0","1.0","1.0","1.0","1.0","1.0","1.0","1.0","1.0","1.0","1.0","1.0","1.0","1.0","1.0","1.0","1.0","1.0","1.0","1.0","1.0","1.0","1.0","1.0","1.0","1.0","1.0","1.0","1.0","1.0","1.0","1.0","1.0","1.0","1.0","1.0","1.0","1.0","1.0","1.0","1.0","1.0","1.0","1.0","1.0","1.0","1.0","1.0","1.0","1.0","1.0","1.0","1.0","1.0","1.0","1.0","1.0","1.0","1.0","1.0","1.0","1.0","1.0","1.0","1.0","1.0","1.0","1.0","1.0","1.0","1.0","1.0","1.0","1.0","1.0","1.0","1.0","1.0","1.0","1.0","1.0","1.0","1.0","1.0","1.0","1.0","1.0","1.0","1.0","1.0","1.0","1.0","1.0","1.0","1.0","1.0","1.0","1.0","1.0","1.0","1.0","1.0","1.0","1.0","1.0","1.0","1.0","1.0","1.0","1.0","1.0","1.0","1.0","1.0","1.0","1.0","1.0","1.0","1.0","1.0","1.0","1.0","1.0","1.0","1.0","1.0","1.0","1.0","1.0","1.0","1.0","1.0","1.0","1.0","1.0","1.0","1.0","1.0","1.0","1.0","1.0","1.0","1.0","1.0","1.0","1.0","1.0","1.0","1.0","1.0","1.0","1.0","1.0","1.0","1.0","1.0","1.0","1.0","1.0","1.0","1.0","1.0","1.0","1.0","1.0","1.0","1.0","1.0","1.0","1.0","1.0","1.0","1.0","1.0","1.0","1.0","1.0","1.0","1.0","1.0","1.0","1.0","1.0","1.0","1.0","1.0","1.0","1.0","1.0","1.0","1.0","1.0","1.0","1.0","1.0","1.0","1.0","1.0","1.0","1.0","1.0","1.0","1.0","1.0","1.0","1.0","1.0","1.0","1.0","1.0","1.0","1.0","1.0","1.0","1.0","1.0","1.0","1.0","1.0","1.0","1.0","1.0","1.0","1.0","1.0","1.0","1.0","1.0","1.0","1.0","1.0","1.0","1.0","1.0","1.0","1.0","1.0","1.0","1.0","1.0","1.0","1.0","1.0","1.0","1.0","1.0","1.0","1.0","1.0","1.0","1.0","1.0","1.0","1.0","1.0","1.0","1.0","1.0","1.0","1.0","1.0","1.0","1.0","1.0","1.0","1.0","1.0","1.0","1.0","1.0","1.0","1.0","1.0","1.0","1.0","1.0","1.0","1.0","1.0","1.0","1.0","1.0","1.0","1.0","1.0","1.0","1.0","1.0","1.0","1.0","1.0","1.0","1.0","1.0","1.0","1.0","1.0","1.0","1.0","1.0","1.0","1.0","1.0","1.0","1.0","1.0","1.0","1.0","1.0","1.0","1.0","1.0","1.0","1.0","1.0","1.0","1.0","1.0","1.0","1.0","1.0","1.0","1.0","1.0","1.0","1.0","1.0","1.0","1.0","1.0","1.0","1.0","1.0","1.0","1.0","1.0","1.0","1.0","1.0","1.0","1.0","1.0","1.0","1.0","1.0","1.0","1.0","1.0","1.0","1.0","1.0","1.0","1.0","1.0","1.0","1.0","1.0","1.0","1.0","1.0","1.0","1.0","1.0","1.0","1.0","1.0","1.0","1.0","1.0","1.0","1.0","1.0","1.0","1.0","1.0","1.0","1.0","1.0","1.0","1.0","1.0","1.0","1.0","1.0","1.0","1.0","1.0","1.0","1.0","1.0","1.0","1.0","1.0","7","38"
"WSPy-TypeHintsInference","mimesis.providers.food","1590998515404867265","0","3482159121","1.0","5","70","2","44","1.0","1.0","1.0","1.0","1.0","1.0","1.0","1.0","1.0","1.0","1.0","1.0","1.0","1.0","1.0","1.0","1.0","1.0","1.0","1.0","1.0","1.0","1.0","1.0","1.0","1.0","1.0","1.0","1.0","1.0","1.0","1.0","1.0","1.0","1.0","1.0","1.0","1.0","1.0","1.0","1.0","1.0","1.0","1.0","1.0","1.0","1.0","1.0","1.0","1.0","1.0","1.0","1.0","1.0","1.0","1.0","1.0","1.0","1.0","1.0","1.0","1.0","1.0","1.0","1.0","1.0","1.0","1.0","1.0","1.0","1.0","1.0","1.0","1.0","1.0","1.0","1.0","1.0","1.0","1.0","1.0","1.0","1.0","1.0","1.0","1.0","1.0","1.0","1.0","1.0","1.0","1.0","1.0","1.0","1.0","1.0","1.0","1.0","1.0","1.0","1.0","1.0","1.0","1.0","1.0","1.0","1.0","1.0","1.0","1.0","1.0","1.0","1.0","1.0","1.0","1.0","1.0","1.0","1.0","1.0","1.0","1.0","1.0","1.0","1.0","1.0","1.0","1.0","1.0","1.0","1.0","1.0","1.0","1.0","1.0","1.0","1.0","1.0","1.0","1.0","1.0","1.0","1.0","1.0","1.0","1.0","1.0","1.0","1.0","1.0","1.0","1.0","1.0","1.0","1.0","1.0","1.0","1.0","1.0","1.0","1.0","1.0","1.0","1.0","1.0","1.0","1.0","1.0","1.0","1.0","1.0","1.0","1.0","1.0","1.0","1.0","1.0","1.0","1.0","1.0","1.0","1.0","1.0","1.0","1.0","1.0","1.0","1.0","1.0","1.0","1.0","1.0","1.0","1.0","1.0","1.0","1.0","1.0","1.0","1.0","1.0","1.0","1.0","1.0","1.0","1.0","1.0","1.0","1.0","1.0","1.0","1.0","1.0","1.0","1.0","1.0","1.0","1.0","1.0","1.0","1.0","1.0","1.0","1.0","1.0","1.0","1.0","1.0","1.0","1.0","1.0","1.0","1.0","1.0","1.0","1.0","1.0","1.0","1.0","1.0","1.0","1.0","1.0","1.0","1.0","1.0","1.0","1.0","1.0","1.0","1.0","1.0","1.0","1.0","1.0","1.0","1.0","1.0","1.0","1.0","1.0","1.0","1.0","1.0","1.0","1.0","1.0","1.0","1.0","1.0","1.0","1.0","1.0","1.0","1.0","1.0","1.0","1.0","1.0","1.0","1.0","1.0","1.0","1.0","1.0","1.0","1.0","1.0","1.0","1.0","1.0","1.0","1.0","1.0","1.0","1.0","1.0","1.0","1.0","1.0","1.0","1.0","1.0","1.0","1.0","1.0","1.0","1.0","1.0","1.0","1.0","1.0","1.0","1.0","1.0","1.0","1.0","1.0","1.0","1.0","1.0","1.0","1.0","1.0","1.0","1.0","1.0","1.0","1.0","1.0","1.0","1.0","1.0","1.0","1.0","1.0","1.0","1.0","1.0","1.0","1.0","1.0","1.0","1.0","1.0","1.0","1.0","1.0","1.0","1.0","1.0","1.0","1.0","1.0","1.0","1.0","1.0","1.0","1.0","1.0","1.0","1.0","1.0","1.0","1.0","1.0","1.0","1.0","1.0","1.0","1.0","1.0","1.0","1.0","1.0","1.0","1.0","1.0","1.0","1.0","1.0","1.0","1.0","1.0","1.0","1.0","1.0","1.0","1.0","1.0","1.0","1.0","1.0","1.0","1.0","1.0","1.0","1.0","1.0","1.0","1.0","1.0","1.0","1.0","1.0","1.0","1.0","1.0","1.0","1.0","1.0","1.0","1.0","1.0","1.0","1.0","1.0","1.0","1.0","1.0","1.0","1.0","1.0","1.0","1.0","1.0","1.0","1.0","1.0","1.0","1.0","1.0","1.0","1.0","1.0","1.0","1.0","1.0","1.0","1.0","1.0","1.0","1.0","1.0","1.0","1.0","1.0","1.0","1.0","1.0","1.0","1.0","1.0","1.0","1.0","1.0","1.0","1.0","1.0","1.0","1.0","1.0","1.0","1.0","1.0","1.0","1.0","1.0","1.0","1.0","1.0","1.0","1.0","1.0","1.0","1.0","1.0","1.0","1.0","1.0","1.0","1.0","1.0","1.0","1.0","1.0","1.0","1.0","1.0","1.0","1.0","1.0","1.0","1.0","1.0","1.0","1.0","1.0","1.0","1.0","1.0","1.0","1.0","1.0","1.0","1.0","1.0","1.0","1.0","1.0","1.0","1.0","1.0","1.0","1.0","1.0","1.0","1.0","1.0","1.0","1.0","1.0","1.0","1.0","1.0","1.0","1.0","1.0","1.0","1.0","1.0","1.0","1.0","1.0","1.0","1.0","1.0","1.0","1.0","1.0","1.0","1.0","1.0","1.0","1.0","1.0","1.0","1.0","1.0","1.0","1.0","1.0","1.0","1.0","1.0","1.0","1.0","1.0","1.0","1.0","1.0","1.0","1.0","1.0","1.0","1.0","1.0","1.0","1.0","1.0","1.0","1.0","1.0","1.0","1.0","1.0","1.0","1.0","1.0","1.0","1.0","1.0","1.0","1.0","1.0","1.0","1.0","1.0","1.0","1.0","1.0","1.0","1.0","1.0","1.0","1.0","1.0","1.0","1.0","1.0","3","26"
"WSPy-TypeHintsInference","mimesis.providers.file","1590998480837355593","0","3091769204","1.0","5","76","3","70","1.0","1.0","1.0","1.0","1.0","1.0","1.0","1.0","1.0","1.0","1.0","1.0","1.0","1.0","1.0","1.0","1.0","1.0","1.0","1.0","1.0","1.0","1.0","1.0","1.0","1.0","1.0","1.0","1.0","1.0","1.0","1.0","1.0","1.0","1.0","1.0","1.0","1.0","1.0","1.0","1.0","1.0","1.0","1.0","1.0","1.0","1.0","1.0","1.0","1.0","1.0","1.0","1.0","1.0","1.0","1.0","1.0","1.0","1.0","1.0","1.0","1.0","1.0","1.0","1.0","1.0","1.0","1.0","1.0","1.0","1.0","1.0","1.0","1.0","1.0","1.0","1.0","1.0","1.0","1.0","1.0","1.0","1.0","1.0","1.0","1.0","1.0","1.0","1.0","1.0","1.0","1.0","1.0","1.0","1.0","1.0","1.0","1.0","1.0","1.0","1.0","1.0","1.0","1.0","1.0","1.0","1.0","1.0","1.0","1.0","1.0","1.0","1.0","1.0","1.0","1.0","1.0","1.0","1.0","1.0","1.0","1.0","1.0","1.0","1.0","1.0","1.0","1.0","1.0","1.0","1.0","1.0","1.0","1.0","1.0","1.0","1.0","1.0","1.0","1.0","1.0","1.0","1.0","1.0","1.0","1.0","1.0","1.0","1.0","1.0","1.0","1.0","1.0","1.0","1.0","1.0","1.0","1.0","1.0","1.0","1.0","1.0","1.0","1.0","1.0","1.0","1.0","1.0","1.0","1.0","1.0","1.0","1.0","1.0","1.0","1.0","1.0","1.0","1.0","1.0","1.0","1.0","1.0","1.0","1.0","1.0","1.0","1.0","1.0","1.0","1.0","1.0","1.0","1.0","1.0","1.0","1.0","1.0","1.0","1.0","1.0","1.0","1.0","1.0","1.0","1.0","1.0","1.0","1.0","1.0","1.0","1.0","1.0","1.0","1.0","1.0","1.0","1.0","1.0","1.0","1.0","1.0","1.0","1.0","1.0","1.0","1.0","1.0","1.0","1.0","1.0","1.0","1.0","1.0","1.0","1.0","1.0","1.0","1.0","1.0","1.0","1.0","1.0","1.0","1.0","1.0","1.0","1.0","1.0","1.0","1.0","1.0","1.0","1.0","1.0","1.0","1.0","1.0","1.0","1.0","1.0","1.0","1.0","1.0","1.0","1.0","1.0","1.0","1.0","1.0","1.0","1.0","1.0","1.0","1.0","1.0","1.0","1.0","1.0","1.0","1.0","1.0","1.0","1.0","1.0","1.0","1.0","1.0","1.0","1.0","1.0","1.0","1.0","1.0","1.0","1.0","1.0","1.0","1.0","1.0","1.0","1.0","1.0","1.0","1.0","1.0","1.0","1.0","1.0","1.0","1.0","1.0","1.0","1.0","1.0","1.0","1.0","1.0","1.0","1.0","1.0","1.0","1.0","1.0","1.0","1.0","1.0","1.0","1.0","1.0","1.0","1.0","1.0","1.0","1.0","1.0","1.0","1.0","1.0","1.0","1.0","1.0","1.0","1.0","1.0","1.0","1.0","1.0","1.0","1.0","1.0","1.0","1.0","1.0","1.0","1.0","1.0","1.0","1.0","1.0","1.0","1.0","1.0","1.0","1.0","1.0","1.0","1.0","1.0","1.0","1.0","1.0","1.0","1.0","1.0","1.0","1.0","1.0","1.0","1.0","1.0","1.0","1.0","1.0","1.0","1.0","1.0","1.0","1.0","1.0","1.0","1.0","1.0","1.0","1.0","1.0","1.0","1.0","1.0","1.0","1.0","1.0","1.0","1.0","1.0","1.0","1.0","1.0","1.0","1.0","1.0","1.0","1.0","1.0","1.0","1.0","1.0","1.0","1.0","1.0","1.0","1.0","1.0","1.0","1.0","1.0","1.0","1.0","1.0","1.0","1.0","1.0","1.0","1.0","1.0","1.0","1.0","1.0","1.0","1.0","1.0","1.0","1.0","1.0","1.0","1.0","1.0","1.0","1.0","1.0","1.0","1.0","1.0","1.0","1.0","1.0","1.0","1.0","1.0","1.0","1.0","1.0","1.0","1.0","1.0","1.0","1.0","1.0","1.0","1.0","1.0","1.0","1.0","1.0","1.0","1.0","1.0","1.0","1.0","1.0","1.0","1.0","1.0","1.0","1.0","1.0","1.0","1.0","1.0","1.0","1.0","1.0","1.0","1.0","1.0","1.0","1.0","1.0","1.0","1.0","1.0","1.0","1.0","1.0","1.0","1.0","1.0","1.0","1.0","1.0","1.0","1.0","1.0","1.0","1.0","1.0","1.0","1.0","1.0","1.0","1.0","1.0","1.0","1.0","1.0","1.0","1.0","1.0","1.0","1.0","1.0","1.0","1.0","1.0","1.0","1.0","1.0","1.0","1.0","1.0","1.0","1.0","1.0","1.0","1.0","1.0","1.0","1.0","1.0","1.0","1.0","1.0","1.0","1.0","1.0","1.0","1.0","1.0","1.0","1.0","1.0","1.0","1.0","1.0","1.0","1.0","1.0","1.0","1.0","1.0","1.0","1.0","1.0","1.0","1.0","1.0","1.0","1.0","1.0","1.0","1.0","1.0","1.0","1.0","1.0","1.0","1.0","1.0","1.0","1.0","1.0","1.0","1.0","1.0","1.0","1.0","1.0","1.0","1.0","1.0","2","6"
"RandooPy-NoTypes","mimesis.providers.units","1590999131858539654","128","18391077638","1.0","128","2668","83","1763","0.7777777777777778","0.7777777777777778","0.7777777777777778","0.7777777777777778","0.7777777777777778","0.7777777777777778","0.7777777777777778","0.7777777777777778","0.8888888888888888","0.8888888888888888","0.8888888888888888","0.8888888888888888","0.8888888888888888","0.8888888888888888","0.8888888888888888","0.8888888888888888","0.8888888888888888","1.0","1.0","1.0","1.0","1.0","1.0","1.0","1.0","1.0","1.0","1.0","1.0","1.0","1.0","1.0","1.0","1.0","1.0","1.0","1.0","1.0","1.0","1.0","1.0","1.0","1.0","1.0","1.0","1.0","1.0","1.0","1.0","1.0","1.0","1.0","1.0","1.0","1.0","1.0","1.0","1.0","1.0","1.0","1.0","1.0","1.0","1.0","1.0","1.0","1.0","1.0","1.0","1.0","1.0","1.0","1.0","1.0","1.0","1.0","1.0","1.0","1.0","1.0","1.0","1.0","1.0","1.0","1.0","1.0","1.0","1.0","1.0","1.0","1.0","1.0","1.0","1.0","1.0","1.0","1.0","1.0","1.0","1.0","1.0","1.0","1.0","1.0","1.0","1.0","1.0","1.0","1.0","1.0","1.0","1.0","1.0","1.0","1.0","1.0","1.0","1.0","1.0","1.0","1.0","1.0","1.0","1.0","1.0","1.0","1.0","1.0","1.0","1.0","1.0","1.0","1.0","1.0","1.0","1.0","1.0","1.0","1.0","1.0","1.0","1.0","1.0","1.0","1.0","1.0","1.0","1.0","1.0","1.0","1.0","1.0","1.0","1.0","1.0","1.0","1.0","1.0","1.0","1.0","1.0","1.0","1.0","1.0","1.0","1.0","1.0","1.0","1.0","1.0","1.0","1.0","1.0","1.0","1.0","1.0","1.0","1.0","1.0","1.0","1.0","1.0","1.0","1.0","1.0","1.0","1.0","1.0","1.0","1.0","1.0","1.0","1.0","1.0","1.0","1.0","1.0","1.0","1.0","1.0","1.0","1.0","1.0","1.0","1.0","1.0","1.0","1.0","1.0","1.0","1.0","1.0","1.0","1.0","1.0","1.0","1.0","1.0","1.0","1.0","1.0","1.0","1.0","1.0","1.0","1.0","1.0","1.0","1.0","1.0","1.0","1.0","1.0","1.0","1.0","1.0","1.0","1.0","1.0","1.0","1.0","1.0","1.0","1.0","1.0","1.0","1.0","1.0","1.0","1.0","1.0","1.0","1.0","1.0","1.0","1.0","1.0","1.0","1.0","1.0","1.0","1.0","1.0","1.0","1.0","1.0","1.0","1.0","1.0","1.0","1.0","1.0","1.0","1.0","1.0","1.0","1.0","1.0","1.0","1.0","1.0","1.0","1.0","1.0","1.0","1.0","1.0","1.0","1.0","1.0","1.0","1.0","1.0","1.0","1.0","1.0","1.0","1.0","1.0","1.0","1.0","1.0","1.0","1.0","1.0","1.0","1.0","1.0","1.0","1.0","1.0","1.0","1.0","1.0","1.0","1.0","1.0","1.0","1.0","1.0","1.0","1.0","1.0","1.0","1.0","1.0","1.0","1.0","1.0","1.0","1.0","1.0","1.0","1.0","1.0","1.0","1.0","1.0","1.0","1.0","1.0","1.0","1.0","1.0","1.0","1.0","1.0","1.0","1.0","1.0","1.0","1.0","1.0","1.0","1.0","1.0","1.0","1.0","1.0","1.0","1.0","1.0","1.0","1.0","1.0","1.0","1.0","1.0","1.0","1.0","1.0","1.0","1.0","1.0","1.0","1.0","1.0","1.0","1.0","1.0","1.0","1.0","1.0","1.0","1.0","1.0","1.0","1.0","1.0","1.0","1.0","1.0","1.0","1.0","1.0","1.0","1.0","1.0","1.0","1.0","1.0","1.0","1.0","1.0","1.0","1.0","1.0","1.0","1.0","1.0","1.0","1.0","1.0","1.0","1.0","1.0","1.0","1.0","1.0","1.0","1.0","1.0","1.0","1.0","1.0","1.0","1.0","1.0","1.0","1.0","1.0","1.0","1.0","1.0","1.0","1.0","1.0","1.0","1.0","1.0","1.0","1.0","1.0","1.0","1.0","1.0","1.0","1.0","1.0","1.0","1.0","1.0","1.0","1.0","1.0","1.0","1.0","1.0","1.0","1.0","1.0","1.0","1.0","1.0","1.0","1.0","1.0","1.0","1.0","1.0","1.0","1.0","1.0","1.0","1.0","1.0","1.0","1.0","1.0","1.0","1.0","1.0","1.0","1.0","1.0","1.0","1.0","1.0","1.0","1.0","1.0","1.0","1.0","1.0","1.0","1.0","1.0","1.0","1.0","1.0","1.0","1.0","1.0","1.0","1.0","1.0","1.0","1.0","1.0","1.0","1.0","1.0","1.0","1.0","1.0","1.0","1.0","1.0","1.0","1.0","1.0","1.0","1.0","1.0","1.0","1.0","1.0","1.0","1.0","1.0","1.0","1.0","1.0","1.0","1.0","1.0","1.0","1.0","1.0","1.0","1.0","1.0","1.0","1.0","1.0","1.0","1.0","1.0","1.0","1.0","1.0","1.0","1.0","1.0","1.0","1.0","1.0","1.0","1.0","1.0","1.0","1.0","1.0","1.0","1.0","1.0","1.0","1.0","1.0","1.0","1.0","1.0","1.0","1.0","1.0","1.0","1.0","1.0","1.0","1.0","1.0","1.0","1.0","1.0","1.0","1.0","1.0","1.0","1.0","1.0","1.0","1.0","1.0","1.0","1.0","1.0","1.0","1.0","1.0","1.0","45","905"
"RandooPy-TypeHintsInference","mimesis.providers.clothing","1590998433267424983","9","352706416","1.0","9","64","0","0","1.0","1.0","1.0","1.0","1.0","1.0","1.0","1.0","1.0","1.0","1.0","1.0","1.0","1.0","1.0","1.0","1.0","1.0","1.0","1.0","1.0","1.0","1.0","1.0","1.0","1.0","1.0","1.0","1.0","1.0","1.0","1.0","1.0","1.0","1.0","1.0","1.0","1.0","1.0","1.0","1.0","1.0","1.0","1.0","1.0","1.0","1.0","1.0","1.0","1.0","1.0","1.0","1.0","1.0","1.0","1.0","1.0","1.0","1.0","1.0","1.0","1.0","1.0","1.0","1.0","1.0","1.0","1.0","1.0","1.0","1.0","1.0","1.0","1.0","1.0","1.0","1.0","1.0","1.0","1.0","1.0","1.0","1.0","1.0","1.0","1.0","1.0","1.0","1.0","1.0","1.0","1.0","1.0","1.0","1.0","1.0","1.0","1.0","1.0","1.0","1.0","1.0","1.0","1.0","1.0","1.0","1.0","1.0","1.0","1.0","1.0","1.0","1.0","1.0","1.0","1.0","1.0","1.0","1.0","1.0","1.0","1.0","1.0","1.0","1.0","1.0","1.0","1.0","1.0","1.0","1.0","1.0","1.0","1.0","1.0","1.0","1.0","1.0","1.0","1.0","1.0","1.0","1.0","1.0","1.0","1.0","1.0","1.0","1.0","1.0","1.0","1.0","1.0","1.0","1.0","1.0","1.0","1.0","1.0","1.0","1.0","1.0","1.0","1.0","1.0","1.0","1.0","1.0","1.0","1.0","1.0","1.0","1.0","1.0","1.0","1.0","1.0","1.0","1.0","1.0","1.0","1.0","1.0","1.0","1.0","1.0","1.0","1.0","1.0","1.0","1.0","1.0","1.0","1.0","1.0","1.0","1.0","1.0","1.0","1.0","1.0","1.0","1.0","1.0","1.0","1.0","1.0","1.0","1.0","1.0","1.0","1.0","1.0","1.0","1.0","1.0","1.0","1.0","1.0","1.0","1.0","1.0","1.0","1.0","1.0","1.0","1.0","1.0","1.0","1.0","1.0","1.0","1.0","1.0","1.0","1.0","1.0","1.0","1.0","1.0","1.0","1.0","1.0","1.0","1.0","1.0","1.0","1.0","1.0","1.0","1.0","1.0","1.0","1.0","1.0","1.0","1.0","1.0","1.0","1.0","1.0","1.0","1.0","1.0","1.0","1.0","1.0","1.0","1.0","1.0","1.0","1.0","1.0","1.0","1.0","1.0","1.0","1.0","1.0","1.0","1.0","1.0","1.0","1.0","1.0","1.0","1.0","1.0","1.0","1.0","1.0","1.0","1.0","1.0","1.0","1.0","1.0","1.0","1.0","1.0","1.0","1.0","1.0","1.0","1.0","1.0","1.0","1.0","1.0","1.0","1.0","1.0","1.0","1.0","1.0","1.0","1.0","1.0","1.0","1.0","1.0","1.0","1.0","1.0","1.0","1.0","1.0","1.0","1.0","1.0","1.0","1.0","1.0","1.0","1.0","1.0","1.0","1.0","1.0","1.0","1.0","1.0","1.0","1.0","1.0","1.0","1.0","1.0","1.0","1.0","1.0","1.0","1.0","1.0","1.0","1.0","1.0","1.0","1.0","1.0","1.0","1.0","1.0","1.0","1.0","1.0","1.0","1.0","1.0","1.0","1.0","1.0","1.0","1.0","1.0","1.0","1.0","1.0","1.0","1.0","1.0","1.0","1.0","1.0","1.0","1.0","1.0","1.0","1.0","1.0","1.0","1.0","1.0","1.0","1.0","1.0","1.0","1.0","1.0","1.0","1.0","1.0","1.0","1.0","1.0","1.0","1.0","1.0","1.0","1.0","1.0","1.0","1.0","1.0","1.0","1.0","1.0","1.0","1.0","1.0","1.0","1.0","1.0","1.0","1.0","1.0","1.0","1.0","1.0","1.0","1.0","1.0","1.0","1.0","1.0","1.0","1.0","1.0","1.0","1.0","1.0","1.0","1.0","1.0","1.0","1.0","1.0","1.0","1.0","1.0","1.0","1.0","1.0","1.0","1.0","1.0","1.0","1.0","1.0","1.0","1.0","1.0","1.0","1.0","1.0","1.0","1.0","1.0","1.0","1.0","1.0","1.0","1.0","1.0","1.0","1.0","1.0","1.0","1.0","1.0","1.0","1.0","1.0","1.0","1.0","1.0","1.0","1.0","1.0","1.0","1.0","1.0","1.0","1.0","1.0","1.0","1.0","1.0","1.0","1.0","1.0","1.0","1.0","1.0","1.0","1.0","1.0","1.0","1.0","1.0","1.0","1.0","1.0","1.0","1.0","1.0","1.0","1.0","1.0","1.0","1.0","1.0","1.0","1.0","1.0","1.0","1.0","1.0","1.0","1.0","1.0","1.0","1.0","1.0","1.0","1.0","1.0","1.0","1.0","1.0","1.0","1.0","1.0","1.0","1.0","1.0","1.0","1.0","1.0","1.0","1.0","1.0","1.0","1.0","1.0","1.0","1.0","1.0","1.0","1.0","1.0","1.0","1.0","1.0","1.0","1.0","1.0","1.0","1.0","1.0","1.0","1.0","1.0","1.0","1.0","1.0","1.0","1.0","1.0","1.0","1.0","1.0","1.0","1.0","1.0","1.0","1.0","1.0","1.0","1.0","1.0","1.0","1.0","1.0","1.0","1.0","1.0","1.0","1.0","1.0","9","64"
